   2.1800000e+02
   1.9883847e-02   5.4054054e-01   5.5405405e-01   1.6666667e-01
   3.0121075e-02   5.4054054e-01   5.5405405e-01   1.6666667e-01
   2.6872724e-02   5.4054054e-01   5.5405405e-01   1.6666667e-01
   1.3682449e-02   5.1801802e-01   5.3153153e-01   0.0000000e+00
   1.3977754e-02   4.9549550e-01   5.0900901e-01   0.0000000e+00
   2.3624372e-02   4.7297297e-01   4.8648649e-01   1.6666667e-01
   3.0908554e-02   4.7297297e-01   5.0000000e-01   1.6666667e-01
   3.9078649e-02   4.4594595e-01   4.8648649e-01   3.3333333e-01
   3.7897431e-02   4.3243243e-01   4.5945946e-01   1.6666667e-01
   9.2528792e-02   5.4054054e-02   4.5945946e-01   3.3333333e-01
   2.6488828e-01   5.4054054e-02   4.7297297e-01   5.0000000e-01
   6.4474850e-01   4.0540541e-02   6.7567568e-01   1.6666667e-01
   9.2095679e-01   2.7027027e-02   6.8918919e-01   1.6666667e-01
   1.0000000e+00   0.0000000e+00   7.0270270e-01   1.6666667e-01
   9.7755685e-01   0.0000000e+00   7.0270270e-01   1.6666667e-01
   9.2774879e-01   0.0000000e+00   7.1621622e-01   3.3333333e-01
   8.3807461e-01   0.0000000e+00   7.1621622e-01   5.0000000e-01
   7.5676740e-01   0.0000000e+00   7.1621622e-01   3.3333333e-01
   6.7270401e-01   0.0000000e+00   7.1621622e-01   3.3333333e-01
   5.8253765e-01   0.0000000e+00   7.1621622e-01   3.3333333e-01
   5.0063983e-01   0.0000000e+00   7.1621622e-01   3.3333333e-01
   4.1736391e-01   0.0000000e+00   6.6216216e-01   5.0000000e-01
   3.2148834e-01   0.0000000e+00   6.3513514e-01   5.0000000e-01
   2.8260656e-01   0.0000000e+00   5.9459459e-01   5.0000000e-01
   2.5228861e-01   0.0000000e+00   5.8108108e-01   5.0000000e-01
   2.6144306e-01   0.0000000e+00   5.8108108e-01   6.6666667e-01
   2.4087016e-01   1.3513514e-02   5.6756757e-01   5.0000000e-01
   2.3870460e-01   4.0540541e-02   5.6756757e-01   5.0000000e-01
   2.1724579e-01   9.4594595e-02   5.8108108e-01   3.3333333e-01
   2.0503987e-01   1.0810811e-01   6.0810811e-01   3.3333333e-01
   1.7531253e-01   5.1351351e-01   6.2162162e-01   1.6666667e-01
   1.5385373e-01   5.2702703e-01   6.2162162e-01   1.6666667e-01
   1.4765233e-01   5.2702703e-01   6.3513514e-01   1.6666667e-01
   1.3761197e-01   5.4054054e-01   6.4864865e-01   1.6666667e-01
   1.1959839e-01   5.5405405e-01   6.4864865e-01   1.6666667e-01
   9.9714539e-02   5.8108108e-01   6.6216216e-01   1.6666667e-01
   8.2980608e-02   6.0810811e-01   6.6216216e-01   1.6666667e-01
   7.1955901e-02   6.2162162e-01   6.7567568e-01   1.6666667e-01
   6.4179545e-02   6.3513514e-01   6.7567568e-01   1.6666667e-01
   5.4631361e-02   6.4864865e-01   6.7567568e-01   1.6666667e-01
   5.0989271e-02   6.4864865e-01   6.8918919e-01   1.6666667e-01
   4.6559701e-02   6.6216216e-01   6.8918919e-01   1.6666667e-01
   3.8094301e-02   6.6216216e-01   6.8918919e-01   1.6666667e-01
   3.9767694e-02   6.6216216e-01   6.8918919e-01   1.6666667e-01
   4.0555173e-02   6.6216216e-01   7.0270270e-01   1.6666667e-01
   4.3606654e-02   6.6216216e-01   7.0270270e-01   1.6666667e-01
   5.3154838e-02   6.6216216e-01   7.0270270e-01   1.6666667e-01
   1.1703908e-01   4.8648649e-01   7.0270270e-01   3.3333333e-01
   1.8328576e-01   4.8648649e-01   7.0270270e-01   3.3333333e-01
   2.3043607e-01   4.7297297e-01   7.0270270e-01   3.3333333e-01
   2.5248548e-01   4.7297297e-01   7.0270270e-01   3.3333333e-01
   2.8250812e-01   4.5945946e-01   7.0270270e-01   1.6666667e-01
   2.9264691e-01   4.5945946e-01   6.8918919e-01   1.6666667e-01
   2.8004725e-01   4.5945946e-01   6.8918919e-01   1.6666667e-01
   2.5583227e-01   4.5945946e-01   6.7567568e-01   3.3333333e-01
   2.3506251e-01   4.5945946e-01   6.7567568e-01   3.3333333e-01
   2.3092824e-01   4.5945946e-01   6.7567568e-01   3.3333333e-01
   2.6104932e-01   4.5945946e-01   6.7567568e-01   3.3333333e-01
   2.8910326e-01   4.7297297e-01   6.7567568e-01   1.6666667e-01
   2.8900482e-01   4.7297297e-01   6.7567568e-01   1.6666667e-01
   2.7227089e-01   4.8648649e-01   6.7567568e-01   1.6666667e-01
   2.4539817e-01   5.0000000e-01   6.7567568e-01   1.6666667e-01
   2.1537553e-01   5.1351351e-01   6.7567568e-01   1.6666667e-01
   1.8742002e-01   5.4054054e-01   6.7567568e-01   1.6666667e-01
   1.5729895e-01   5.5405405e-01   6.7567568e-01   1.6666667e-01
   1.3465892e-01   5.8108108e-01   6.7567568e-01   1.6666667e-01
   1.1526725e-01   5.9459459e-01   6.7567568e-01   1.6666667e-01
   1.0069889e-01   5.9459459e-01   6.7567568e-01   1.6666667e-01
   9.4989664e-02   5.9459459e-01   6.7567568e-01   1.6666667e-01
   9.2922532e-02   5.8108108e-01   6.6216216e-01   1.6666667e-01
   8.5244611e-02   5.6756757e-01   6.6216216e-01   1.6666667e-01
   8.3768087e-02   5.6756757e-01   6.4864865e-01   1.6666667e-01
   7.9043213e-02   5.5405405e-01   6.3513514e-01   1.6666667e-01
   8.0421301e-02   5.4054054e-01   6.2162162e-01   1.6666667e-01
   7.8255734e-02   5.2702703e-01   6.0810811e-01   1.6666667e-01
   9.0560094e-02   5.0000000e-01   5.9459459e-01   1.6666667e-01
   1.0571907e-01   4.8648649e-01   5.8108108e-01   1.6666667e-01
   1.1310168e-01   4.8648649e-01   5.8108108e-01   1.6666667e-01
   1.2166552e-01   4.7297297e-01   5.6756757e-01   1.6666667e-01
   1.2018899e-01   4.7297297e-01   5.6756757e-01   1.6666667e-01
   1.2845753e-01   4.7297297e-01   5.5405405e-01   1.6666667e-01
   1.3003248e-01   4.5945946e-01   5.4054054e-01   1.6666667e-01
   1.3485579e-01   4.5945946e-01   5.5405405e-01   1.6666667e-01
   1.4164780e-01   4.5945946e-01   5.5405405e-01   1.6666667e-01
   1.6113791e-01   4.7297297e-01   5.8108108e-01   1.6666667e-01
   1.8082488e-01   4.7297297e-01   6.0810811e-01   1.6666667e-01
   1.9086524e-01   4.8648649e-01   6.2162162e-01   1.6666667e-01
   1.7245792e-01   4.8648649e-01   6.2162162e-01   1.6666667e-01
   1.5011320e-01   5.1351351e-01   6.3513514e-01   1.6666667e-01
   1.2629196e-01   5.2702703e-01   6.3513514e-01   1.6666667e-01
   9.7647406e-02   5.6756757e-01   6.4864865e-01   1.6666667e-01
   7.3924599e-02   6.0810811e-01   6.4864865e-01   1.6666667e-01
   6.4376415e-02   6.2162162e-01   6.6216216e-01   1.6666667e-01
   6.1817108e-02   6.2162162e-01   6.6216216e-01   1.6666667e-01
   6.8707550e-02   6.2162162e-01   6.7567568e-01   1.6666667e-01
   7.0085638e-02   6.3513514e-01   6.7567568e-01   1.6666667e-01
   6.7723201e-02   6.3513514e-01   6.7567568e-01   1.6666667e-01
   7.1168422e-02   6.3513514e-01   6.7567568e-01   1.6666667e-01
   6.7920071e-02   6.3513514e-01   6.8918919e-01   1.6666667e-01
   6.0537454e-02   6.3513514e-01   6.8918919e-01   1.6666667e-01
   5.1284575e-02   6.4864865e-01   6.8918919e-01   1.6666667e-01
   4.6756571e-02   6.4864865e-01   6.8918919e-01   1.6666667e-01
   4.7937789e-02   6.3513514e-01   6.8918919e-01   1.6666667e-01
   6.3982675e-02   5.0000000e-01   6.8918919e-01   3.3333333e-01
   1.1536569e-01   4.8648649e-01   6.7567568e-01   3.3333333e-01
   1.7403288e-01   4.8648649e-01   6.7567568e-01   3.3333333e-01
   2.2295502e-01   4.7297297e-01   6.7567568e-01   3.3333333e-01
   2.8122847e-01   4.5945946e-01   6.7567568e-01   1.6666667e-01
   2.9874988e-01   4.4594595e-01   6.7567568e-01   1.6666667e-01
   2.8989074e-01   4.4594595e-01   6.7567568e-01   1.6666667e-01
   2.7502707e-01   4.4594595e-01   6.6216216e-01   1.6666667e-01
   2.5002461e-01   4.4594595e-01   6.6216216e-01   1.6666667e-01
   2.3466877e-01   4.3243243e-01   6.4864865e-01   3.3333333e-01
   2.3427503e-01   4.3243243e-01   6.4864865e-01   3.3333333e-01
   2.6459297e-01   4.4594595e-01   6.4864865e-01   1.6666667e-01
   2.8260656e-01   4.4594595e-01   6.4864865e-01   1.6666667e-01
   2.8132690e-01   4.5945946e-01   6.4864865e-01   1.6666667e-01
   2.5553696e-01   4.5945946e-01   6.4864865e-01   1.6666667e-01
   2.2098632e-01   4.8648649e-01   6.6216216e-01   1.6666667e-01
   1.8978246e-01   5.0000000e-01   6.6216216e-01   1.6666667e-01
   1.6035043e-01   5.1351351e-01   6.6216216e-01   1.6666667e-01
   1.3013092e-01   5.4054054e-01   6.6216216e-01   1.6666667e-01
   1.0945959e-01   6.0810811e-01   6.6216216e-01   1.6666667e-01
   9.6761492e-02   6.0810811e-01   6.6216216e-01   1.6666667e-01
   9.8238016e-02   5.9459459e-01   6.6216216e-01   1.6666667e-01
   9.7253667e-02   5.9459459e-01   6.6216216e-01   1.6666667e-01
   9.4005315e-02   5.9459459e-01   6.6216216e-01   1.6666667e-01
   8.9182006e-02   5.9459459e-01   6.6216216e-01   1.6666667e-01
   8.4850871e-02   5.9459459e-01   6.6216216e-01   1.6666667e-01
   8.2291564e-02   5.9459459e-01   6.6216216e-01   1.6666667e-01
   7.6877645e-02   5.9459459e-01   6.4864865e-01   1.6666667e-01
   6.3982675e-02   5.9459459e-01   6.4864865e-01   1.6666667e-01
   7.1955901e-02   5.9459459e-01   6.3513514e-01   1.6666667e-01
   1.5198346e-01   4.5945946e-01   6.3513514e-01   1.6666667e-01
   2.3732651e-01   4.5945946e-01   6.3513514e-01   1.6666667e-01
   2.8339403e-01   4.4594595e-01   6.3513514e-01   1.6666667e-01
   2.9166257e-01   4.4594595e-01   6.2162162e-01   1.6666667e-01
   2.9609214e-01   4.3243243e-01   6.2162162e-01   1.6666667e-01
   2.8487056e-01   4.3243243e-01   6.3513514e-01   1.6666667e-01
   2.7128654e-01   4.3243243e-01   6.3513514e-01   1.6666667e-01
   2.5031991e-01   4.3243243e-01   6.3513514e-01   1.6666667e-01
   2.2718772e-01   4.3243243e-01   6.4864865e-01   3.3333333e-01
   1.9096368e-01   4.3243243e-01   6.4864865e-01   3.3333333e-01
   1.7757653e-01   4.4594595e-01   6.4864865e-01   3.3333333e-01
   1.8751846e-01   4.4594595e-01   6.4864865e-01   3.3333333e-01
   2.4953243e-01   4.1891892e-01   6.4864865e-01   3.3333333e-01
   3.1105424e-01   4.1891892e-01   6.4864865e-01   1.6666667e-01
   3.4343931e-01   4.1891892e-01   6.4864865e-01   1.6666667e-01
   3.3733635e-01   4.1891892e-01   6.3513514e-01   1.6666667e-01
   3.2522886e-01   4.1891892e-01   6.3513514e-01   1.6666667e-01
   3.0957771e-01   4.1891892e-01   6.2162162e-01   1.6666667e-01
   2.9166257e-01   4.1891892e-01   6.0810811e-01   1.6666667e-01
   2.7079437e-01   4.3243243e-01   6.0810811e-01   1.6666667e-01
   2.4874496e-01   4.4594595e-01   6.0810811e-01   1.6666667e-01
   2.2748302e-01   4.5945946e-01   6.0810811e-01   1.6666667e-01
   1.9726351e-01   4.7297297e-01   6.2162162e-01   1.6666667e-01
   1.5542868e-01   5.0000000e-01   6.2162162e-01   1.6666667e-01
   1.2215769e-01   5.2702703e-01   6.2162162e-01   1.6666667e-01
   1.0729403e-01   5.6756757e-01   6.3513514e-01   1.6666667e-01
   8.7114874e-02   5.8108108e-01   6.3513514e-01   1.6666667e-01
   8.1110346e-02   5.8108108e-01   6.3513514e-01   1.6666667e-01
   8.7607048e-02   5.9459459e-01   6.4864865e-01   1.6666667e-01
   9.1446008e-02   5.9459459e-01   6.4864865e-01   1.6666667e-01
   9.4497490e-02   5.9459459e-01   6.4864865e-01   1.6666667e-01
   9.6170883e-02   5.9459459e-01   6.4864865e-01   1.6666667e-01
   1.0010828e-01   5.9459459e-01   6.4864865e-01   1.6666667e-01
   1.0020671e-01   5.8108108e-01   6.4864865e-01   1.6666667e-01
   1.0079732e-01   5.8108108e-01   6.4864865e-01   1.6666667e-01
   1.1615316e-01   2.7027027e-01   6.4864865e-01   3.3333333e-01
   2.0907570e-01   2.5675676e-01   6.4864865e-01   5.0000000e-01
   3.8881780e-01   2.1621622e-01   6.3513514e-01   3.3333333e-01
   6.0163402e-01   1.8918919e-01   8.5135135e-01   5.0000000e-01
   7.7960429e-01   1.7567568e-01   8.6486486e-01   3.3333333e-01
   9.2833940e-01   1.7567568e-01   8.7837838e-01   1.6666667e-01
   9.9212521e-01   1.7567568e-01   8.7837838e-01   1.6666667e-01
   9.9389704e-01   1.7567568e-01   8.9189189e-01   1.6666667e-01
   9.4920760e-01   1.7567568e-01   8.9189189e-01   3.3333333e-01
   8.9004823e-01   1.7567568e-01   9.0540541e-01   3.3333333e-01
   8.8719362e-01   1.7567568e-01   9.0540541e-01   3.3333333e-01
   9.2843784e-01   1.7567568e-01   9.0540541e-01   3.3333333e-01
   9.6692588e-01   1.8918919e-01   9.0540541e-01   1.6666667e-01
   9.2607540e-01   1.8918919e-01   9.0540541e-01   1.6666667e-01
   8.0411458e-01   2.0270270e-01   8.9189189e-01   3.3333333e-01
   6.3421597e-01   2.1621622e-01   7.8378378e-01   3.3333333e-01
   4.4984743e-01   2.2972973e-01   5.4054054e-01   1.6666667e-01
   3.1558224e-01   2.4324324e-01   5.2702703e-01   1.6666667e-01
   2.2600650e-01   2.8378378e-01   5.1351351e-01   1.6666667e-01
   1.4883355e-01   3.2432432e-01   4.7297297e-01   1.6666667e-01
   6.8805985e-02   3.7837838e-01   4.4594595e-01   1.6666667e-01
   1.0926272e-02   4.1891892e-01   4.7567568e-01   0.0000000e+00
   0.0000000e+00   4.5945946e-01   5.0540541e-01   0.0000000e+00
   8.8591397e-04   5.0000000e-01   5.3513514e-01   0.0000000e+00
   3.0514814e-03   5.4054054e-01   5.6486486e-01   0.0000000e+00
   2.1065065e-02   5.8108108e-01   5.9459459e-01   1.6666667e-01
   3.7897431e-02   5.6756757e-01   5.9459459e-01   1.6666667e-01
   5.3253273e-02   5.6756757e-01   6.0810811e-01   1.6666667e-01
   6.1324934e-02   5.6756757e-01   6.0810811e-01   1.6666667e-01
   6.8609115e-02   5.6756757e-01   6.0810811e-01   1.6666667e-01
   7.7763559e-02   5.6756757e-01   6.0810811e-01   1.6666667e-01
   7.8452604e-02   5.6756757e-01   6.0810811e-01   1.6666667e-01
   7.7271385e-02   5.6756757e-01   6.0810811e-01   1.6666667e-01
   7.5991731e-02   5.6756757e-01   6.0810811e-01   1.6666667e-01
   7.8747908e-02   5.6756757e-01   6.0810811e-01   1.6666667e-01
   7.5794862e-02   5.6756757e-01   6.0810811e-01   1.6666667e-01
   6.8215376e-02   5.5405405e-01   6.0810811e-01   1.6666667e-01
   6.4179545e-02   5.5405405e-01   6.0810811e-01   1.6666667e-01
   6.2506152e-02   5.5405405e-01   6.0810811e-01   1.6666667e-01
   6.0635889e-02   5.5405405e-01   5.9459459e-01   1.6666667e-01
   5.6304754e-02   5.5405405e-01   5.9459459e-01   1.6666667e-01
   4.9217443e-02   5.5405405e-01   5.9459459e-01   1.6666667e-01
   4.8331529e-02   5.6756757e-01   5.9459459e-01   1.6666667e-01
   4.8134659e-02   5.5405405e-01   5.9459459e-01   1.6666667e-01
   4.9512747e-02   5.5405405e-01   5.8108108e-01   1.6666667e-01
   4.8331529e-02   5.5405405e-01   5.8108108e-01   1.6666667e-01
   5.0595531e-02   5.5405405e-01   5.8108108e-01   1.6666667e-01
   5.4631361e-02   5.5405405e-01   5.8108108e-01   1.6666667e-01
   4.0555173e-02   5.6756757e-01   5.8108108e-01   1.6666667e-01
   2.2049414e-02   5.8108108e-01   5.8108108e-01   1.6666667e-01
