   3.0500000e+02
   3.0659234e-02   5.6000000e-01   5.6000000e-01   1.6666667e-01
   7.4527387e-02   5.6000000e-01   5.8666667e-01   1.6666667e-01
   1.1742608e-01   5.4666667e-01   6.1333333e-01   1.6666667e-01
   1.4020843e-01   5.4666667e-01   6.1333333e-01   1.6666667e-01
   1.4857004e-01   5.4666667e-01   6.2666667e-01   1.6666667e-01
   1.4420746e-01   5.4666667e-01   6.2666667e-01   1.6666667e-01
   1.4069317e-01   5.6000000e-01   6.4000000e-01   1.6666667e-01
   1.3657295e-01   5.6000000e-01   6.4000000e-01   1.6666667e-01
   1.9813379e-01   1.7333333e-01   6.5333333e-01   5.0000000e-01
   3.7251575e-01   1.0666667e-01   6.5333333e-01   5.0000000e-01
   5.2120698e-01   9.3333333e-02   6.5333333e-01   5.0000000e-01
   6.1754726e-01   9.3333333e-02   6.5333333e-01   5.0000000e-01
   6.9740669e-01   8.0000000e-02   6.6666667e-01   3.3333333e-01
   8.1131847e-01   4.0000000e-02   6.6666667e-01   3.3333333e-01
   9.5904023e-01   4.0000000e-02   6.6666667e-01   1.6666667e-01
   1.0000000e+00   4.0000000e-02   6.6666667e-01   1.6666667e-01
   9.3674261e-01   4.0000000e-02   6.6666667e-01   3.3333333e-01
   8.3204072e-01   4.0000000e-02   6.5333333e-01   3.3333333e-01
   7.2237033e-01   4.0000000e-02   6.5333333e-01   3.3333333e-01
   6.3051381e-01   2.8000000e-01   6.4000000e-01   1.6666667e-01
   5.4701890e-01   2.9333333e-01   6.4000000e-01   1.6666667e-01
   4.3286476e-01   3.6000000e-01   6.2666667e-01   1.6666667e-01
   3.1919535e-01   3.8666667e-01   6.1333333e-01   1.6666667e-01
   2.0831314e-01   4.1333333e-01   5.8666667e-01   1.6666667e-01
   1.2118274e-01   4.5333333e-01   5.4666667e-01   1.6666667e-01
   5.4047504e-02   3.1555556e-01   4.4888889e-01   0.0000000e+00
   2.5327193e-02   1.7777778e-01   3.5111111e-01   0.0000000e+00
   4.4474067e-02   4.0000000e-02   2.5333333e-01   3.3333333e-01
   6.3984489e-02   4.0000000e-02   2.4000000e-01   3.3333333e-01
   1.1463888e-01   4.0000000e-02   2.4000000e-01   3.3333333e-01
   1.6686864e-01   4.0000000e-02   2.2666667e-01   3.3333333e-01
   1.7850218e-01   4.0000000e-02   2.1333333e-01   1.6666667e-01
   1.6614154e-01   4.0000000e-02   2.0000000e-01   1.6666667e-01
   1.3972370e-01   5.3333333e-02   1.8666667e-01   1.6666667e-01
   9.3431895e-02   8.0000000e-02   1.6000000e-01   1.6666667e-01
   7.4648570e-02   5.4666667e-01   5.6000000e-01   1.6666667e-01
   1.4214736e-01   4.2666667e-01   5.7333333e-01   3.3333333e-01
   2.7653902e-01   4.1333333e-01   5.8666667e-01   1.6666667e-01
   3.8027145e-01   4.0000000e-01   6.0000000e-01   1.6666667e-01
   4.7721764e-01   3.4666667e-01   6.1333333e-01   1.6666667e-01
   5.5259331e-01   3.3333333e-01   6.2666667e-01   1.6666667e-01
   5.9222007e-01   3.3333333e-01   6.4000000e-01   1.6666667e-01
   5.9621910e-01   3.3333333e-01   6.4000000e-01   1.6666667e-01
   5.6931653e-01   3.3333333e-01   6.4000000e-01   1.6666667e-01
   5.1829859e-01   3.3333333e-01   6.5333333e-01   1.6666667e-01
   4.4365002e-01   3.3333333e-01   6.5333333e-01   1.6666667e-01
   3.5179350e-01   3.3333333e-01   6.5333333e-01   3.3333333e-01
   2.5096946e-01   3.4666667e-01   6.6666667e-01   3.3333333e-01
   1.7619971e-01   3.6000000e-01   6.6666667e-01   3.3333333e-01
   1.3111973e-01   4.0000000e-01   6.6666667e-01   3.3333333e-01
   1.1088221e-01   4.0000000e-01   6.6666667e-01   3.3333333e-01
   1.0761028e-01   4.1333333e-01   6.6666667e-01   3.3333333e-01
   1.0215705e-01   4.1333333e-01   6.8000000e-01   3.3333333e-01
   1.0058168e-01   4.0000000e-01   6.6666667e-01   3.3333333e-01
   1.0070286e-01   4.0000000e-01   6.6666667e-01   3.3333333e-01
   1.0397479e-01   4.0000000e-01   6.6666667e-01   3.3333333e-01
   1.0203587e-01   4.0000000e-01   6.6666667e-01   3.3333333e-01
   9.5492002e-02   4.0000000e-01   6.6666667e-01   3.3333333e-01
   9.1977702e-02   4.0000000e-01   6.5333333e-01   3.3333333e-01
   9.1977702e-02   4.0000000e-01   6.4000000e-01   3.3333333e-01
   8.8948134e-02   4.0000000e-01   6.4000000e-01   3.3333333e-01
   8.6524479e-02   4.0000000e-01   6.2666667e-01   3.3333333e-01
   9.7067378e-02   4.0000000e-01   6.2666667e-01   3.3333333e-01
   1.1451769e-01   4.0000000e-01   6.1333333e-01   3.3333333e-01
   1.2396995e-01   4.0000000e-01   6.1333333e-01   3.3333333e-01
   1.3717887e-01   4.0000000e-01   6.1333333e-01   3.3333333e-01
   1.5935531e-01   5.4666667e-01   6.2666667e-01   1.6666667e-01
   1.8856035e-01   5.4666667e-01   6.4000000e-01   1.6666667e-01
   2.1303926e-01   5.3333333e-01   6.4000000e-01   1.6666667e-01
   2.4297140e-01   5.2000000e-01   6.5333333e-01   1.6666667e-01
   2.6127000e-01   5.2000000e-01   6.5333333e-01   1.6666667e-01
   2.6987397e-01   5.2000000e-01   6.5333333e-01   1.6666667e-01
   2.5981580e-01   5.2000000e-01   6.6666667e-01   1.6666667e-01
   2.4503151e-01   5.0666667e-01   6.6666667e-01   1.6666667e-01
   2.2661173e-01   5.0666667e-01   6.6666667e-01   1.6666667e-01
   2.1291808e-01   5.0666667e-01   6.6666667e-01   3.3333333e-01
   1.9486185e-01   5.0666667e-01   6.8000000e-01   3.3333333e-01
   2.0298110e-01   5.0666667e-01   6.8000000e-01   3.3333333e-01
   2.4054775e-01   5.0666667e-01   6.8000000e-01   3.3333333e-01
   2.8708192e-01   5.2000000e-01   6.8000000e-01   1.6666667e-01
   3.0622879e-01   5.2000000e-01   6.8000000e-01   1.6666667e-01
   2.8756665e-01   5.3333333e-01   6.8000000e-01   1.6666667e-01
   2.3848764e-01   5.3333333e-01   6.8000000e-01   1.6666667e-01
   1.8334949e-01   5.3333333e-01   6.8000000e-01   1.6666667e-01
   1.4457101e-01   5.3333333e-01   6.8000000e-01   1.6666667e-01
   1.0239942e-01   5.3333333e-01   6.6666667e-01   3.3333333e-01
   5.5986428e-02   5.3333333e-01   5.6000000e-01   1.6666667e-01
   2.4842462e-02   5.3333333e-01   5.4666667e-01   1.6666667e-01
   2.4357731e-02   5.4666667e-01   5.4666667e-01   1.6666667e-01
   2.1449346e-02   5.4666667e-01   5.4666667e-01   1.6666667e-01
   2.6781386e-02   5.4666667e-01   5.6000000e-01   1.6666667e-01
   5.3683955e-02   5.3333333e-01   5.7333333e-01   1.6666667e-01
   9.4886088e-02   5.3333333e-01   5.8666667e-01   1.6666667e-01
   1.3851188e-01   5.3333333e-01   6.0000000e-01   1.6666667e-01
   1.6747455e-01   5.2000000e-01   6.1333333e-01   1.6666667e-01
   1.8177412e-01   5.2000000e-01   6.1333333e-01   1.6666667e-01
   1.8868153e-01   5.2000000e-01   6.2666667e-01   1.6666667e-01
   1.8007756e-01   5.2000000e-01   6.2666667e-01   1.6666667e-01
   1.6468735e-01   5.3333333e-01   6.4000000e-01   1.6666667e-01
   1.4396510e-01   5.3333333e-01   6.4000000e-01   1.6666667e-01
   1.2251575e-01   5.3333333e-01   6.5333333e-01   3.3333333e-01
   1.0349006e-01   5.2000000e-01   6.5333333e-01   3.3333333e-01
   9.3310713e-02   5.2000000e-01   6.5333333e-01   3.3333333e-01
   1.1391178e-01   5.2000000e-01   6.5333333e-01   3.3333333e-01
   1.3475521e-01   5.2000000e-01   6.6666667e-01   3.3333333e-01
   1.4226854e-01   5.2000000e-01   6.6666667e-01   3.3333333e-01
   1.4348037e-01   5.2000000e-01   6.6666667e-01   3.3333333e-01
   1.3427048e-01   5.3333333e-01   6.6666667e-01   3.3333333e-01
   1.1100339e-01   5.3333333e-01   6.6666667e-01   3.3333333e-01
   1.0021813e-01   5.4666667e-01   6.6666667e-01   3.3333333e-01
   8.3737276e-02   5.6000000e-01   6.6666667e-01   3.3333333e-01
   6.7377605e-02   5.7333333e-01   6.6666667e-01   3.3333333e-01
   5.2472128e-02   6.5333333e-01   6.6666667e-01   1.6666667e-01
   4.7503635e-02   6.4000000e-01   6.6666667e-01   1.6666667e-01
   5.1017935e-02   6.4000000e-01   6.6666667e-01   1.6666667e-01
   4.8957828e-02   6.4000000e-01   6.6666667e-01   1.6666667e-01
   4.4110519e-02   6.4000000e-01   6.6666667e-01   1.6666667e-01
   3.8778478e-02   6.4000000e-01   6.6666667e-01   1.6666667e-01
   3.1022782e-02   6.5333333e-01   6.6666667e-01   1.6666667e-01
   2.1206980e-02   6.4615385e-01   6.5846154e-01   0.0000000e+00
   8.2404266e-03   6.3897436e-01   6.5025641e-01   0.0000000e+00
   4.2413960e-03   6.3179487e-01   6.4205128e-01   0.0000000e+00
   9.6946195e-03   6.2461538e-01   6.3384615e-01   0.0000000e+00
   1.0542899e-02   6.1743590e-01   6.2564103e-01   0.0000000e+00
   9.9369850e-03   6.1025641e-01   6.1743590e-01   0.0000000e+00
   8.7251575e-03   6.0307692e-01   6.0923077e-01   0.0000000e+00
   8.3616093e-03   5.9589744e-01   6.0102564e-01   0.0000000e+00
   3.5142996e-03   5.8871795e-01   5.9282051e-01   0.0000000e+00
   0.0000000e+00   5.8153846e-01   5.8461538e-01   0.0000000e+00
   5.3320407e-03   5.7435897e-01   5.7641026e-01   0.0000000e+00
   2.0116335e-02   5.6717949e-01   5.6820513e-01   0.0000000e+00
   3.3809985e-02   5.6000000e-01   5.6000000e-01   1.6666667e-01
   4.8957828e-02   5.4666667e-01   5.7333333e-01   1.6666667e-01
   6.0712555e-02   5.3333333e-01   5.7333333e-01   1.6666667e-01
   1.0421716e-01   5.0666667e-01   5.7333333e-01   1.6666667e-01
   3.1434804e-01   2.4000000e-01   5.7333333e-01   3.3333333e-01
   5.5489578e-01   2.1333333e-01   5.6000000e-01   1.6666667e-01
   6.9316529e-01   1.2000000e-01   5.7333333e-01   3.3333333e-01
   7.7144935e-01   1.0666667e-01   6.0000000e-01   3.3333333e-01
   8.6512361e-01   1.0666667e-01   6.4000000e-01   3.3333333e-01
   9.2001939e-01   9.3333333e-02   6.5333333e-01   3.3333333e-01
   9.2111003e-01   9.3333333e-02   6.5333333e-01   1.6666667e-01
   9.0911294e-01   9.3333333e-02   6.6666667e-01   1.6666667e-01
   9.0099370e-01   1.0666667e-01   6.6666667e-01   1.6666667e-01
   8.8499758e-01   1.0666667e-01   6.8000000e-01   3.3333333e-01
   8.2755696e-01   1.2000000e-01   6.8000000e-01   3.3333333e-01
   7.1849249e-01   1.2000000e-01   6.8000000e-01   3.3333333e-01
   6.0542899e-01   1.3333333e-01   6.8000000e-01   6.6666667e-01
   5.0048473e-01   1.6000000e-01   6.8000000e-01   5.0000000e-01
   3.9117790e-01   1.7333333e-01   6.8000000e-01   5.0000000e-01
   3.1374212e-01   4.5333333e-01   6.1333333e-01   3.3333333e-01
   2.2600582e-01   4.5333333e-01   6.0000000e-01   1.6666667e-01
   2.2200679e-01   4.5333333e-01   6.0000000e-01   1.6666667e-01
   2.2782356e-01   4.5333333e-01   6.0000000e-01   1.6666667e-01
   2.4757635e-01   4.4000000e-01   6.0000000e-01   1.6666667e-01
   2.6951042e-01   4.4000000e-01   6.0000000e-01   1.6666667e-01
   2.7084343e-01   4.5333333e-01   6.0000000e-01   1.6666667e-01
   2.4987882e-01   4.5333333e-01   6.1333333e-01   1.6666667e-01
   2.2794474e-01   4.6666667e-01   6.1333333e-01   1.6666667e-01
   2.1013088e-01   4.8000000e-01   6.2666667e-01   1.6666667e-01
   1.8589433e-01   4.9333333e-01   6.2666667e-01   1.6666667e-01
   1.5996122e-01   5.6000000e-01   6.2666667e-01   1.6666667e-01
   1.3002908e-01   5.7333333e-01   6.4000000e-01   1.6666667e-01
   1.0967038e-01   5.8666667e-01   6.4000000e-01   1.6666667e-01
   9.1492971e-02   6.0000000e-01   6.5333333e-01   1.6666667e-01
   6.8347067e-02   6.1333333e-01   6.5333333e-01   1.6666667e-01
   5.2472128e-02   6.2666667e-01   6.5333333e-01   1.6666667e-01
   3.9142026e-02   6.4000000e-01   6.5333333e-01   1.6666667e-01
   3.3325254e-02   6.4000000e-01   6.6666667e-01   1.6666667e-01
   2.6417838e-02   6.5333333e-01   6.6666667e-01   1.6666667e-01
   2.2539990e-02   6.5333333e-01   6.6666667e-01   1.6666667e-01
   2.6417838e-02   6.5333333e-01   6.6666667e-01   1.6666667e-01
   2.5206011e-02   6.5333333e-01   6.6666667e-01   1.6666667e-01
   4.7624818e-02   1.8666667e-01   6.6666667e-01   3.3333333e-01
   9.1008240e-02   1.8666667e-01   6.6666667e-01   3.3333333e-01
   1.2978672e-01   1.8666667e-01   2.4000000e-01   1.6666667e-01
   1.5305381e-01   1.8666667e-01   2.5333333e-01   1.6666667e-01
   1.6250606e-01   1.8666667e-01   2.5333333e-01   1.6666667e-01
   1.7329132e-01   1.8666667e-01   2.6666667e-01   1.6666667e-01
   2.2261270e-01   1.8666667e-01   6.0000000e-01   3.3333333e-01
   2.5787688e-01   2.0000000e-01   6.1333333e-01   3.3333333e-01
   2.7896268e-01   2.0000000e-01   6.1333333e-01   3.3333333e-01
   2.6660204e-01   2.1333333e-01   6.2666667e-01   3.3333333e-01
   2.4624333e-01   2.2666667e-01   6.2666667e-01   3.3333333e-01
   2.1849249e-01   2.4000000e-01   6.2666667e-01   3.3333333e-01
   1.8468250e-01   5.3333333e-01   6.4000000e-01   1.6666667e-01
   1.5220553e-01   5.3333333e-01   6.4000000e-01   1.6666667e-01
   1.2057683e-01   5.4666667e-01   6.4000000e-01   1.6666667e-01
   8.7493941e-02   5.8666667e-01   6.5333333e-01   1.6666667e-01
   5.7077072e-02   6.2666667e-01   6.5333333e-01   1.6666667e-01
   3.3809985e-02   6.4000000e-01   6.5333333e-01   1.6666667e-01
   3.0416869e-02   6.4000000e-01   6.5333333e-01   1.6666667e-01
   2.4600097e-02   6.5333333e-01   6.6666667e-01   1.6666667e-01
   2.3024721e-02   6.5333333e-01   6.6666667e-01   1.6666667e-01
   2.2297625e-02   6.5333333e-01   6.5333333e-01   1.6666667e-01
   2.0722249e-02   6.5333333e-01   6.5333333e-01   1.6666667e-01
   1.8056229e-02   6.5333333e-01   6.5333333e-01   1.6666667e-01
   1.4057198e-02   6.3333333e-01   6.4222222e-01   0.0000000e+00
   3.6354823e-03   6.1333333e-01   6.3111111e-01   0.0000000e+00
   0.0000000e+00   5.9333333e-01   6.2000000e-01   0.0000000e+00
   6.4226854e-03   5.7333333e-01   6.0888889e-01   0.0000000e+00
   2.8841493e-02   5.5333333e-01   5.9777778e-01   0.0000000e+00
   4.4716432e-02   5.3333333e-01   5.8666667e-01   1.6666667e-01
   5.7561803e-02   5.3333333e-01   5.7333333e-01   1.6666667e-01
   5.6592341e-02   5.3333333e-01   5.7333333e-01   1.6666667e-01
   5.5501697e-02   5.2000000e-01   5.6000000e-01   1.6666667e-01
   4.8836646e-02   5.2000000e-01   5.6000000e-01   1.6666667e-01
   4.7503635e-02   5.2000000e-01   5.4666667e-01   1.6666667e-01
   5.0775570e-02   5.2000000e-01   5.4666667e-01   1.6666667e-01
   9.2098885e-02   5.2000000e-01   5.6000000e-01   1.6666667e-01
   1.8116820e-01   5.2000000e-01   6.5333333e-01   1.6666667e-01
   2.5448376e-01   5.2000000e-01   6.5333333e-01   1.6666667e-01
   2.8065923e-01   5.2000000e-01   6.6666667e-01   1.6666667e-01
   2.7750848e-01   5.2000000e-01   6.6666667e-01   1.6666667e-01
   2.7241881e-01   5.3333333e-01   6.8000000e-01   1.6666667e-01
   2.5702860e-01   5.4666667e-01   6.8000000e-01   1.6666667e-01
   2.3654872e-01   5.4666667e-01   6.8000000e-01   1.6666667e-01
   2.2212797e-01   5.6000000e-01   6.8000000e-01   1.6666667e-01
   2.1073679e-01   5.6000000e-01   6.8000000e-01   1.6666667e-01
   2.0055744e-01   5.6000000e-01   6.8000000e-01   1.6666667e-01
   1.8250121e-01   5.6000000e-01   6.6666667e-01   1.6666667e-01
   1.5450800e-01   5.6000000e-01   6.6666667e-01   1.6666667e-01
   1.2457586e-01   5.6000000e-01   6.5333333e-01   1.6666667e-01
   1.0033931e-01   5.4666667e-01   6.4000000e-01   1.6666667e-01
   9.3674261e-02   5.3333333e-01   6.1333333e-01   1.6666667e-01
   1.0167232e-01   5.2000000e-01   6.0000000e-01   1.6666667e-01
   1.2033446e-01   5.0666667e-01   5.7333333e-01   1.6666667e-01
   1.2905962e-01   5.0666667e-01   5.7333333e-01   1.6666667e-01
   1.4675230e-01   5.0666667e-01   5.8666667e-01   1.6666667e-01
   1.6347552e-01   5.0666667e-01   5.8666667e-01   1.6666667e-01
   1.6989821e-01   5.0666667e-01   6.0000000e-01   1.6666667e-01
   1.6904993e-01   5.2000000e-01   6.1333333e-01   1.6666667e-01
   1.5050897e-01   5.2000000e-01   6.1333333e-01   1.6666667e-01
   1.2603005e-01   5.3333333e-01   6.1333333e-01   1.6666667e-01
   1.0106641e-01   5.4666667e-01   6.2666667e-01   1.6666667e-01
   7.4285022e-02   5.8666667e-01   6.2666667e-01   1.6666667e-01
   5.2835676e-02   6.0000000e-01   6.2666667e-01   1.6666667e-01
   4.5807077e-02   6.1333333e-01   6.2666667e-01   1.6666667e-01
   4.5564712e-02   6.1333333e-01   6.4000000e-01   1.6666667e-01
   4.3383422e-02   6.1333333e-01   6.4000000e-01   1.6666667e-01
   3.7687833e-02   6.1333333e-01   6.4000000e-01   1.6666667e-01
   4.0838585e-02   6.1333333e-01   6.4000000e-01   1.6666667e-01
   3.8051381e-02   6.1333333e-01   6.4000000e-01   1.6666667e-01
   3.9142026e-02   6.1333333e-01   6.4000000e-01   1.6666667e-01
   3.9505574e-02   6.1333333e-01   6.2666667e-01   1.6666667e-01
   4.5443529e-02   6.0000000e-01   6.2666667e-01   1.6666667e-01
   4.6412991e-02   6.0000000e-01   6.4000000e-01   1.6666667e-01
   4.5079981e-02   6.0000000e-01   6.4000000e-01   1.6666667e-01
   5.4168686e-02   6.0000000e-01   6.4000000e-01   1.6666667e-01
   1.0603490e-01   5.6000000e-01   8.8000000e-01   3.3333333e-01
   2.0419292e-01   5.3333333e-01   9.7333333e-01   5.0000000e-01
   2.8902084e-01   5.2000000e-01   9.8666667e-01   5.0000000e-01
   3.5070286e-01   5.0666667e-01   9.8666667e-01   5.0000000e-01
   4.0099370e-01   5.0666667e-01   9.8666667e-01   5.0000000e-01
   4.4631604e-01   5.0666667e-01   9.8666667e-01   5.0000000e-01
   4.8230732e-01   5.0666667e-01   1.0000000e+00   5.0000000e-01
   4.9793989e-01   4.9333333e-01   1.0000000e+00   5.0000000e-01
   5.0836161e-01   4.9333333e-01   1.0000000e+00   5.0000000e-01
   5.3587009e-01   4.9333333e-01   1.0000000e+00   5.0000000e-01
   5.6047019e-01   4.9333333e-01   1.0000000e+00   3.3333333e-01
   6.1572952e-01   5.0666667e-01   9.8666667e-01   5.0000000e-01
   6.6383907e-01   5.0666667e-01   9.8666667e-01   5.0000000e-01
   7.1049443e-01   5.0666667e-01   9.8666667e-01   3.3333333e-01
   7.7253999e-01   5.2000000e-01   9.8666667e-01   1.6666667e-01
   8.0768299e-01   5.2000000e-01   9.7333333e-01   1.6666667e-01
   7.8417353e-01   5.2000000e-01   9.6000000e-01   1.6666667e-01
   7.3630635e-01   5.3333333e-01   9.3333333e-01   1.6666667e-01
   6.8540960e-01   5.3333333e-01   9.2000000e-01   1.6666667e-01
   6.2712070e-01   5.3333333e-01   8.8000000e-01   1.6666667e-01
   5.4277751e-01   5.4666667e-01   8.6666667e-01   1.6666667e-01
   4.3965099e-01   5.4666667e-01   8.5333333e-01   1.6666667e-01
   3.5046049e-01   5.7333333e-01   8.4000000e-01   1.6666667e-01
   2.5593795e-01   6.2666667e-01   8.1333333e-01   1.6666667e-01
   1.6747455e-01   6.8000000e-01   7.7333333e-01   1.6666667e-01
   1.0385361e-01   6.9333333e-01   7.6000000e-01   1.6666667e-01
   7.8889966e-02   7.0666667e-01   7.6000000e-01   1.6666667e-01
   6.4711585e-02   7.0666667e-01   7.4666667e-01   1.6666667e-01
   6.4469220e-02   6.9333333e-01   7.3333333e-01   1.6666667e-01
   7.7435773e-02   6.6666667e-01   7.2000000e-01   1.6666667e-01
   1.0821619e-01   6.5333333e-01   7.2000000e-01   1.6666667e-01
   1.4638875e-01   6.1333333e-01   7.2000000e-01   1.6666667e-01
   2.3254968e-01   4.8000000e-01   7.0666667e-01   3.3333333e-01
   3.5579254e-01   4.8000000e-01   7.0666667e-01   1.6666667e-01
   4.1529326e-01   4.6666667e-01   7.0666667e-01   1.6666667e-01
   4.1032477e-01   4.6666667e-01   6.9333333e-01   1.6666667e-01
   3.9444983e-01   4.6666667e-01   6.8000000e-01   1.6666667e-01
   3.7978672e-01   4.6666667e-01   6.6666667e-01   1.6666667e-01
   3.5591372e-01   4.6666667e-01   6.5333333e-01   1.6666667e-01
   3.4803684e-01   4.8000000e-01   6.5333333e-01   1.6666667e-01
   4.1735337e-01   4.8000000e-01   7.6000000e-01   3.3333333e-01
   5.2532719e-01   4.8000000e-01   7.8666667e-01   1.6666667e-01
   5.8082889e-01   4.9333333e-01   8.1333333e-01   1.6666667e-01
   5.5986428e-01   5.0666667e-01   8.1333333e-01   1.6666667e-01
   5.2726612e-01   5.2000000e-01   8.2666667e-01   1.6666667e-01
   4.9309258e-01   5.8666667e-01   8.2666667e-01   1.6666667e-01
   4.5516238e-01   6.0000000e-01   8.2666667e-01   1.6666667e-01
   4.3322831e-01   6.1333333e-01   8.2666667e-01   1.6666667e-01
   3.9784295e-01   6.2666667e-01   8.4000000e-01   1.6666667e-01
   3.5506544e-01   6.2666667e-01   8.2666667e-01   1.6666667e-01
   3.0513815e-01   6.4000000e-01   8.2666667e-01   1.6666667e-01
   2.4018420e-01   6.5333333e-01   8.0000000e-01   1.6666667e-01
   1.7001939e-01   6.6666667e-01   7.6000000e-01   1.6666667e-01
   1.0736791e-01   6.8000000e-01   7.4666667e-01   1.6666667e-01
   6.2409113e-02   7.0666667e-01   7.3333333e-01   1.6666667e-01
   3.4173534e-02   7.0666667e-01   7.3333333e-01   0.0000000e+00
