   9.2000000e+01
   3.2238590e-02   5.3846154e-01   5.3846154e-01   1.6666667e-01
   7.9811640e-02   5.0769231e-01   5.6923077e-01   1.6666667e-01
   1.2871287e-01   4.9230769e-01   5.8461538e-01   1.6666667e-01
   1.6203816e-01   4.9230769e-01   5.8461538e-01   1.6666667e-01
   1.7990823e-01   4.9230769e-01   6.0000000e-01   1.6666667e-01
   1.9125815e-01   4.9230769e-01   6.1538462e-01   1.6666667e-01
   1.9536344e-01   4.7692308e-01   6.3076923e-01   1.6666667e-01
   1.9029220e-01   4.7692308e-01   6.3076923e-01   1.6666667e-01
   1.8051195e-01   4.7692308e-01   6.4615385e-01   1.6666667e-01
   1.6445303e-01   4.9230769e-01   6.4615385e-01   3.3333333e-01
   1.3861386e-01   4.9230769e-01   6.4615385e-01   3.3333333e-01
   1.2883362e-01   4.9230769e-01   6.4615385e-01   3.3333333e-01
   1.2231345e-01   5.0769231e-01   6.6153846e-01   3.3333333e-01
   1.1410287e-01   5.0769231e-01   6.6153846e-01   3.3333333e-01
   1.2666023e-01   5.0769231e-01   6.6153846e-01   3.3333333e-01
   1.3535378e-01   5.2307692e-01   6.7692308e-01   3.3333333e-01
   1.6227964e-01   5.2307692e-01   6.7692308e-01   3.3333333e-01
   1.9898575e-01   5.3846154e-01   6.9230769e-01   3.3333333e-01
   2.2627385e-01   5.3846154e-01   6.9230769e-01   1.6666667e-01
   2.5501087e-01   5.5384615e-01   7.0769231e-01   1.6666667e-01
   2.6442888e-01   5.5384615e-01   7.0769231e-01   1.6666667e-01
   2.6780971e-01   5.6923077e-01   7.2307692e-01   1.6666667e-01
   2.6624004e-01   5.6923077e-01   7.2307692e-01   1.6666667e-01
   2.6491186e-01   5.8461538e-01   7.3846154e-01   1.6666667e-01
   2.8217822e-01   5.8461538e-01   7.3846154e-01   1.6666667e-01
   3.4834581e-01   1.5384615e-01   7.3846154e-01   5.0000000e-01
   4.1004588e-01   1.3846154e-01   7.3846154e-01   3.3333333e-01
   4.4349191e-01   1.2307692e-01   7.5384615e-01   3.3333333e-01
   4.4542381e-01   1.0769231e-01   7.5384615e-01   5.0000000e-01
   4.2900266e-01   9.2307692e-02   7.5384615e-01   5.0000000e-01
   4.1173630e-01   7.6923077e-02   7.5384615e-01   3.3333333e-01
   4.0654431e-01   4.6153846e-02   7.3846154e-01   3.3333333e-01
   3.9640184e-01   1.5384615e-02   7.2307692e-01   3.3333333e-01
   4.0099010e-01   3.0769231e-02   7.0769231e-01   5.0000000e-01
   4.4820092e-01   2.7692308e-01   7.0769231e-01   3.3333333e-01
   5.2801256e-01   2.4615385e-01   6.9230769e-01   3.3333333e-01
   6.3523304e-01   2.3076923e-01   6.9230769e-01   3.3333333e-01
   7.6080657e-01   2.0000000e-01   6.7692308e-01   1.6666667e-01
   9.0086936e-01   6.1538462e-02   6.6153846e-01   1.6666667e-01
   9.8031876e-01   1.5384615e-02   6.4615385e-01   1.6666667e-01
   1.0000000e+00   0.0000000e+00   6.4615385e-01   1.6666667e-01
   9.4711422e-01   0.0000000e+00   6.3076923e-01   1.6666667e-01
   8.5522821e-01   0.0000000e+00   6.3076923e-01   1.6666667e-01
   7.2506641e-01   0.0000000e+00   6.0000000e-01   1.6666667e-01
   5.6628834e-01   0.0000000e+00   5.3846154e-01   1.6666667e-01
   4.0207679e-01   0.0000000e+00   5.0769231e-01   1.6666667e-01
   2.2989616e-01   2.0000000e-01   4.3076923e-01   1.6666667e-01
   8.9833374e-02   2.0839161e-01   4.3310023e-01   0.0000000e+00
   1.4851485e-02   2.1678322e-01   4.3543124e-01   0.0000000e+00
   0.0000000e+00   2.2517483e-01   4.3776224e-01   0.0000000e+00
   1.8111567e-03   2.3356643e-01   4.4009324e-01   0.0000000e+00
   1.8111567e-03   2.4195804e-01   4.4242424e-01   0.0000000e+00
   1.8111567e-03   2.5034965e-01   4.4475524e-01   0.0000000e+00
   2.2941319e-03   2.5874126e-01   4.4708625e-01   0.0000000e+00
   2.7771070e-03   2.6713287e-01   4.4941725e-01   0.0000000e+00
   3.2600821e-03   2.7552448e-01   4.5174825e-01   0.0000000e+00
   3.8638010e-03   2.8391608e-01   4.5407925e-01   0.0000000e+00
   4.3467761e-03   2.9230769e-01   4.5641026e-01   0.0000000e+00
   4.8297513e-03   3.0069930e-01   4.5874126e-01   0.0000000e+00
   5.3127264e-03   3.0909091e-01   4.6107226e-01   0.0000000e+00
   5.9164453e-03   3.1748252e-01   4.6340326e-01   0.0000000e+00
   6.3994204e-03   3.2587413e-01   4.6573427e-01   0.0000000e+00
   6.8823956e-03   3.3426573e-01   4.6806527e-01   0.0000000e+00
   7.3653707e-03   3.4265734e-01   4.7039627e-01   0.0000000e+00
   7.9690896e-03   3.5104895e-01   4.7272727e-01   0.0000000e+00
   8.4520647e-03   3.5944056e-01   4.7505828e-01   0.0000000e+00
   8.9350398e-03   3.6783217e-01   4.7738928e-01   0.0000000e+00
   9.4180150e-03   3.7622378e-01   4.7972028e-01   0.0000000e+00
   1.0021734e-02   3.8461538e-01   4.8205128e-01   0.0000000e+00
   1.0504709e-02   3.9300699e-01   4.8438228e-01   0.0000000e+00
   1.0987684e-02   4.0139860e-01   4.8671329e-01   0.0000000e+00
   1.1470659e-02   4.0979021e-01   4.8904429e-01   0.0000000e+00
   1.1953634e-02   4.1818182e-01   4.9137529e-01   0.0000000e+00
   1.2557353e-02   4.2657343e-01   4.9370629e-01   0.0000000e+00
   1.3040328e-02   4.3496503e-01   4.9603730e-01   0.0000000e+00
   1.3523304e-02   4.4335664e-01   4.9836830e-01   0.0000000e+00
   1.4006279e-02   4.5174825e-01   5.0069930e-01   0.0000000e+00
   1.3885535e-02   4.6013986e-01   5.0303030e-01   0.0000000e+00
   1.9922724e-02   4.6853147e-01   5.0536131e-01   0.0000000e+00
   5.7836271e-02   4.7692308e-01   5.0769231e-01   1.6666667e-01
   1.1011833e-01   4.6153846e-01   5.3846154e-01   1.6666667e-01
   1.3776865e-01   4.7692308e-01   5.5384615e-01   1.6666667e-01
   1.3366337e-01   4.9230769e-01   5.6923077e-01   1.6666667e-01
   1.1965709e-01   5.0769231e-01   5.8461538e-01   1.6666667e-01
   1.0323593e-01   5.2307692e-01   5.8461538e-01   1.6666667e-01
   9.2610481e-02   5.3846154e-01   6.0000000e-01   1.6666667e-01
   7.6430814e-02   5.5384615e-01   6.0000000e-01   1.6666667e-01
   6.5201642e-02   5.6923077e-01   6.1538462e-01   1.6666667e-01
   5.3730983e-02   5.8461538e-01   6.1538462e-01   1.6666667e-01
   4.7573050e-02   6.0000000e-01   6.1538462e-01   1.6666667e-01
   3.8758754e-02   6.1538462e-01   6.3076923e-01   1.6666667e-01
   3.0427433e-02   6.3076923e-01   6.3076923e-01   1.6666667e-01
