   1.1700000e+02
   1.5984655e-04   2.8571429e-01   2.8571429e-01   0.0000000e+00
   7.6726343e-03   2.8571429e-01   2.8571429e-01   1.6666667e-01
   2.5095908e-02   2.8571429e-01   3.0357143e-01   1.6666667e-01
   1.0421995e-01   2.6785714e-01   3.0357143e-01   1.6666667e-01
   3.0067136e-01   2.5000000e-01   5.8928571e-01   3.3333333e-01
   5.4012148e-01   2.3214286e-01   5.8928571e-01   1.6666667e-01
   6.8398338e-01   2.1428571e-01   6.0714286e-01   1.6666667e-01
   7.4248721e-01   1.9642857e-01   6.2500000e-01   1.6666667e-01
   7.7109974e-01   1.7857143e-01   6.2500000e-01   1.6666667e-01
   7.4120844e-01   1.7857143e-01   6.2500000e-01   1.6666667e-01
   6.5345269e-01   1.7857143e-01   6.4285714e-01   1.6666667e-01
   5.6186061e-01   1.7857143e-01   6.4285714e-01   1.6666667e-01
   4.5859974e-01   1.7857143e-01   6.4285714e-01   1.6666667e-01
   3.3727621e-01   2.1428571e-01   6.4285714e-01   5.0000000e-01
   2.4584399e-01   2.6785714e-01   6.4285714e-01   3.3333333e-01
   1.7902813e-01   2.8571429e-01   6.4285714e-01   3.3333333e-01
   1.3682864e-01   5.7142857e-01   6.4285714e-01   1.6666667e-01
   1.2931586e-01   5.7142857e-01   6.4285714e-01   1.6666667e-01
   1.2100384e-01   5.7142857e-01   6.4285714e-01   1.6666667e-01
   1.0533887e-01   5.7142857e-01   6.4285714e-01   1.6666667e-01
   9.2710997e-02   5.7142857e-01   6.4285714e-01   1.6666667e-01
   9.3829923e-02   5.7142857e-01   6.4285714e-01   1.6666667e-01
   9.2071611e-02   5.5357143e-01   6.2500000e-01   1.6666667e-01
   8.5677749e-02   5.5357143e-01   6.2500000e-01   1.6666667e-01
   7.8964194e-02   2.6785714e-01   6.0714286e-01   3.3333333e-01
   7.6726343e-02   2.6785714e-01   5.8928571e-01   3.3333333e-01
   6.8414322e-02   2.6785714e-01   5.8928571e-01   3.3333333e-01
   5.7065217e-02   2.6785714e-01   5.7142857e-01   3.3333333e-01
   3.8363171e-02   5.5357143e-01   5.5357143e-01   1.6666667e-01
   2.6694373e-02   2.6785714e-01   2.6785714e-01   1.6666667e-01
   1.3586957e-02   2.6785714e-01   2.6785714e-01   1.6666667e-01
   8.4718670e-03   2.9166667e-01   3.0059524e-01   0.0000000e+00
   0.0000000e+00   3.1547619e-01   3.3333333e-01   0.0000000e+00
   4.7953964e-04   3.3928571e-01   3.6607143e-01   0.0000000e+00
   1.5025575e-02   3.6309524e-01   3.9880952e-01   0.0000000e+00
   2.8932225e-02   3.8690476e-01   4.3154762e-01   0.0000000e+00
   5.2429668e-02   4.1071429e-01   4.6428571e-01   1.6666667e-01
   8.9833760e-02   3.5714286e-01   4.4642857e-01   1.6666667e-01
   1.7167519e-01   2.5000000e-01   4.4642857e-01   3.3333333e-01
   3.3136189e-01   1.9642857e-01   4.4642857e-01   1.6666667e-01
   5.5067136e-01   5.3571429e-02   4.6428571e-01   1.6666667e-01
   7.2858056e-01   3.5714286e-02   5.0000000e-01   1.6666667e-01
   8.4478900e-01   1.7857143e-02   5.3571429e-01   1.6666667e-01
   9.3957801e-01   0.0000000e+00   6.4285714e-01   1.6666667e-01
   1.0000000e+00   0.0000000e+00   6.4285714e-01   1.6666667e-01
   9.9568414e-01   0.0000000e+00   6.6071429e-01   1.6666667e-01
   9.3861893e-01   0.0000000e+00   6.6071429e-01   3.3333333e-01
   8.5102302e-01   1.2500000e-01   6.7857143e-01   1.6666667e-01
   7.5623402e-01   1.4285714e-01   6.7857143e-01   1.6666667e-01
   6.7583120e-01   1.2500000e-01   6.7857143e-01   3.3333333e-01
   5.9622762e-01   1.2500000e-01   6.7857143e-01   3.3333333e-01
   5.4076087e-01   1.2500000e-01   6.7857143e-01   3.3333333e-01
   4.9840153e-01   3.5714286e-02   6.7857143e-01   3.3333333e-01
   4.6675192e-01   3.5714286e-02   6.7857143e-01   3.3333333e-01
   4.1336317e-01   1.7857143e-02   6.4285714e-01   3.3333333e-01
   3.4974425e-01   0.0000000e+00   5.7142857e-01   3.3333333e-01
   2.9395780e-01   0.0000000e+00   5.5357143e-01   3.3333333e-01
   2.5143862e-01   0.0000000e+00   5.5357143e-01   3.3333333e-01
   2.2090793e-01   0.0000000e+00   5.5357143e-01   3.3333333e-01
   2.0636189e-01   4.4642857e-01   5.5357143e-01   1.6666667e-01
   1.9836957e-01   4.6428571e-01   5.7142857e-01   1.6666667e-01
   1.8334399e-01   4.6428571e-01   5.8928571e-01   1.6666667e-01
   1.7822890e-01   4.8214286e-01   5.8928571e-01   1.6666667e-01
   1.6032609e-01   5.0000000e-01   6.0714286e-01   1.6666667e-01
   1.3794757e-01   5.1785714e-01   6.0714286e-01   1.6666667e-01
   1.1476982e-01   5.3571429e-01   6.2500000e-01   1.6666667e-01
   8.3919437e-02   5.5357143e-01   6.2500000e-01   1.6666667e-01
   6.5856777e-02   5.8928571e-01   6.2500000e-01   1.6666667e-01
   5.5786445e-02   5.8928571e-01   6.4285714e-01   1.6666667e-01
   5.4507673e-02   6.0714286e-01   6.4285714e-01   1.6666667e-01
   5.9942455e-02   6.0714286e-01   6.4285714e-01   1.6666667e-01
   6.0102302e-02   6.0714286e-01   6.6071429e-01   1.6666667e-01
   6.2819693e-02   6.2500000e-01   6.6071429e-01   1.6666667e-01
   6.4098465e-02   6.2500000e-01   6.6071429e-01   1.6666667e-01
   6.0901535e-02   6.2500000e-01   6.6071429e-01   1.6666667e-01
   5.5147059e-02   6.2500000e-01   6.6071429e-01   1.6666667e-01
   4.8593350e-02   6.2500000e-01   6.6071429e-01   1.6666667e-01
   4.4916880e-02   6.2500000e-01   6.6071429e-01   1.6666667e-01
   7.8484655e-02   6.0714286e-01   6.6071429e-01   1.6666667e-01
   1.6480179e-01   4.1071429e-01   6.6071429e-01   3.3333333e-01
   2.8053069e-01   3.9285714e-01   6.6071429e-01   3.3333333e-01
   3.7883632e-01   3.7500000e-01   6.4285714e-01   1.6666667e-01
   4.3430307e-01   3.7500000e-01   6.4285714e-01   1.6666667e-01
   4.4741049e-01   3.7500000e-01   6.4285714e-01   1.6666667e-01
   4.2790921e-01   3.7500000e-01   6.4285714e-01   1.6666667e-01
   3.9562020e-01   3.7500000e-01   6.2500000e-01   1.6666667e-01
   3.6860614e-01   3.7500000e-01   6.2500000e-01   1.6666667e-01
   3.4271100e-01   3.9285714e-01   6.4285714e-01   1.6666667e-01
   3.2065217e-01   3.9285714e-01   6.4285714e-01   1.6666667e-01
   3.0099105e-01   4.1071429e-01   6.4285714e-01   1.6666667e-01
   2.7797315e-01   4.1071429e-01   6.6071429e-01   1.6666667e-01
   2.4888107e-01   4.2857143e-01   6.6071429e-01   1.6666667e-01
   2.1691176e-01   4.6428571e-01   6.6071429e-01   3.3333333e-01
   1.8318414e-01   4.8214286e-01   6.7857143e-01   3.3333333e-01
   1.5377238e-01   5.1785714e-01   6.7857143e-01   3.3333333e-01
   1.4002558e-01   6.2500000e-01   6.7857143e-01   1.6666667e-01
   1.2739770e-01   6.2500000e-01   6.7857143e-01   1.6666667e-01
   1.2420077e-01   6.2500000e-01   6.7857143e-01   1.6666667e-01
   1.2484015e-01   6.0714286e-01   6.7857143e-01   1.6666667e-01
   1.2963555e-01   6.0714286e-01   6.7857143e-01   1.6666667e-01
   1.3107417e-01   6.0714286e-01   6.7857143e-01   1.6666667e-01
   1.3027494e-01   6.0714286e-01   6.7857143e-01   1.6666667e-01
   1.3315217e-01   6.0714286e-01   6.7857143e-01   1.6666667e-01
   1.3650895e-01   5.8928571e-01   6.7857143e-01   1.6666667e-01
   1.4370205e-01   5.8928571e-01   6.7857143e-01   1.6666667e-01
   1.4354220e-01   5.8928571e-01   6.7857143e-01   1.6666667e-01
   1.3411125e-01   5.7142857e-01   6.6071429e-01   1.6666667e-01
   1.1700767e-01   5.7142857e-01   6.6071429e-01   1.6666667e-01
   1.0294118e-01   5.7142857e-01   6.4285714e-01   1.6666667e-01
   9.0632992e-02   5.7142857e-01   6.4285714e-01   1.6666667e-01
   8.9354220e-02   5.5357143e-01   6.4285714e-01   1.6666667e-01
   8.1042199e-02   5.5357143e-01   6.2500000e-01   1.6666667e-01
   7.3849105e-02   5.3571429e-01   5.8928571e-01   1.6666667e-01
   7.0012788e-02   5.3571429e-01   5.7142857e-01   1.6666667e-01
   6.7295396e-02   5.1785714e-01   5.7142857e-01   1.6666667e-01
   5.2909207e-02   5.1785714e-01   5.7142857e-01   1.6666667e-01
   3.0051151e-02   5.3571429e-01   5.3571429e-01   1.6666667e-01
