   1.4500000e+02
   2.6711185e-02   5.7407407e-01   6.1111111e-01   0.0000000e+00
   6.9501801e-02   5.7407407e-01   6.1111111e-01   1.6666667e-01
   1.1202882e-01   5.7407407e-01   6.2962963e-01   1.6666667e-01
   1.3856427e-01   5.6481481e-01   6.3888889e-01   1.6666667e-01
   1.5481944e-01   5.6481481e-01   6.4814815e-01   1.6666667e-01
   1.6132150e-01   5.6481481e-01   6.5740741e-01   1.6666667e-01
   1.6404534e-01   5.7407407e-01   6.5740741e-01   1.6666667e-01
   1.4981109e-01   5.8333333e-01   6.6666667e-01   1.6666667e-01
   1.3531324e-01   6.1111111e-01   6.6666667e-01   1.6666667e-01
   1.1132589e-01   6.2037037e-01   6.6666667e-01   1.6666667e-01
   8.9359459e-02   6.2962963e-01   6.7592593e-01   1.6666667e-01
   8.2066602e-02   6.3888889e-01   6.7592593e-01   1.6666667e-01
   7.5037343e-02   6.4814815e-01   6.7592593e-01   1.6666667e-01
   7.6443195e-02   6.5740741e-01   6.7592593e-01   1.6666667e-01
   6.4229857e-02   6.5740741e-01   6.8518519e-01   1.6666667e-01
   5.0083472e-02   6.6666667e-01   6.8518519e-01   1.6666667e-01
   4.0330375e-02   6.6666667e-01   6.8518519e-01   1.6666667e-01
   3.6288551e-02   6.6666667e-01   6.8518519e-01   1.6666667e-01
   3.1719533e-02   6.6666667e-01   6.8518519e-01   1.6666667e-01
   2.9435023e-02   6.6666667e-01   6.7592593e-01   1.6666667e-01
   2.8204903e-02   6.6666667e-01   6.7592593e-01   1.6666667e-01
   3.0401546e-02   6.5740741e-01   6.7592593e-01   1.6666667e-01
   2.7062648e-02   6.5740741e-01   6.6666667e-01   1.6666667e-01
   2.8380634e-02   6.5740741e-01   6.6666667e-01   1.6666667e-01
   2.5568931e-02   6.5740741e-01   6.5740741e-01   1.6666667e-01
   2.3635884e-02   6.5432099e-01   6.5509259e-01   0.0000000e+00
   2.2845093e-02   6.5123457e-01   6.5277778e-01   0.0000000e+00
   1.8363940e-02   6.4814815e-01   6.5046296e-01   0.0000000e+00
   1.3267727e-02   6.4506173e-01   6.4814815e-01   0.0000000e+00
   7.6443195e-03   6.4197531e-01   6.4583333e-01   0.0000000e+00
   8.7865741e-04   6.3888889e-01   6.4351852e-01   0.0000000e+00
   7.0292593e-04   6.3580247e-01   6.4120370e-01   0.0000000e+00
   3.5146296e-04   6.3271605e-01   6.3888889e-01   0.0000000e+00
   0.0000000e+00   6.2962963e-01   6.3657407e-01   0.0000000e+00
   8.7865741e-05   6.2654321e-01   6.3425926e-01   0.0000000e+00
   1.0807486e-02   6.2345679e-01   6.3194444e-01   0.0000000e+00
   2.4690273e-02   6.2037037e-01   6.2962963e-01   1.6666667e-01
   4.0857570e-02   6.1111111e-01   6.4814815e-01   1.6666667e-01
   5.1577190e-02   6.1111111e-01   6.5740741e-01   1.6666667e-01
   5.8254986e-02   6.1111111e-01   6.6666667e-01   3.3333333e-01
   4.9556278e-02   6.4814815e-01   6.7592593e-01   1.6666667e-01
   4.1209033e-02   6.5740741e-01   6.8518519e-01   1.6666667e-01
   3.2070996e-02   6.6666667e-01   6.8518519e-01   1.6666667e-01
   3.6376417e-02   5.3703704e-01   6.8518519e-01   3.3333333e-01
   5.6409806e-02   5.3703704e-01   6.9444444e-01   3.3333333e-01
   8.2242334e-02   5.3703704e-01   6.9444444e-01   3.3333333e-01
   1.3821281e-01   5.3703704e-01   6.9444444e-01   3.3333333e-01
   2.2203673e-01   5.3703704e-01   6.9444444e-01   3.3333333e-01
   2.8354275e-01   5.3703704e-01   6.9444444e-01   1.6666667e-01
   3.0023724e-01   5.4629630e-01   6.9444444e-01   1.6666667e-01
   2.9180213e-01   5.4629630e-01   6.9444444e-01   1.6666667e-01
   2.8406994e-01   5.4629630e-01   6.9444444e-01   1.6666667e-01
   2.8301555e-01   5.4629630e-01   6.9444444e-01   1.6666667e-01
   2.7458044e-01   5.4629630e-01   6.8518519e-01   1.6666667e-01
   2.6588173e-01   5.3703704e-01   6.8518519e-01   1.6666667e-01
   2.5296547e-01   5.3703704e-01   6.7592593e-01   1.6666667e-01
   2.4250945e-01   5.3703704e-01   6.5740741e-01   1.6666667e-01
   2.1597399e-01   5.3703704e-01   6.5740741e-01   1.6666667e-01
   1.8346367e-01   5.3703704e-01   6.5740741e-01   1.6666667e-01
   1.4981109e-01   5.4629630e-01   6.5740741e-01   1.6666667e-01
   1.1835515e-01   5.4629630e-01   6.5740741e-01   3.3333333e-01
   8.0836482e-02   5.4629630e-01   6.5740741e-01   3.3333333e-01
   6.1066690e-02   5.4629630e-01   6.6666667e-01   3.3333333e-01
   4.9029084e-02   5.5555556e-01   6.6666667e-01   3.3333333e-01
   3.6991477e-02   5.5555556e-01   6.6666667e-01   3.3333333e-01
   3.5234162e-02   5.6481481e-01   6.6666667e-01   3.3333333e-01
   2.3460153e-02   5.7407407e-01   6.6666667e-01   3.3333333e-01
   2.3460153e-02   6.6666667e-01   6.6666667e-01   1.6666667e-01
   1.7485282e-02   6.6358025e-01   6.6358025e-01   0.0000000e+00
   1.5288639e-02   6.6049383e-01   6.6049383e-01   0.0000000e+00
   8.0836482e-03   6.5740741e-01   6.5740741e-01   0.0000000e+00
   5.7112732e-03   6.5432099e-01   6.5432099e-01   0.0000000e+00
   6.6777963e-03   6.5123457e-01   6.5123457e-01   0.0000000e+00
   7.1171250e-03   6.4814815e-01   6.4814815e-01   0.0000000e+00
   5.6234074e-03   6.4506173e-01   6.4506173e-01   0.0000000e+00
   3.9539584e-03   6.4197531e-01   6.4197531e-01   0.0000000e+00
   3.8660926e-03   6.3888889e-01   6.3888889e-01   0.0000000e+00
   1.0456023e-02   6.3580247e-01   6.3580247e-01   0.0000000e+00
   1.2740532e-02   6.3271605e-01   6.3271605e-01   0.0000000e+00
   1.4849310e-02   6.2962963e-01   6.2962963e-01   1.6666667e-01
   1.6167296e-02   6.2962963e-01   6.2962963e-01   1.6666667e-01
   2.3460153e-02   6.2962963e-01   6.2962963e-01   1.6666667e-01
   4.8062560e-02   5.7407407e-01   5.9259259e-01   1.6666667e-01
   9.3840612e-02   5.5555556e-01   6.2037037e-01   1.6666667e-01
   2.1518320e-01   4.8148148e-01   6.2962963e-01   3.3333333e-01
   5.7569634e-01   4.7222222e-01   9.5370370e-01   1.6666667e-01
   8.8674106e-01   4.6296296e-01   9.7222222e-01   1.6666667e-01
   1.0000000e+00   4.6296296e-01   9.8148148e-01   1.6666667e-01
   9.8550215e-01   4.6296296e-01   9.8148148e-01   1.6666667e-01
   9.4429312e-01   4.7222222e-01   9.9074074e-01   1.6666667e-01
   8.7628504e-01   4.7222222e-01   9.9074074e-01   1.6666667e-01
   7.7603023e-01   4.8148148e-01   9.9074074e-01   3.3333333e-01
   6.5284246e-01   6.2037037e-01   1.0000000e+00   1.6666667e-01
   4.9582638e-01   6.6666667e-01   1.0000000e+00   1.6666667e-01
   3.4663035e-01   7.1296296e-01   1.0000000e+00   1.6666667e-01
   2.1202003e-01   8.4259259e-01   1.0000000e+00   1.6666667e-01
   1.0359371e-01   5.3703704e-01   9.9074074e-01   3.3333333e-01
   6.3526931e-02   5.3703704e-01   5.4629630e-01   1.6666667e-01
   4.1209033e-02   5.3703704e-01   5.5555556e-01   1.6666667e-01
   7.4158686e-02   5.3703704e-01   5.7407407e-01   1.6666667e-01
   1.1545558e-01   5.3703704e-01   6.0185185e-01   1.6666667e-01
   1.4480274e-01   5.3703704e-01   6.1111111e-01   1.6666667e-01
   1.5947632e-01   5.3703704e-01   6.2037037e-01   1.6666667e-01
   1.6439680e-01   5.4629630e-01   6.2962963e-01   1.6666667e-01
   1.6272735e-01   5.5555556e-01   6.3888889e-01   1.6666667e-01
   1.5578596e-01   5.5555556e-01   6.3888889e-01   1.6666667e-01
   1.4972322e-01   5.6481481e-01   6.4814815e-01   1.6666667e-01
   1.3417099e-01   5.7407407e-01   6.4814815e-01   1.6666667e-01
   1.1501626e-01   5.8333333e-01   6.5740741e-01   1.6666667e-01
   9.6125121e-02   6.0185185e-01   6.5740741e-01   1.6666667e-01
   8.0485019e-02   6.2037037e-01   6.5740741e-01   1.6666667e-01
   6.5811440e-02   6.2962963e-01   6.6666667e-01   1.6666667e-01
   5.7552060e-02   6.3888889e-01   6.6666667e-01   1.6666667e-01
   5.4388894e-02   6.3888889e-01   6.6666667e-01   1.6666667e-01
   5.2807310e-02   6.4814815e-01   6.6666667e-01   1.6666667e-01
   4.8765486e-02   6.4814815e-01   6.7592593e-01   1.6666667e-01
   4.0506107e-02   6.4814815e-01   6.7592593e-01   1.6666667e-01
   3.6903611e-02   6.4814815e-01   6.7592593e-01   1.6666667e-01
   3.4355505e-02   6.4814815e-01   6.7592593e-01   1.6666667e-01
   3.5322028e-02   6.4814815e-01   6.7592593e-01   1.6666667e-01
   3.3125384e-02   6.4814815e-01   6.6666667e-01   1.6666667e-01
   3.0313681e-02   6.4814815e-01   6.6666667e-01   1.6666667e-01
   3.0840875e-02   6.4814815e-01   6.6666667e-01   1.6666667e-01
   5.8782181e-02   5.7407407e-01   6.5740741e-01   3.3333333e-01
   9.4982866e-02   5.6481481e-01   6.4814815e-01   3.3333333e-01
   1.1844302e-01   5.6481481e-01   6.4814815e-01   1.6666667e-01
   1.2933837e-01   5.6481481e-01   6.4814815e-01   1.6666667e-01
   1.2257271e-01   5.6481481e-01   6.4814815e-01   1.6666667e-01
   1.0772340e-01   5.8333333e-01   6.4814815e-01   1.6666667e-01
   9.2698357e-02   6.0185185e-01   6.4814815e-01   1.6666667e-01
   7.9606361e-02   6.1111111e-01   6.4814815e-01   1.6666667e-01
   7.4158686e-02   6.1111111e-01   6.5740741e-01   1.6666667e-01
   6.9326070e-02   6.1111111e-01   6.5740741e-01   1.6666667e-01
   7.2049908e-02   6.1111111e-01   6.5740741e-01   1.6666667e-01
   6.9765398e-02   6.3888889e-01   6.5740741e-01   1.6666667e-01
   5.4476760e-02   6.4814815e-01   6.6666667e-01   1.6666667e-01
   3.4355505e-02   6.5740741e-01   6.6666667e-01   1.6666667e-01
   2.3987347e-02   6.5740741e-01   6.6666667e-01   1.6666667e-01
   1.9330463e-02   6.5740741e-01   6.6666667e-01   1.6666667e-01
   1.8012477e-02   6.6666667e-01   6.6666667e-01   1.6666667e-01
   1.6870222e-02   6.6666667e-01   6.6666667e-01   1.6666667e-01
   1.3443458e-02   6.6666667e-01   6.6666667e-01   1.6666667e-01
   1.2476935e-02   6.6666667e-01   6.6666667e-01   0.0000000e+00
   1.1422546e-02   6.6666667e-01   6.6666667e-01   0.0000000e+00
   1.0983218e-02   6.6666667e-01   6.6666667e-01   0.0000000e+00
