   1.0500000e+02
   1.0674408e-01   2.3809524e-01   2.8571429e-01   1.6666667e-01
   3.3497097e-01   1.4285714e-01   4.2857143e-01   1.6666667e-01
   5.9892809e-01   9.5238095e-02   4.7619048e-01   1.6666667e-01
   8.0750335e-01   9.5238095e-02   5.2380952e-01   1.6666667e-01
   9.2541313e-01   9.5238095e-02   5.7142857e-01   1.6666667e-01
   9.6873604e-01   4.7619048e-02   5.7142857e-01   1.6666667e-01
   1.0000000e+00   4.7619048e-02   6.1904762e-01   1.6666667e-01
   9.6516302e-01   4.7619048e-02   6.1904762e-01   1.6666667e-01
   9.4238499e-01   4.7619048e-02   6.6666667e-01   1.6666667e-01
   8.8521661e-01   0.0000000e+00   6.6666667e-01   1.6666667e-01
   8.0705672e-01   0.0000000e+00   6.6666667e-01   3.3333333e-01
   7.5703439e-01   0.0000000e+00   6.6666667e-01   3.3333333e-01
   7.2487718e-01   0.0000000e+00   7.1428571e-01   3.3333333e-01
   7.3157660e-01   0.0000000e+00   7.1428571e-01   3.3333333e-01
   7.9097812e-01   4.7619048e-02   7.1428571e-01   3.3333333e-01
   8.8834301e-01   4.7619048e-02   7.1428571e-01   1.6666667e-01
   9.7141581e-01   4.7619048e-02   6.6666667e-01   1.6666667e-01
   9.7186244e-01   4.7619048e-02   6.6666667e-01   1.6666667e-01
   9.1916034e-01   4.7619048e-02   6.6666667e-01   1.6666667e-01
   8.1732916e-01   9.5238095e-02   6.6666667e-01   1.6666667e-01
   6.8914694e-01   1.4285714e-01   6.1904762e-01   1.6666667e-01
   5.6587762e-01   1.4285714e-01   6.1904762e-01   1.6666667e-01
   4.5020098e-01   1.9047619e-01   5.2380952e-01   1.6666667e-01
   3.3050469e-01   1.9047619e-01   4.2857143e-01   1.6666667e-01
   2.3626619e-01   2.3809524e-01   3.8095238e-01   1.6666667e-01
   1.5855293e-01   2.3809524e-01   3.8095238e-01   1.6666667e-01
   1.3220188e-01   2.3809524e-01   3.8095238e-01   1.6666667e-01
   1.2639571e-01   2.8571429e-01   3.8095238e-01   1.6666667e-01
   1.2684234e-01   2.8571429e-01   3.8095238e-01   1.6666667e-01
   1.4694060e-01   2.8571429e-01   3.8095238e-01   1.6666667e-01
   1.5408665e-01   2.3809524e-01   3.8095238e-01   1.6666667e-01
   1.8624386e-01   2.3809524e-01   3.8095238e-01   1.6666667e-01
   2.3537293e-01   1.9047619e-01   3.8095238e-01   1.6666667e-01
   3.4345690e-01   1.9047619e-01   3.8095238e-01   1.6666667e-01
   4.8057168e-01   1.4285714e-01   4.2857143e-01   1.6666667e-01
   6.1902635e-01   9.5238095e-02   4.7619048e-01   1.6666667e-01
   7.4408218e-01   9.5238095e-02   5.2380952e-01   1.6666667e-01
   8.3251452e-01   9.5238095e-02   5.7142857e-01   1.6666667e-01
   8.4591335e-01   9.5238095e-02   5.7142857e-01   1.6666667e-01
   7.8919160e-01   9.5238095e-02   6.1904762e-01   1.6666667e-01
   7.1549799e-01   1.4285714e-01   6.1904762e-01   1.6666667e-01
   6.1054042e-01   1.9047619e-01   6.6666667e-01   1.6666667e-01
   5.0870925e-01   2.3809524e-01   6.6666667e-01   1.6666667e-01
   4.1983028e-01   4.2857143e-01   6.6666667e-01   1.6666667e-01
   3.0415364e-01   5.2380952e-01   7.1428571e-01   1.6666667e-01
   2.2063421e-01   5.7142857e-01   7.1428571e-01   1.6666667e-01
   1.9919607e-01   5.7142857e-01   7.1428571e-01   1.6666667e-01
   1.9160339e-01   5.7142857e-01   7.1428571e-01   1.6666667e-01
   1.8133095e-01   5.7142857e-01   7.1428571e-01   1.6666667e-01
   1.6882537e-01   5.7142857e-01   7.1428571e-01   1.6666667e-01
   1.7418490e-01   5.7142857e-01   6.6666667e-01   1.6666667e-01
   1.6703886e-01   5.2380952e-01   6.6666667e-01   1.6666667e-01
   1.6167932e-01   4.7619048e-01   6.6666667e-01   1.6666667e-01
   1.7597142e-01   4.2857143e-01   6.1904762e-01   1.6666667e-01
   2.8494864e-01   4.2857143e-01   5.7142857e-01   1.6666667e-01
   4.1268423e-01   9.5238095e-02   5.2380952e-01   1.6666667e-01
   5.2121483e-01   9.5238095e-02   5.2380952e-01   1.6666667e-01
   5.9044216e-01   9.5238095e-02   4.7619048e-01   1.6666667e-01
   5.8418937e-01   9.5238095e-02   4.7619048e-01   1.6666667e-01
   5.4399285e-01   9.5238095e-02   4.7619048e-01   1.6666667e-01
   5.0602948e-01   1.4285714e-01   5.2380952e-01   1.6666667e-01
   4.8146494e-01   1.9047619e-01   5.7142857e-01   1.6666667e-01
   4.1313086e-01   2.3809524e-01   5.7142857e-01   1.6666667e-01
   3.5194283e-01   3.3333333e-01   6.1904762e-01   1.6666667e-01
   2.6574364e-01   4.2857143e-01   6.1904762e-01   1.6666667e-01
   1.7954444e-01   4.7619048e-01   6.1904762e-01   1.6666667e-01
   1.6078607e-01   5.2380952e-01   6.6666667e-01   1.6666667e-01
   1.3532827e-01   5.2380952e-01   6.6666667e-01   1.6666667e-01
   1.3354176e-01   5.7142857e-01   6.6666667e-01   1.6666667e-01
   1.5096025e-01   5.7142857e-01   6.6666667e-01   1.6666667e-01
   1.4828048e-01   5.7142857e-01   6.6666667e-01   1.6666667e-01
   1.6346583e-01   5.2380952e-01   6.6666667e-01   1.6666667e-01
   1.8445735e-01   5.2380952e-01   6.6666667e-01   1.6666667e-01
   2.6306387e-01   3.8095238e-01   6.6666667e-01   1.6666667e-01
   4.4752121e-01   1.4285714e-01   6.1904762e-01   1.6666667e-01
   6.3063868e-01   4.7619048e-02   5.7142857e-01   1.6666667e-01
   7.5882090e-01   4.7619048e-02   5.2380952e-01   1.6666667e-01
   7.6507369e-01   0.0000000e+00   4.7619048e-01   1.6666667e-01
   7.4944172e-01   0.0000000e+00   4.7619048e-01   1.6666667e-01
   7.3827602e-01   0.0000000e+00   4.7619048e-01   1.6666667e-01
   7.0924520e-01   4.7619048e-02   4.2857143e-01   1.6666667e-01
   7.0299241e-01   4.7619048e-02   4.7619048e-01   1.6666667e-01
   6.8066101e-01   9.5238095e-02   4.7619048e-01   1.6666667e-01
   6.2349263e-01   9.5238095e-02   5.2380952e-01   1.6666667e-01
   5.8954891e-01   1.4285714e-01   5.7142857e-01   1.6666667e-01
   5.2032157e-01   2.3809524e-01   5.7142857e-01   1.6666667e-01
   4.2384993e-01   2.8571429e-01   6.1904762e-01   1.6666667e-01
   3.4301027e-01   3.8095238e-01   6.1904762e-01   1.6666667e-01
   2.9432782e-01   4.2857143e-01   6.6666667e-01   1.6666667e-01
   2.2822689e-01   4.7619048e-01   6.6666667e-01   1.6666667e-01
   1.8311746e-01   5.2380952e-01   6.6666667e-01   1.6666667e-01
   1.6569897e-01   5.7142857e-01   6.6666667e-01   1.6666667e-01
   1.6123269e-01   5.7142857e-01   6.6666667e-01   1.6666667e-01
   1.6078607e-01   5.7142857e-01   7.1428571e-01   1.6666667e-01
   1.6346583e-01   5.7142857e-01   7.1428571e-01   1.6666667e-01
   1.7507816e-01   5.2380952e-01   6.6666667e-01   1.6666667e-01
   2.0544886e-01   5.2380952e-01   6.6666667e-01   1.6666667e-01
   2.1080840e-01   5.2380952e-01   6.6666667e-01   1.6666667e-01
   2.0366235e-01   5.2380952e-01   6.6666667e-01   1.6666667e-01
   1.8803037e-01   5.2380952e-01   6.6666667e-01   1.6666667e-01
   1.5631979e-01   5.2380952e-01   6.1904762e-01   1.6666667e-01
   1.3532827e-01   5.2380952e-01   6.1904762e-01   1.6666667e-01
   9.8258151e-02   5.2380952e-01   6.1904762e-01   1.6666667e-01
   3.4836981e-02   5.2380952e-01   6.1904762e-01   0.0000000e+00
   0.0000000e+00   5.2380952e-01   6.1904762e-01   0.0000000e+00
