   1.9800000e+02
   3.6415453e-03   1.7741935e-01   1.7741935e-01   0.0000000e+00
   0.0000000e+00   1.7741935e-01   1.7741935e-01   0.0000000e+00
   7.7580747e-03   1.7741935e-01   1.7741935e-01   0.0000000e+00
   1.0132996e-02   1.7741935e-01   1.7741935e-01   1.6666667e-01
   1.7416086e-02   1.7741935e-01   1.7741935e-01   1.6666667e-01
   2.0424319e-02   1.7741935e-01   1.9354839e-01   1.6666667e-01
   2.3432552e-02   1.7741935e-01   1.9354839e-01   1.6666667e-01
   2.4065864e-02   1.7741935e-01   1.9354839e-01   1.6666667e-01
   2.4699177e-02   1.7741935e-01   1.9354839e-01   1.6666667e-01
   2.2799240e-02   1.7741935e-01   1.9354839e-01   1.6666667e-01
   1.9474351e-02   1.9354839e-01   2.0967742e-01   1.6666667e-01
   1.6307790e-02   1.9354839e-01   2.0967742e-01   1.6666667e-01
   1.0924636e-02   1.9354839e-01   2.0967742e-01   1.6666667e-01
   3.2140595e-02   1.9354839e-01   2.0967742e-01   1.6666667e-01
   9.6580114e-02   1.9354839e-01   6.2903226e-01   3.3333333e-01
   1.6133629e-01   1.9354839e-01   6.4516129e-01   3.3333333e-01
   2.0360988e-01   1.9354839e-01   6.6129032e-01   3.3333333e-01
   2.2435085e-01   1.9354839e-01   6.7741935e-01   3.3333333e-01
   2.3448385e-01   1.9354839e-01   6.9354839e-01   3.3333333e-01
   2.2815073e-01   1.9354839e-01   6.9354839e-01   5.0000000e-01
   2.2989234e-01   1.9354839e-01   6.9354839e-01   5.0000000e-01
   2.1975934e-01   1.9354839e-01   6.9354839e-01   5.0000000e-01
   2.2403420e-01   1.9354839e-01   7.0967742e-01   5.0000000e-01
   2.2435085e-01   1.9354839e-01   7.0967742e-01   5.0000000e-01
   2.1801773e-01   1.9354839e-01   7.0967742e-01   5.0000000e-01
   2.2973401e-01   1.7741935e-01   7.0967742e-01   5.0000000e-01
   2.7628246e-01   1.6129032e-01   7.0967742e-01   5.0000000e-01
   4.4379354e-01   1.2903226e-01   7.0967742e-01   5.0000000e-01
   6.1858771e-01   0.0000000e+00   6.9354839e-01   5.0000000e-01
   7.8372388e-01   0.0000000e+00   6.9354839e-01   3.3333333e-01
   9.3033566e-01   0.0000000e+00   6.9354839e-01   3.3333333e-01
   1.0000000e+00   0.0000000e+00   6.9354839e-01   1.6666667e-01
   9.6975934e-01   3.2258065e-02   6.7741935e-01   3.3333333e-01
   8.5987967e-01   1.4516129e-01   6.6129032e-01   1.6666667e-01
   7.4477517e-01   1.4516129e-01   6.4516129e-01   3.3333333e-01
   6.2127929e-01   1.6129032e-01   6.2903226e-01   3.3333333e-01
   4.7735909e-01   3.2258065e-01   6.2903226e-01   1.6666667e-01
   3.5449652e-01   3.5483871e-01   6.2903226e-01   1.6666667e-01
   2.4920836e-01   4.0322581e-01   6.2903226e-01   1.6666667e-01
   1.5848638e-01   4.3548387e-01   6.2903226e-01   3.3333333e-01
   8.5497150e-02   6.1290323e-01   6.4516129e-01   1.6666667e-01
   5.3356555e-02   1.1290323e-01   6.4516129e-01   3.3333333e-01
   4.7815073e-02   6.2903226e-01   6.4516129e-01   1.6666667e-01
   5.4306523e-02   6.2903226e-01   6.4516129e-01   1.6666667e-01
   6.9189360e-02   4.8387097e-02   6.6129032e-01   3.3333333e-01
   8.8663711e-02   4.8387097e-02   6.6129032e-01   3.3333333e-01
   9.4996833e-02   4.8387097e-02   6.6129032e-01   3.3333333e-01
   8.9297023e-02   4.8387097e-02   6.7741935e-01   3.3333333e-01
   8.8347055e-02   4.8387097e-02   6.7741935e-01   3.3333333e-01
   8.3755541e-02   0.0000000e+00   6.7741935e-01   5.0000000e-01
   7.9005700e-02   0.0000000e+00   6.6129032e-01   3.3333333e-01
   5.3514883e-02   0.0000000e+00   6.6129032e-01   3.3333333e-01
   4.6706776e-02   0.0000000e+00   6.6129032e-01   3.3333333e-01
   4.1323623e-02   0.0000000e+00   6.6129032e-01   3.3333333e-01
   2.7707410e-02   6.4516129e-01   6.6129032e-01   1.6666667e-01
   1.5991134e-02   6.4516129e-01   6.6129032e-01   1.6666667e-01
   1.4091197e-02   6.4516129e-01   6.6129032e-01   1.6666667e-01
   1.2191260e-02   6.2903226e-01   6.4516129e-01   1.6666667e-01
   1.7574414e-02   6.2903226e-01   6.4516129e-01   1.6666667e-01
   1.9791007e-02   6.4516129e-01   6.4516129e-01   1.6666667e-01
   2.1215959e-02   5.4032258e-01   5.4838710e-01   0.0000000e+00
   6.2856238e-02   4.3548387e-01   4.5161290e-01   1.6666667e-01
   1.0766308e-01   3.8709677e-01   5.0000000e-01   1.6666667e-01
   1.7020266e-01   3.8709677e-01   6.1290323e-01   3.3333333e-01
   2.3131729e-01   3.8709677e-01   6.1290323e-01   1.6666667e-01
   2.5253325e-01   3.8709677e-01   6.1290323e-01   1.6666667e-01
   2.4350855e-01   3.8709677e-01   6.1290323e-01   3.3333333e-01
   2.1263458e-01   3.8709677e-01   6.1290323e-01   3.3333333e-01
   2.0661811e-01   4.0322581e-01   6.1290323e-01   3.3333333e-01
   2.1595947e-01   4.0322581e-01   6.1290323e-01   3.3333333e-01
   2.2324256e-01   4.1935484e-01   6.1290323e-01   3.3333333e-01
   2.2371754e-01   4.1935484e-01   6.1290323e-01   3.3333333e-01
   2.0487650e-01   4.3548387e-01   6.2903226e-01   3.3333333e-01
   1.7004433e-01   4.5161290e-01   6.2903226e-01   3.3333333e-01
   1.2887904e-01   4.6774194e-01   6.2903226e-01   3.3333333e-01
   8.5655478e-02   4.8387097e-01   6.2903226e-01   3.3333333e-01
   5.5731476e-02   5.9677419e-01   6.4516129e-01   1.6666667e-01
   3.3723876e-02   6.1290323e-01   6.4516129e-01   1.6666667e-01
   2.7707410e-02   6.1290323e-01   6.4516129e-01   1.6666667e-01
   2.3274224e-02   6.1290323e-01   6.4516129e-01   1.6666667e-01
   2.2007600e-02   6.1290323e-01   6.2903226e-01   1.6666667e-01
   2.5015833e-02   6.1290323e-01   6.2903226e-01   1.6666667e-01
   2.8657378e-02   5.9677419e-01   6.2903226e-01   1.6666667e-01
   3.0240659e-02   5.9677419e-01   6.2903226e-01   1.6666667e-01
   3.4040532e-02   5.9677419e-01   6.2903226e-01   1.6666667e-01
   3.1507283e-02   5.9677419e-01   6.2903226e-01   1.6666667e-01
   3.1190627e-02   5.9677419e-01   6.2903226e-01   1.6666667e-01
   3.4515516e-02   5.6451613e-01   6.1290323e-01   1.6666667e-01
   2.8499050e-02   5.6451613e-01   5.9677419e-01   1.6666667e-01
   2.4540849e-02   5.6451613e-01   5.8064516e-01   1.6666667e-01
   3.4832172e-02   3.9516129e-01   5.5645161e-01   0.0000000e+00
   8.2013933e-02   2.2580645e-01   5.3225806e-01   3.3333333e-01
   1.6038632e-01   2.2580645e-01   5.3225806e-01   3.3333333e-01
   3.4911336e-01   2.0967742e-01   5.3225806e-01   3.3333333e-01
   5.4575681e-01   1.9354839e-01   5.3225806e-01   1.6666667e-01
   6.7305256e-01   1.6129032e-01   5.3225806e-01   1.6666667e-01
   7.3036732e-01   1.6129032e-01   5.3225806e-01   1.6666667e-01
   7.3432552e-01   1.6129032e-01   5.4838710e-01   1.6666667e-01
   6.6830272e-01   1.6129032e-01   5.6451613e-01   1.6666667e-01
   5.8708043e-01   1.6129032e-01   5.8064516e-01   1.6666667e-01
   5.0000000e-01   1.7741935e-01   5.8064516e-01   1.6666667e-01
   3.8188727e-01   1.9354839e-01   5.9677419e-01   3.3333333e-01
   2.6646612e-01   2.0967742e-01   6.1290323e-01   3.3333333e-01
   1.3695377e-01   2.0967742e-01   6.1290323e-01   3.3333333e-01
   1.0576314e-01   2.2580645e-01   6.1290323e-01   3.3333333e-01
   9.1988600e-02   2.2580645e-01   6.1290323e-01   3.3333333e-01
   8.8505383e-02   2.2580645e-01   6.2903226e-01   3.3333333e-01
   8.2488917e-02   2.2580645e-01   6.2903226e-01   3.3333333e-01
   6.9981001e-02   2.2580645e-01   6.2903226e-01   3.3333333e-01
   6.5706143e-02   2.2580645e-01   6.1290323e-01   3.3333333e-01
   7.5364155e-02   2.2580645e-01   6.1290323e-01   3.3333333e-01
   7.5522483e-02   2.2580645e-01   6.1290323e-01   3.3333333e-01
   7.8055731e-02   2.2580645e-01   2.5806452e-01   1.6666667e-01
   7.9639012e-02   2.2580645e-01   2.5806452e-01   1.6666667e-01
   1.0829639e-01   2.2580645e-01   5.6451613e-01   5.0000000e-01
   1.6861938e-01   2.4193548e-01   5.4838710e-01   3.3333333e-01
   2.6393287e-01   2.2580645e-01   5.3225806e-01   3.3333333e-01
   4.0326156e-01   2.2580645e-01   5.3225806e-01   3.3333333e-01
   5.3562381e-01   2.0967742e-01   5.3225806e-01   1.6666667e-01
   6.3172894e-01   1.7741935e-01   5.4838710e-01   1.6666667e-01
   6.5642812e-01   1.7741935e-01   5.4838710e-01   1.6666667e-01
   6.0623813e-01   1.7741935e-01   5.8064516e-01   1.6666667e-01
   5.3546548e-01   1.7741935e-01   5.9677419e-01   1.6666667e-01
   4.5408486e-01   1.9354839e-01   5.9677419e-01   1.6666667e-01
   3.4008866e-01   1.9354839e-01   6.1290323e-01   3.3333333e-01
   2.2656745e-01   2.0967742e-01   6.2903226e-01   3.3333333e-01
   1.0861305e-01   2.2580645e-01   6.2903226e-01   3.3333333e-01
   6.1431286e-02   2.4193548e-01   6.2903226e-01   3.3333333e-01
   4.4806840e-02   2.4193548e-01   6.4516129e-01   3.3333333e-01
   3.7840405e-02   2.4193548e-01   6.4516129e-01   3.3333333e-01
   3.4673844e-02   2.4193548e-01   6.4516129e-01   3.3333333e-01
   3.0240659e-02   2.4193548e-01   6.4516129e-01   3.3333333e-01
   2.7232426e-02   2.4193548e-01   6.4516129e-01   3.3333333e-01
   3.3723876e-02   2.4193548e-01   6.4516129e-01   3.3333333e-01
   5.6048132e-02   2.4193548e-01   6.4516129e-01   3.3333333e-01
   1.1098797e-01   2.5806452e-01   6.4516129e-01   5.0000000e-01
   1.7875237e-01   3.7096774e-01   6.4516129e-01   5.0000000e-01
   2.3749208e-01   3.7096774e-01   6.4516129e-01   5.0000000e-01
   2.7786574e-01   3.5483871e-01   6.4516129e-01   5.0000000e-01
   3.0066498e-01   2.5806452e-01   6.4516129e-01   5.0000000e-01
   2.9765674e-01   2.5806452e-01   6.4516129e-01   5.0000000e-01
   2.9243192e-01   2.5806452e-01   6.2903226e-01   5.0000000e-01
   2.7580747e-01   3.5483871e-01   6.2903226e-01   3.3333333e-01
   2.7691577e-01   3.5483871e-01   6.2903226e-01   3.3333333e-01
   2.9084864e-01   3.7096774e-01   6.2903226e-01   1.6666667e-01
   2.9797340e-01   3.7096774e-01   6.2903226e-01   1.6666667e-01
   2.8071564e-01   3.8709677e-01   6.2903226e-01   1.6666667e-01
   2.5000000e-01   4.0322581e-01   6.2903226e-01   3.3333333e-01
   2.1770108e-01   4.3548387e-01   6.4516129e-01   3.3333333e-01
   1.7305256e-01   4.5161290e-01   6.4516129e-01   3.3333333e-01
   1.2982901e-01   5.9677419e-01   6.4516129e-01   1.6666667e-01
   8.8822039e-02   5.9677419e-01   6.4516129e-01   1.6666667e-01
   8.6605446e-02   5.8064516e-01   6.4516129e-01   1.6666667e-01
   8.0113996e-02   5.8064516e-01   6.4516129e-01   1.6666667e-01
   7.5522483e-02   5.6451613e-01   6.2903226e-01   1.6666667e-01
   7.8530716e-02   5.4838710e-01   6.2903226e-01   1.6666667e-01
   7.9164028e-02   5.4838710e-01   6.2903226e-01   1.6666667e-01
   7.9480684e-02   5.3225806e-01   6.1290323e-01   1.6666667e-01
   7.5522483e-02   5.3225806e-01   5.9677419e-01   1.6666667e-01
   6.6972768e-02   5.3225806e-01   5.8064516e-01   1.6666667e-01
   6.5231159e-02   5.1612903e-01   5.8064516e-01   1.6666667e-01
   7.5997467e-02   5.0000000e-01   5.6451613e-01   1.6666667e-01
   1.0528816e-01   4.8387097e-01   5.6451613e-01   1.6666667e-01
   1.3188727e-01   4.6774194e-01   5.4838710e-01   1.6666667e-01
   1.7273591e-01   4.5161290e-01   5.4838710e-01   1.6666667e-01
   2.2324256e-01   4.5161290e-01   5.6451613e-01   1.6666667e-01
   2.6662445e-01   4.5161290e-01   5.8064516e-01   1.6666667e-01
   2.9449018e-01   4.3548387e-01   5.9677419e-01   1.6666667e-01
   2.9639012e-01   4.3548387e-01   6.1290323e-01   1.6666667e-01
   2.6947435e-01   4.5161290e-01   6.1290323e-01   1.6666667e-01
   2.3400887e-01   4.5161290e-01   6.2903226e-01   1.6666667e-01
   2.0440152e-01   4.6774194e-01   6.2903226e-01   1.6666667e-01
   1.5911970e-01   4.8387097e-01   6.4516129e-01   3.3333333e-01
   1.0940469e-01   5.9677419e-01   6.4516129e-01   1.6666667e-01
   7.8214060e-02   6.1290323e-01   6.4516129e-01   1.6666667e-01
   7.0455985e-02   6.1290323e-01   6.6129032e-01   1.6666667e-01
   6.6022799e-02   6.2903226e-01   6.6129032e-01   1.6666667e-01
   6.1747942e-02   6.2903226e-01   6.6129032e-01   1.6666667e-01
   6.2064598e-02   6.2903226e-01   6.6129032e-01   1.6666667e-01
   6.3489550e-02   6.2903226e-01   6.6129032e-01   1.6666667e-01
   6.1431286e-02   6.2903226e-01   6.7741935e-01   1.6666667e-01
   5.6206460e-02   6.2903226e-01   6.7741935e-01   1.6666667e-01
   5.4623179e-02   6.2903226e-01   6.7741935e-01   1.6666667e-01
   5.6364788e-02   6.2903226e-01   6.7741935e-01   1.6666667e-01
   5.8106396e-02   6.2903226e-01   6.6129032e-01   1.6666667e-01
   5.6839772e-02   6.2903226e-01   6.6129032e-01   1.6666667e-01
   5.5414820e-02   6.2903226e-01   6.6129032e-01   1.6666667e-01
   5.6048132e-02   6.2903226e-01   6.6129032e-01   1.6666667e-01
   6.0164661e-02   6.2903226e-01   6.6129032e-01   1.6666667e-01
   5.6998100e-02   6.2903226e-01   6.6129032e-01   1.6666667e-01
   5.2406586e-02   6.2903226e-01   6.6129032e-01   1.6666667e-01
   4.1481951e-02   6.2903226e-01   6.4516129e-01   1.6666667e-01
   2.8974034e-02   6.4516129e-01   6.4516129e-01   1.6666667e-01
   2.6440785e-02   6.2096774e-01   6.2903226e-01   0.0000000e+00
   3.3565548e-02   5.9677419e-01   6.1290323e-01   1.6666667e-01
   4.3540215e-02   5.9677419e-01   6.1290323e-01   1.6666667e-01
   3.3090564e-02   6.1290323e-01   6.2903226e-01   1.6666667e-01
   1.5357821e-02   6.2903226e-01   6.2903226e-01   1.6666667e-01
