   5.4200000e+02
   6.4914820e-02   6.5000000e-01   6.5833333e-01   1.6666667e-01
   9.4532903e-02   6.0000000e-01   6.5833333e-01   3.3333333e-01
   1.4296849e-01   5.6666667e-01   6.3333333e-01   1.6666667e-01
   1.8071484e-01   5.3333333e-01   6.2500000e-01   1.6666667e-01
   2.0142523e-01   5.2500000e-01   6.1666667e-01   1.6666667e-01
   2.0743792e-01   5.2500000e-01   6.0833333e-01   1.6666667e-01
   1.9173811e-01   5.2500000e-01   6.0000000e-01   1.6666667e-01
   1.7024830e-01   5.2500000e-01   5.9166667e-01   1.6666667e-01
   1.4619753e-01   5.2500000e-01   5.7500000e-01   1.6666667e-01
   1.2415099e-01   5.2500000e-01   5.6666667e-01   1.6666667e-01
   1.1914041e-01   5.3333333e-01   5.6666667e-01   1.6666667e-01
   1.2403964e-01   5.3333333e-01   5.7500000e-01   1.6666667e-01
   1.4864714e-01   5.4166667e-01   5.8333333e-01   1.6666667e-01
   1.9953235e-01   5.4166667e-01   6.2500000e-01   1.6666667e-01
   2.5186505e-01   5.5000000e-01   6.4166667e-01   1.6666667e-01
   2.6801024e-01   5.5000000e-01   6.4166667e-01   1.6666667e-01
   2.6455851e-01   5.5833333e-01   6.5000000e-01   1.6666667e-01
   2.5108563e-01   5.6666667e-01   6.5833333e-01   1.6666667e-01
   2.2926177e-01   5.7500000e-01   6.5833333e-01   1.6666667e-01
   2.0164792e-01   5.8333333e-01   6.6666667e-01   1.6666667e-01
   1.6802138e-01   6.0000000e-01   6.6666667e-01   1.6666667e-01
   1.3328137e-01   6.1666667e-01   6.6666667e-01   1.6666667e-01
   9.8764057e-02   6.3333333e-01   6.7500000e-01   1.6666667e-01
   7.3043091e-02   6.5000000e-01   6.7500000e-01   1.6666667e-01
   5.5116357e-02   6.5833333e-01   6.7500000e-01   1.6666667e-01
   4.9660394e-02   6.5833333e-01   6.7500000e-01   1.6666667e-01
   4.8212894e-02   6.6666667e-01   6.7500000e-01   1.6666667e-01
   4.7210778e-02   6.6666667e-01   6.7500000e-01   1.6666667e-01
   4.6320009e-02   6.6666667e-01   6.7500000e-01   1.6666667e-01
   4.6097317e-02   6.6666667e-01   6.8333333e-01   1.6666667e-01
   4.5985970e-02   6.6666667e-01   6.8333333e-01   1.6666667e-01
   4.4315778e-02   6.6666667e-01   6.8333333e-01   1.6666667e-01
   4.1420777e-02   6.5833333e-01   6.7500000e-01   1.6666667e-01
   3.7746353e-02   6.5833333e-01   6.7500000e-01   1.6666667e-01
   5.1998664e-02   6.0000000e-01   6.7500000e-01   3.3333333e-01
   1.1591137e-01   5.8333333e-01   6.6666667e-01   3.3333333e-01
   1.9029061e-01   5.6666667e-01   6.5000000e-01   1.6666667e-01
   2.4329139e-01   5.6666667e-01   6.5833333e-01   1.6666667e-01
   2.6389044e-01   5.5833333e-01   6.5833333e-01   1.6666667e-01
   2.6333370e-01   5.5000000e-01   6.5833333e-01   1.6666667e-01
   2.6511524e-01   5.5000000e-01   6.5833333e-01   1.6666667e-01
   2.5988197e-01   5.5000000e-01   6.6666667e-01   1.6666667e-01
   2.5988197e-01   5.5000000e-01   6.6666667e-01   1.6666667e-01
   2.7257544e-01   5.5000000e-01   6.6666667e-01   1.6666667e-01
   2.8482352e-01   5.5000000e-01   6.6666667e-01   1.6666667e-01
   2.7090524e-01   5.5000000e-01   6.6666667e-01   3.3333333e-01
   2.4729986e-01   5.5000000e-01   6.6666667e-01   3.3333333e-01
   2.1144639e-01   5.5833333e-01   6.6666667e-01   3.3333333e-01
   1.7325465e-01   5.6666667e-01   6.3333333e-01   1.6666667e-01
   1.3361541e-01   5.6666667e-01   6.7500000e-01   3.3333333e-01
   1.0655829e-01   5.7500000e-01   6.7500000e-01   3.3333333e-01
   6.9925398e-02   5.9166667e-01   6.7500000e-01   3.3333333e-01
   4.3870393e-02   6.6666667e-01   6.7500000e-01   1.6666667e-01
   2.4050774e-02   6.6666667e-01   6.7500000e-01   1.6666667e-01
   2.9506736e-02   6.5833333e-01   6.7500000e-01   1.6666667e-01
   3.6187507e-02   6.5833333e-01   6.7500000e-01   1.6666667e-01
   3.7300969e-02   6.5833333e-01   6.7500000e-01   1.6666667e-01
   3.6410199e-02   6.5833333e-01   6.7500000e-01   1.6666667e-01
   3.4405968e-02   6.5833333e-01   6.6666667e-01   1.6666667e-01
   3.2179045e-02   6.5833333e-01   6.6666667e-01   1.6666667e-01
   3.4517314e-02   6.5000000e-01   6.6666667e-01   1.6666667e-01
   3.0954237e-02   6.4166667e-01   6.5833333e-01   1.6666667e-01
   3.4294622e-02   6.4166667e-01   6.5000000e-01   1.6666667e-01
   3.0731544e-02   6.4166667e-01   6.5000000e-01   1.6666667e-01
   3.0063467e-02   6.4166667e-01   6.5000000e-01   1.6666667e-01
   3.1845006e-02   6.3333333e-01   6.4166667e-01   1.6666667e-01
   3.5519430e-02   6.1666667e-01   6.3333333e-01   1.6666667e-01
   5.4448280e-02   6.0833333e-01   6.3333333e-01   1.6666667e-01
   9.6425788e-02   6.0000000e-01   6.3333333e-01   1.6666667e-01
   1.4029618e-01   5.8333333e-01   6.3333333e-01   1.6666667e-01
   1.7503619e-01   5.7500000e-01   6.3333333e-01   1.6666667e-01
   2.0131388e-01   5.7500000e-01   6.4166667e-01   1.6666667e-01
   2.2213562e-01   5.7500000e-01   6.4166667e-01   1.6666667e-01
   2.3226812e-01   5.6666667e-01   6.5000000e-01   1.6666667e-01
   2.2970716e-01   5.6666667e-01   6.5000000e-01   1.6666667e-01
   2.2046543e-01   5.6666667e-01   6.5833333e-01   1.6666667e-01
   1.9686004e-01   5.6666667e-01   6.5833333e-01   1.6666667e-01
   1.7080503e-01   5.6666667e-01   6.5833333e-01   1.6666667e-01
   1.5276695e-01   5.6666667e-01   6.5833333e-01   3.3333333e-01
   1.2960695e-01   5.6666667e-01   6.5833333e-01   3.3333333e-01
   1.2359425e-01   5.6666667e-01   6.5833333e-01   3.3333333e-01
   1.2203541e-01   5.6666667e-01   6.5833333e-01   3.3333333e-01
   1.2270349e-01   5.6666667e-01   6.5833333e-01   3.3333333e-01
   1.3684445e-01   5.6666667e-01   6.5833333e-01   3.3333333e-01
   1.6534907e-01   5.7500000e-01   6.5833333e-01   1.6666667e-01
   1.8216234e-01   5.7500000e-01   6.5833333e-01   1.6666667e-01
   1.8539138e-01   5.8333333e-01   6.5000000e-01   1.6666667e-01
   2.0910812e-01   5.7500000e-01   6.5000000e-01   1.6666667e-01
   3.0709275e-01   5.1666667e-01   6.5000000e-01   1.6666667e-01
   4.3213451e-01   4.7500000e-01   6.5000000e-01   1.6666667e-01
   5.3312549e-01   4.4166667e-01   6.4166667e-01   1.6666667e-01
   6.2197973e-01   4.0833333e-01   6.3333333e-01   1.6666667e-01
   6.8455629e-01   4.0000000e-01   6.4166667e-01   1.6666667e-01
   7.3867053e-01   3.8333333e-01   6.4166667e-01   1.6666667e-01
   7.8487919e-01   3.6666667e-01   6.5000000e-01   1.6666667e-01
   8.0837323e-01   3.6666667e-01   6.5000000e-01   1.6666667e-01
   8.0169246e-01   3.5833333e-01   6.5833333e-01   1.6666667e-01
   7.3421668e-01   3.5833333e-01   6.5833333e-01   1.6666667e-01
   6.1485358e-01   3.6666667e-01   6.5833333e-01   1.6666667e-01
   4.6442490e-01   3.6666667e-01   6.5833333e-01   1.6666667e-01
   3.1299410e-01   3.7500000e-01   6.6666667e-01   6.6666667e-01
   1.7614965e-01   4.4166667e-01   6.6666667e-01   3.3333333e-01
   4.3981739e-02   6.5000000e-01   6.6666667e-01   1.6666667e-01
   3.9639238e-02   6.5833333e-01   6.6666667e-01   1.6666667e-01
   3.7078276e-02   6.5833333e-01   6.7500000e-01   1.6666667e-01
   2.9506736e-02   6.5833333e-01   6.7500000e-01   1.6666667e-01
   2.5052889e-02   6.5833333e-01   6.7500000e-01   1.6666667e-01
   2.0376350e-02   6.6666667e-01   6.6666667e-01   1.6666667e-01
   1.6367888e-02   6.5333333e-01   6.5500000e-01   0.0000000e+00
   1.0577887e-02   6.4000000e-01   6.4333333e-01   0.0000000e+00
   1.0021156e-02   6.2666667e-01   6.3166667e-01   0.0000000e+00
   1.3472887e-02   6.1333333e-01   6.2000000e-01   0.0000000e+00
   4.4761162e-02   6.0000000e-01   6.0833333e-01   1.6666667e-01
   8.5402516e-02   5.9166667e-01   6.5000000e-01   3.3333333e-01
   1.2259214e-01   5.8333333e-01   6.5000000e-01   1.6666667e-01
   1.4886984e-01   5.8333333e-01   6.5000000e-01   1.6666667e-01
   1.7136176e-01   5.6666667e-01   6.5000000e-01   3.3333333e-01
   1.8617081e-01   5.5833333e-01   6.5000000e-01   1.6666667e-01
   1.9596927e-01   5.5000000e-01   6.5000000e-01   3.3333333e-01
   2.0554504e-01   5.5000000e-01   6.5000000e-01   3.3333333e-01
   2.0086850e-01   5.5000000e-01   6.5000000e-01   3.3333333e-01
   2.0732658e-01   5.4166667e-01   6.5833333e-01   3.3333333e-01
   2.2725754e-01   5.4166667e-01   6.5833333e-01   1.6666667e-01
   2.5553947e-01   5.5000000e-01   6.5833333e-01   1.6666667e-01
   2.5631890e-01   5.5000000e-01   6.5833333e-01   1.6666667e-01
   2.3961697e-01   5.5000000e-01   6.6666667e-01   3.3333333e-01
   2.1144639e-01   5.5833333e-01   6.6666667e-01   3.3333333e-01
   1.7180715e-01   5.6666667e-01   6.6666667e-01   3.3333333e-01
   1.2771406e-01   5.7500000e-01   6.6666667e-01   3.3333333e-01
   9.3196749e-02   5.8333333e-01   6.6666667e-01   3.3333333e-01
   5.9347511e-02   5.9166667e-01   6.5833333e-01   3.3333333e-01
   3.4628661e-02   6.1111111e-01   6.5555556e-01   0.0000000e+00
   2.1155773e-02   6.3055556e-01   6.5277778e-01   0.0000000e+00
   1.9930965e-02   6.5000000e-01   6.5000000e-01   1.6666667e-01
   2.1378466e-02   6.5000000e-01   6.5000000e-01   1.6666667e-01
   2.2825966e-02   6.4166667e-01   6.5000000e-01   1.6666667e-01
   2.8615967e-02   6.4166667e-01   6.5000000e-01   1.6666667e-01
   3.9082508e-02   6.2500000e-01   6.5000000e-01   3.3333333e-01
   5.1219241e-02   6.1666667e-01   6.3333333e-01   1.6666667e-01
   7.3711168e-02   6.0833333e-01   6.3333333e-01   1.6666667e-01
   9.3308095e-02   6.0000000e-01   6.3333333e-01   1.6666667e-01
   1.1156887e-01   5.9166667e-01   6.3333333e-01   1.6666667e-01
   1.3294733e-01   5.7500000e-01   6.3333333e-01   1.6666667e-01
   1.5131945e-01   5.7500000e-01   6.3333333e-01   1.6666667e-01
   1.5165349e-01   5.7500000e-01   6.3333333e-01   1.6666667e-01
   1.5131945e-01   5.6666667e-01   6.2500000e-01   1.6666667e-01
   1.5733215e-01   5.6666667e-01   6.2500000e-01   1.6666667e-01
   1.7113907e-01   5.7500000e-01   6.3333333e-01   1.6666667e-01
   1.9051331e-01   5.7500000e-01   6.4166667e-01   1.6666667e-01
   1.9786215e-01   5.7500000e-01   6.5000000e-01   1.6666667e-01
   1.8394388e-01   5.8333333e-01   6.5833333e-01   1.6666667e-01
   1.5388041e-01   5.9166667e-01   6.5833333e-01   1.6666667e-01
   1.2548714e-01   6.0000000e-01   6.6666667e-01   1.6666667e-01
   9.4532903e-02   6.0833333e-01   6.6666667e-01   1.6666667e-01
   6.7921167e-02   6.3333333e-01   6.6666667e-01   1.6666667e-01
   4.1977508e-02   6.5833333e-01   6.7500000e-01   1.6666667e-01
   2.9061352e-02   6.6666667e-01   6.7500000e-01   1.6666667e-01
   3.1845006e-02   6.6666667e-01   6.7500000e-01   1.6666667e-01
   3.1733660e-02   6.6666667e-01   6.7500000e-01   1.6666667e-01
   3.4294622e-02   6.6666667e-01   6.7500000e-01   1.6666667e-01
   3.8414430e-02   6.5833333e-01   6.7500000e-01   1.6666667e-01
   4.1643470e-02   6.5833333e-01   6.7500000e-01   1.6666667e-01
   4.2645585e-02   6.5833333e-01   6.7500000e-01   1.6666667e-01
   4.2311547e-02   6.5833333e-01   6.7500000e-01   1.6666667e-01
   4.0195969e-02   6.5833333e-01   6.7500000e-01   1.6666667e-01
   3.7523661e-02   6.5833333e-01   6.7500000e-01   1.6666667e-01
   3.7189623e-02   6.5833333e-01   6.7500000e-01   1.6666667e-01
   3.1065583e-02   6.5833333e-01   6.6666667e-01   1.6666667e-01
   2.8727313e-02   6.5833333e-01   6.6666667e-01   1.6666667e-01
   3.6521545e-02   6.5833333e-01   6.6666667e-01   1.6666667e-01
   6.6807705e-02   3.6666667e-01   6.5833333e-01   3.3333333e-01
   9.2528672e-02   3.6666667e-01   6.5833333e-01   3.3333333e-01
   1.0277252e-01   3.5833333e-01   3.9166667e-01   1.6666667e-01
   1.0366329e-01   3.6666667e-01   3.9166667e-01   1.6666667e-01
   9.5980403e-02   3.6666667e-01   3.9166667e-01   1.6666667e-01
   8.2062131e-02   3.6666667e-01   4.0000000e-01   1.6666667e-01
   1.0722637e-01   3.7500000e-01   6.0833333e-01   3.3333333e-01
   1.7537023e-01   3.8333333e-01   6.2500000e-01   3.3333333e-01
   2.3193408e-01   3.9166667e-01   6.4166667e-01   3.3333333e-01
   2.4306870e-01   5.5833333e-01   6.4166667e-01   1.6666667e-01
   2.6322236e-01   5.5833333e-01   6.5000000e-01   1.6666667e-01
   2.7246409e-01   5.5833333e-01   6.5833333e-01   1.6666667e-01
   2.6934640e-01   5.5833333e-01   6.5833333e-01   1.6666667e-01
   2.4596370e-01   5.6666667e-01   6.6666667e-01   1.6666667e-01
   2.0743792e-01   5.7500000e-01   6.6666667e-01   1.6666667e-01
   1.6623984e-01   5.8333333e-01   6.6666667e-01   1.6666667e-01
   1.2437368e-01   6.0000000e-01   6.6666667e-01   3.3333333e-01
   8.1839439e-02   6.5000000e-01   6.7500000e-01   1.6666667e-01
   6.2353858e-02   6.5000000e-01   6.7500000e-01   1.6666667e-01
   5.5895780e-02   6.5833333e-01   6.7500000e-01   1.6666667e-01
   5.9236165e-02   6.5833333e-01   6.7500000e-01   1.6666667e-01
   6.0015588e-02   6.5833333e-01   6.7500000e-01   1.6666667e-01
   6.2242512e-02   6.5000000e-01   6.7500000e-01   1.6666667e-01
   6.3578666e-02   6.5000000e-01   6.7500000e-01   1.6666667e-01
   6.8589244e-02   6.5000000e-01   6.7500000e-01   1.6666667e-01
   6.8700590e-02   6.4166667e-01   6.7500000e-01   1.6666667e-01
   6.6919051e-02   6.4166667e-01   6.7500000e-01   1.6666667e-01
   6.3912705e-02   6.4166667e-01   6.7500000e-01   1.6666667e-01
   5.7009242e-02   6.4166667e-01   6.6666667e-01   1.6666667e-01
   4.5317893e-02   6.4166667e-01   6.5833333e-01   1.6666667e-01
   3.0508852e-02   6.4166667e-01   6.4166667e-01   1.6666667e-01
   1.5143080e-02   6.3194444e-01   6.3472222e-01   0.0000000e+00
   5.5673088e-04   6.2222222e-01   6.2777778e-01   0.0000000e+00
   1.3361541e-03   6.1250000e-01   6.2083333e-01   0.0000000e+00
   1.4475003e-03   6.0277778e-01   6.1388889e-01   0.0000000e+00
   8.0169246e-03   5.9305556e-01   6.0694444e-01   0.0000000e+00
   4.0641354e-02   5.8333333e-01   6.0000000e-01   1.6666667e-01
   9.0301748e-02   5.7500000e-01   6.0833333e-01   1.6666667e-01
   1.3584233e-01   5.7500000e-01   6.1666667e-01   1.6666667e-01
   1.6367888e-01   5.6666667e-01   6.2500000e-01   1.6666667e-01
   1.8828638e-01   5.6666667e-01   6.3333333e-01   1.6666667e-01
   1.9853023e-01   5.6666667e-01   6.4166667e-01   1.6666667e-01
   2.0142523e-01   5.6666667e-01   6.4166667e-01   1.6666667e-01
   1.9084734e-01   5.6666667e-01   6.5000000e-01   1.6666667e-01
   1.6646253e-01   5.6666667e-01   6.5000000e-01   1.6666667e-01
   1.4708830e-01   5.6666667e-01   6.5833333e-01   3.3333333e-01
   1.1880637e-01   5.6666667e-01   6.5833333e-01   3.3333333e-01
   9.4310210e-02   5.6666667e-01   6.5833333e-01   3.3333333e-01
   7.7942323e-02   5.6666667e-01   6.6666667e-01   3.3333333e-01
   6.4469435e-02   5.7500000e-01   6.6666667e-01   3.3333333e-01
   5.4225587e-02   6.5000000e-01   6.6666667e-01   1.6666667e-01
   4.5095201e-02   6.5000000e-01   6.6666667e-01   1.6666667e-01
   4.5651932e-02   6.5000000e-01   6.6666667e-01   1.6666667e-01
   4.3313662e-02   6.5000000e-01   6.6666667e-01   1.6666667e-01
   4.0195969e-02   6.5833333e-01   6.6666667e-01   1.6666667e-01
   3.7412315e-02   6.5833333e-01   6.6666667e-01   1.6666667e-01
   3.3181160e-02   6.5833333e-01   6.6666667e-01   1.6666667e-01
   2.7725198e-02   6.5833333e-01   6.6666667e-01   1.6666667e-01
   2.0265004e-02   6.5833333e-01   6.5833333e-01   1.6666667e-01
   2.2937312e-02   6.5000000e-01   6.5000000e-01   0.0000000e+00
   2.4384812e-02   6.4166667e-01   6.4166667e-01   1.6666667e-01
   2.8838659e-02   6.4166667e-01   6.5000000e-01   1.6666667e-01
   3.5630776e-02   6.3333333e-01   6.5000000e-01   1.6666667e-01
   3.5185391e-02   6.3333333e-01   6.5000000e-01   1.6666667e-01
   3.6855584e-02   6.3333333e-01   6.4166667e-01   1.6666667e-01
   3.6410199e-02   6.2500000e-01   6.4166667e-01   1.6666667e-01
   3.6076161e-02   6.3333333e-01   6.4166667e-01   1.6666667e-01
   3.1288275e-02   6.2500000e-01   6.3333333e-01   0.0000000e+00
   3.0174813e-02   6.1666667e-01   6.2500000e-01   1.6666667e-01
   2.7836544e-02   6.1666667e-01   6.2500000e-01   1.6666667e-01
   2.8838659e-02   6.0833333e-01   6.1666667e-01   1.6666667e-01
   2.6277697e-02   6.0833333e-01   6.1666667e-01   1.6666667e-01
   2.0933081e-02   6.0277778e-01   6.0833333e-01   0.0000000e+00
   1.4920387e-02   5.9722222e-01   6.0000000e-01   0.0000000e+00
   1.9708273e-02   5.9166667e-01   5.9166667e-01   1.6666667e-01
   3.1733660e-02   5.7500000e-01   5.9166667e-01   1.6666667e-01
   4.5651932e-02   5.7500000e-01   5.9166667e-01   1.6666667e-01
   5.4336934e-02   5.6666667e-01   5.9166667e-01   1.6666667e-01
   5.5561741e-02   5.6666667e-01   5.9166667e-01   1.6666667e-01
   1.2348291e-01   3.3333333e-01   5.8333333e-01   3.3333333e-01
   3.3470660e-01   3.0833333e-01   5.8333333e-01   5.0000000e-01
   6.0739339e-01   2.9166667e-01   5.8333333e-01   3.3333333e-01
   8.1227035e-01   2.9166667e-01   6.4166667e-01   1.6666667e-01
   9.1237056e-01   2.8333333e-01   6.5000000e-01   1.6666667e-01
   9.2105556e-01   2.8333333e-01   6.5000000e-01   1.6666667e-01
   8.9399844e-01   2.8333333e-01   6.5833333e-01   3.3333333e-01
   8.4266785e-01   2.8333333e-01   6.5833333e-01   3.3333333e-01
   7.7597150e-01   2.8333333e-01   6.5833333e-01   3.3333333e-01
   7.6661842e-01   2.9166667e-01   6.5833333e-01   3.3333333e-01
   7.6416880e-01   2.9166667e-01   6.6666667e-01   1.6666667e-01
   7.3800245e-01   3.0000000e-01   6.5833333e-01   3.3333333e-01
   6.5861263e-01   3.0833333e-01   6.5833333e-01   3.3333333e-01
   5.5038414e-01   3.0833333e-01   6.5000000e-01   3.3333333e-01
   4.4081951e-01   3.1666667e-01   6.4166667e-01   3.3333333e-01
   3.4662064e-01   3.2500000e-01   6.1666667e-01   3.3333333e-01
   2.6478120e-01   3.4166667e-01   5.9166667e-01   3.3333333e-01
   1.8138292e-01   3.5833333e-01   5.8333333e-01   5.0000000e-01
   1.2248079e-01   5.2500000e-01   5.6666667e-01   1.6666667e-01
   1.0065694e-01   5.2500000e-01   5.9166667e-01   3.3333333e-01
   1.0678098e-01   5.1666667e-01   5.9166667e-01   3.3333333e-01
   1.2515310e-01   5.1666667e-01   6.0000000e-01   1.6666667e-01
   1.6089522e-01   5.1666667e-01   6.0000000e-01   1.6666667e-01
   2.0342946e-01   5.1666667e-01   6.0000000e-01   1.6666667e-01
   2.2469658e-01   5.1666667e-01   6.0833333e-01   1.6666667e-01
   2.3026389e-01   5.2500000e-01   6.1666667e-01   1.6666667e-01
   2.2157889e-01   5.2500000e-01   6.2500000e-01   1.6666667e-01
   2.1512081e-01   5.3333333e-01   6.3333333e-01   1.6666667e-01
   1.9530119e-01   5.4166667e-01   6.4166667e-01   1.6666667e-01
   1.5911368e-01   5.5000000e-01   6.4166667e-01   1.6666667e-01
   1.2671195e-01   6.0833333e-01   6.5000000e-01   1.6666667e-01
   8.0614631e-02   6.1666667e-01   6.5000000e-01   1.6666667e-01
   6.9480013e-02   6.2500000e-01   6.5000000e-01   1.6666667e-01
   5.6786549e-02   6.3333333e-01   6.5833333e-01   1.6666667e-01
   4.5874624e-02   6.4166667e-01   6.5833333e-01   1.6666667e-01
   4.1532123e-02   6.5000000e-01   6.5833333e-01   1.6666667e-01
   3.9527892e-02   6.5000000e-01   6.6666667e-01   1.6666667e-01
   3.8414430e-02   6.5000000e-01   6.6666667e-01   1.6666667e-01
   3.8525777e-02   6.5000000e-01   6.6666667e-01   1.6666667e-01
   3.9416546e-02   6.5000000e-01   6.6666667e-01   1.6666667e-01
   4.0752700e-02   6.4166667e-01   6.6666667e-01   1.6666667e-01
   4.3981739e-02   6.4166667e-01   6.5833333e-01   1.6666667e-01
   4.3536355e-02   6.4166667e-01   6.5833333e-01   1.6666667e-01
   4.8101548e-02   6.2500000e-01   6.5833333e-01   1.6666667e-01
   5.1553279e-02   6.2500000e-01   6.5000000e-01   1.6666667e-01
   6.5471551e-02   6.1666667e-01   6.4166667e-01   1.6666667e-01
   8.3955016e-02   5.9166667e-01   6.4166667e-01   1.6666667e-01
   1.3394945e-01   5.7500000e-01   6.4166667e-01   1.6666667e-01
   2.2636677e-01   5.2500000e-01   6.3333333e-01   1.6666667e-01
   2.8382140e-01   5.1666667e-01   6.2500000e-01   1.6666667e-01
   2.8916602e-01   5.1666667e-01   6.1666667e-01   1.6666667e-01
   2.7747467e-01   5.1666667e-01   6.1666667e-01   1.6666667e-01
   2.6478120e-01   5.1666667e-01   6.1666667e-01   1.6666667e-01
   2.4674312e-01   5.1666667e-01   6.1666667e-01   1.6666667e-01
   2.1333927e-01   5.2500000e-01   6.0833333e-01   1.6666667e-01
   1.8360984e-01   5.2500000e-01   6.0000000e-01   1.6666667e-01
   2.2035408e-01   5.3333333e-01   6.7500000e-01   3.3333333e-01
   2.7769736e-01   5.4166667e-01   6.8333333e-01   1.6666667e-01
   3.0809487e-01   5.8333333e-01   6.9166667e-01   1.6666667e-01
   2.8181717e-01   5.9166667e-01   6.9166667e-01   1.6666667e-01
   2.5798909e-01   5.9166667e-01   6.9166667e-01   1.6666667e-01
   2.2525331e-01   6.0000000e-01   6.9166667e-01   1.6666667e-01
   1.7960138e-01   6.0833333e-01   6.9166667e-01   1.6666667e-01
   1.3394945e-01   6.1666667e-01   6.8333333e-01   1.6666667e-01
   9.1749248e-02   6.2500000e-01   6.7500000e-01   1.6666667e-01
   4.6988086e-02   6.3333333e-01   6.5833333e-01   1.6666667e-01
   2.1044427e-02   6.3177083e-01   6.5572917e-01   0.0000000e+00
   0.0000000e+00   6.3020833e-01   6.5312500e-01   0.0000000e+00
   1.3361541e-03   6.2864583e-01   6.5052083e-01   0.0000000e+00
   1.3361541e-03   6.2708333e-01   6.4791667e-01   0.0000000e+00
   1.3361541e-03   6.2552083e-01   6.4531250e-01   0.0000000e+00
   1.3361541e-03   6.2395833e-01   6.4270833e-01   0.0000000e+00
   2.2269235e-03   6.2239583e-01   6.4010417e-01   0.0000000e+00
   1.0689233e-02   6.2083333e-01   6.3750000e-01   0.0000000e+00
   1.2248079e-02   6.1927083e-01   6.3489583e-01   0.0000000e+00
   1.7147311e-02   6.1770833e-01   6.3229167e-01   0.0000000e+00
   1.8706157e-02   6.1614583e-01   6.2968750e-01   0.0000000e+00
   2.2046543e-02   6.1458333e-01   6.2708333e-01   0.0000000e+00
   1.8149427e-02   6.1302083e-01   6.2447917e-01   0.0000000e+00
   2.1823850e-02   6.1145833e-01   6.2187500e-01   0.0000000e+00
   2.5609620e-02   6.0989583e-01   6.1927083e-01   0.0000000e+00
   3.8191738e-02   6.0833333e-01   6.1666667e-01   1.6666667e-01
   7.7942323e-02   5.7500000e-01   6.1666667e-01   1.6666667e-01
   1.7648369e-01   5.2500000e-01   6.2500000e-01   3.3333333e-01
   3.1343948e-01   4.9166667e-01   6.2500000e-01   1.6666667e-01
   4.2099989e-01   4.7500000e-01   6.3333333e-01   1.6666667e-01
   4.8290836e-01   4.6666667e-01   6.4166667e-01   1.6666667e-01
   5.0584567e-01   4.5833333e-01   6.5000000e-01   1.6666667e-01
   5.3334818e-01   4.5000000e-01   6.5000000e-01   1.6666667e-01
   5.5639684e-01   4.0000000e-01   6.5833333e-01   3.3333333e-01
   5.4837991e-01   3.8333333e-01   6.5833333e-01   3.3333333e-01
   5.2900568e-01   3.6666667e-01   6.6666667e-01   3.3333333e-01
   4.8636009e-01   3.5833333e-01   6.6666667e-01   3.3333333e-01
   4.2667854e-01   3.5000000e-01   6.6666667e-01   5.0000000e-01
   3.7957911e-01   3.5000000e-01   6.6666667e-01   5.0000000e-01
   3.3303641e-01   3.5000000e-01   6.6666667e-01   5.0000000e-01
   3.6811046e-01   3.5833333e-01   6.6666667e-01   6.6666667e-01
   4.4827970e-01   3.5833333e-01   6.6666667e-01   5.0000000e-01
   5.1241510e-01   3.6666667e-01   6.6666667e-01   3.3333333e-01
   5.1575548e-01   3.6666667e-01   6.6666667e-01   3.3333333e-01
   4.5796682e-01   3.7500000e-01   6.6666667e-01   3.3333333e-01
   3.8069257e-01   3.8333333e-01   6.6666667e-01   3.3333333e-01
   3.0731544e-01   3.9166667e-01   6.5833333e-01   3.3333333e-01
   2.2258100e-01   4.0000000e-01   6.5000000e-01   3.3333333e-01
   1.4575214e-01   5.7500000e-01   6.3333333e-01   1.6666667e-01
   6.8477898e-02   5.7500000e-01   6.0000000e-01   1.6666667e-01
   3.6632892e-02   5.8333333e-01   6.0000000e-01   1.6666667e-01
   2.0821735e-02   5.9166667e-01   5.9166667e-01   1.6666667e-01
   1.6367888e-02   5.9375000e-01   5.9375000e-01   0.0000000e+00
   1.1802695e-02   5.9583333e-01   5.9583333e-01   0.0000000e+00
   1.3250195e-02   5.9791667e-01   5.9791667e-01   0.0000000e+00
   1.4809041e-02   6.0000000e-01   6.0000000e-01   1.6666667e-01
   1.5811157e-02   6.0000000e-01   6.0000000e-01   1.6666667e-01
   1.9708273e-02   5.9166667e-01   6.0000000e-01   1.6666667e-01
   2.2269235e-02   5.9166667e-01   5.9166667e-01   1.6666667e-01
   3.0508852e-02   5.8333333e-01   6.0000000e-01   1.6666667e-01
   4.9771740e-02   5.8333333e-01   6.0000000e-01   1.6666667e-01
   7.4935976e-02   5.7500000e-01   6.0000000e-01   1.6666667e-01
   1.0655829e-01   5.7500000e-01   6.0833333e-01   1.6666667e-01
   1.4463868e-01   5.7500000e-01   6.2500000e-01   1.6666667e-01
   1.8951119e-01   5.7500000e-01   6.5000000e-01   1.6666667e-01
   2.2124485e-01   5.7500000e-01   6.5833333e-01   1.6666667e-01
   2.3972832e-01   5.7500000e-01   6.6666667e-01   1.6666667e-01
   2.3995101e-01   5.8333333e-01   6.6666667e-01   1.6666667e-01
   2.1935197e-01   5.8333333e-01   6.6666667e-01   1.6666667e-01
   1.8862042e-01   5.9166667e-01   6.7500000e-01   1.6666667e-01
   1.5443715e-01   6.0000000e-01   6.7500000e-01   1.6666667e-01
   1.2526445e-01   6.1666667e-01   6.7500000e-01   1.6666667e-01
   9.5312326e-02   6.4166667e-01   6.8333333e-01   1.6666667e-01
   7.6049438e-02   6.5833333e-01   6.8333333e-01   1.6666667e-01
   6.4246743e-02   6.5833333e-01   6.8333333e-01   1.6666667e-01
   6.0460973e-02   6.5833333e-01   6.8333333e-01   1.6666667e-01
   5.6563857e-02   6.5833333e-01   6.8333333e-01   1.6666667e-01
   5.4225587e-02   6.5833333e-01   6.8333333e-01   1.6666667e-01
   5.6675203e-02   6.5000000e-01   6.8333333e-01   1.6666667e-01
   5.7454626e-02   6.5000000e-01   6.7500000e-01   1.6666667e-01
   6.2465204e-02   6.4166667e-01   6.6666667e-01   1.6666667e-01
   8.9188286e-02   6.0833333e-01   6.5833333e-01   1.6666667e-01
   1.2403964e-01   5.9166667e-01   6.5000000e-01   1.6666667e-01
   1.5488253e-01   5.8333333e-01   6.5000000e-01   1.6666667e-01
   1.7247523e-01   5.8333333e-01   6.4166667e-01   1.6666667e-01
   1.8795234e-01   5.7500000e-01   6.4166667e-01   1.6666667e-01
   2.0521100e-01   5.7500000e-01   6.4166667e-01   1.6666667e-01
   2.1033293e-01   5.6666667e-01   6.4166667e-01   1.6666667e-01
   2.2002004e-01   5.6666667e-01   6.5000000e-01   1.6666667e-01
   2.2436254e-01   5.7500000e-01   6.5000000e-01   1.6666667e-01
   2.2169023e-01   5.7500000e-01   6.5833333e-01   1.6666667e-01
   2.1233716e-01   5.8333333e-01   6.5833333e-01   1.6666667e-01
   1.8895446e-01   5.9166667e-01   6.5833333e-01   1.6666667e-01
   1.5877965e-01   6.0000000e-01   6.6666667e-01   1.6666667e-01
   1.3439483e-01   6.0833333e-01   6.6666667e-01   1.6666667e-01
   1.0822848e-01   6.2500000e-01   6.7500000e-01   1.6666667e-01
   8.8520209e-02   6.4166667e-01   6.7500000e-01   1.6666667e-01
   7.9278477e-02   6.5000000e-01   6.7500000e-01   1.6666667e-01
   8.3620978e-02   6.5000000e-01   6.7500000e-01   1.6666667e-01
   8.6961363e-02   6.5000000e-01   6.8333333e-01   1.6666667e-01
   9.0413094e-02   6.5000000e-01   6.8333333e-01   1.6666667e-01
   9.0858479e-02   6.4166667e-01   6.8333333e-01   1.6666667e-01
   9.1637902e-02   6.4166667e-01   6.8333333e-01   1.6666667e-01
   8.6515978e-02   6.4166667e-01   6.7500000e-01   1.6666667e-01
   8.4734439e-02   6.3333333e-01   6.7500000e-01   1.6666667e-01
   7.6272130e-02   6.2500000e-01   6.6666667e-01   1.6666667e-01
   7.5604053e-02   6.2500000e-01   6.6666667e-01   1.6666667e-01
   6.4580782e-02   6.1666667e-01   6.5833333e-01   1.6666667e-01
   5.2110010e-02   6.1666667e-01   6.5000000e-01   1.6666667e-01
   4.3647701e-02   6.1666667e-01   6.3333333e-01   1.6666667e-01
   3.3069814e-02   6.1666667e-01   6.3333333e-01   1.6666667e-01
   2.3716735e-02   6.1250000e-01   6.2500000e-01   0.0000000e+00
   1.5365772e-02   6.0833333e-01   6.1666667e-01   0.0000000e+00
   1.6479234e-02   6.0416667e-01   6.0833333e-01   0.0000000e+00
   2.4607505e-02   6.0000000e-01   6.0000000e-01   1.6666667e-01
   4.3090970e-02   5.9166667e-01   6.0833333e-01   1.6666667e-01
   6.5805590e-02   5.9166667e-01   6.1666667e-01   1.6666667e-01
   9.0190402e-02   5.9166667e-01   6.2500000e-01   1.6666667e-01
   1.1346175e-01   5.9166667e-01   6.4166667e-01   1.6666667e-01
   1.2793676e-01   6.0000000e-01   6.5000000e-01   1.6666667e-01
   1.2281483e-01   6.0000000e-01   6.5833333e-01   1.6666667e-01
   1.1090079e-01   6.0833333e-01   6.5833333e-01   1.6666667e-01
   9.5980403e-02   6.1666667e-01   6.6666667e-01   1.6666667e-01
   7.6383476e-02   6.2500000e-01   6.6666667e-01   1.6666667e-01
   6.2131166e-02   6.4166667e-01   6.7500000e-01   1.6666667e-01
   4.5095201e-02   6.5833333e-01   6.7500000e-01   1.6666667e-01
   3.7300969e-02   6.6666667e-01   6.8333333e-01   1.6666667e-01
   3.3403853e-02   6.6666667e-01   6.8333333e-01   1.6666667e-01
   3.7746353e-02   6.7500000e-01   6.8333333e-01   1.6666667e-01
   3.6187507e-02   6.7500000e-01   6.9166667e-01   1.6666667e-01
   3.2290391e-02   6.7500000e-01   6.9166667e-01   1.6666667e-01
   3.2401737e-02   6.7500000e-01   6.9166667e-01   1.6666667e-01
   3.3181160e-02   6.7500000e-01   6.9166667e-01   1.6666667e-01
   3.7412315e-02   6.7500000e-01   6.9166667e-01   1.6666667e-01
   3.8191738e-02   6.7500000e-01   6.9166667e-01   1.6666667e-01
   3.8859815e-02   6.7500000e-01   6.9166667e-01   1.6666667e-01
   3.8414430e-02   6.7500000e-01   6.9166667e-01   1.6666667e-01
   3.6187507e-02   6.7500000e-01   6.9166667e-01   1.6666667e-01
   3.1399621e-02   6.7500000e-01   6.9166667e-01   1.6666667e-01
   2.2603274e-02   6.8333333e-01   6.9166667e-01   1.6666667e-01
   1.8817504e-02   6.8125000e-01   6.8750000e-01   0.0000000e+00
   2.0042312e-02   6.7916667e-01   6.8333333e-01   0.0000000e+00
   1.7926734e-02   6.7708333e-01   6.7916667e-01   0.0000000e+00
   1.9374234e-02   6.7500000e-01   6.7500000e-01   1.6666667e-01
   1.9708273e-02   6.7500000e-01   6.7500000e-01   1.6666667e-01
   3.1065583e-02   8.0833333e-01   8.2500000e-01   0.0000000e+00
   6.4692128e-02   9.4166667e-01   9.7500000e-01   1.6666667e-01
   1.3372676e-01   6.1666667e-01   9.8333333e-01   3.3333333e-01
   2.2180158e-01   6.0833333e-01   9.9166667e-01   3.3333333e-01
   2.9517871e-01   6.0000000e-01   9.9166667e-01   3.3333333e-01
   3.5051776e-01   6.0000000e-01   1.0000000e+00   3.3333333e-01
   3.9104777e-01   6.0000000e-01   1.0000000e+00   3.3333333e-01
   4.1476450e-01   5.9166667e-01   1.0000000e+00   5.0000000e-01
   4.0652489e-01   5.9166667e-01   1.0000000e+00   6.6666667e-01
   3.7456853e-01   5.9166667e-01   1.0000000e+00   5.0000000e-01
   3.4984968e-01   5.8333333e-01   1.0000000e+00   5.0000000e-01
   3.4461641e-01   5.8333333e-01   1.0000000e+00   5.0000000e-01
   3.3570872e-01   5.8333333e-01   1.0000000e+00   6.6666667e-01
   3.3916045e-01   5.7500000e-01   1.0000000e+00   6.6666667e-01
   3.3492930e-01   5.7500000e-01   1.0000000e+00   6.6666667e-01
   3.6900122e-01   5.7500000e-01   1.0000000e+00   6.6666667e-01
   4.4527335e-01   5.7500000e-01   1.0000000e+00   6.6666667e-01
   5.7243069e-01   5.8333333e-01   9.9166667e-01   5.0000000e-01
   7.4234495e-01   5.8333333e-01   9.9166667e-01   3.3333333e-01
   8.8898786e-01   5.8333333e-01   9.8333333e-01   5.0000000e-01
   9.7539250e-01   5.9166667e-01   9.7500000e-01   1.6666667e-01
   1.0000000e+00   5.9166667e-01   9.7500000e-01   1.6666667e-01
   9.7427903e-01   6.0000000e-01   9.6666667e-01   1.6666667e-01
   8.9555729e-01   6.0833333e-01   9.6666667e-01   1.6666667e-01
   7.7196303e-01   6.1666667e-01   9.5833333e-01   1.6666667e-01
   6.3066474e-01   6.2500000e-01   9.1666667e-01   1.6666667e-01
   4.8224029e-01   6.3333333e-01   9.0000000e-01   1.6666667e-01
   3.4639795e-01   6.4166667e-01   8.2500000e-01   1.6666667e-01
   2.2336043e-01   6.6666667e-01   8.0000000e-01   1.6666667e-01
   1.4552945e-01   6.7500000e-01   7.5000000e-01   1.6666667e-01
   9.0413094e-02   6.8333333e-01   7.4166667e-01   1.6666667e-01
   7.0148090e-02   6.8333333e-01   7.0000000e-01   1.6666667e-01
   5.1664625e-02   6.6666667e-01   7.0000000e-01   3.3333333e-01
   5.4782318e-02   6.5833333e-01   6.9166667e-01   1.6666667e-01
   5.6341165e-02   6.5833333e-01   6.7500000e-01   1.6666667e-01
   5.1887318e-02   6.5000000e-01   6.7500000e-01   1.6666667e-01
   4.5985970e-02   6.5000000e-01   6.7500000e-01   1.6666667e-01
   4.8212894e-02   6.5833333e-01   6.7500000e-01   1.6666667e-01
   4.3647701e-02   6.1666667e-01   6.2500000e-01   1.6666667e-01
   3.1399621e-02   6.2500000e-01   6.3333333e-01   1.6666667e-01
   3.6966930e-02   6.2500000e-01   6.3333333e-01   1.6666667e-01
   3.7523661e-02   6.2500000e-01   6.3333333e-01   1.6666667e-01
   3.5853468e-02   6.1250000e-01   6.2083333e-01   0.0000000e+00
   3.5742122e-02   6.0000000e-01   6.0833333e-01   1.6666667e-01
   5.5339049e-02   5.7500000e-01   6.0833333e-01   1.6666667e-01
   8.6627324e-02   5.5833333e-01   6.0833333e-01   1.6666667e-01
   1.6078388e-01   5.2500000e-01   6.0833333e-01   1.6666667e-01
   2.7936755e-01   4.9166667e-01   6.1666667e-01   1.6666667e-01
   3.9160450e-01   4.8333333e-01   6.3333333e-01   1.6666667e-01
   4.8502394e-01   4.6666667e-01   6.5000000e-01   1.6666667e-01
   5.5060684e-01   4.3333333e-01   6.5833333e-01   1.6666667e-01
   5.7977953e-01   4.1666667e-01   6.5833333e-01   1.6666667e-01
   6.2465204e-01   2.9166667e-01   6.6666667e-01   3.3333333e-01
   6.3166685e-01   2.7500000e-01   6.6666667e-01   3.3333333e-01
   5.9536800e-01   2.6666667e-01   6.6666667e-01   3.3333333e-01
   5.4014030e-01   2.6666667e-01   6.7500000e-01   3.3333333e-01
   4.7633894e-01   2.6666667e-01   6.7500000e-01   5.0000000e-01
   4.4583009e-01   2.6666667e-01   6.7500000e-01   5.0000000e-01
   4.2400624e-01   2.6666667e-01   6.6666667e-01   5.0000000e-01
   4.3213451e-01   2.6666667e-01   6.5000000e-01   5.0000000e-01
   4.6164124e-01   2.7500000e-01   6.3333333e-01   5.0000000e-01
   5.3045318e-01   2.7500000e-01   6.0833333e-01   5.0000000e-01
   5.7755261e-01   2.8333333e-01   6.0833333e-01   3.3333333e-01
   5.8000223e-01   2.8333333e-01   6.0833333e-01   3.3333333e-01
   5.5238838e-01   2.9166667e-01   6.1666667e-01   3.3333333e-01
   5.0395279e-01   3.0000000e-01   6.2500000e-01   3.3333333e-01
   4.2623316e-01   3.0833333e-01   6.2500000e-01   3.3333333e-01
   3.4405968e-01   3.1666667e-01   6.3333333e-01   3.3333333e-01
   2.6556063e-01   3.3333333e-01   6.3333333e-01   3.3333333e-01
   1.8472330e-01   3.5000000e-01   6.4166667e-01   3.3333333e-01
   1.1602271e-01   3.8333333e-01   6.4166667e-01   3.3333333e-01
   6.8700590e-02   6.2500000e-01   6.4166667e-01   1.6666667e-01
   4.0641354e-02   6.3333333e-01   6.5000000e-01   1.6666667e-01
   3.6744238e-02   6.4166667e-01   6.5000000e-01   1.6666667e-01
   3.8080392e-02   6.4166667e-01   6.5000000e-01   1.6666667e-01
   3.4071930e-02   6.4166667e-01   6.5833333e-01   1.6666667e-01
   3.4517314e-02   6.5000000e-01   6.5833333e-01   1.6666667e-01
   3.4740007e-02   6.5000000e-01   6.5833333e-01   1.6666667e-01
   3.8303084e-02   6.5000000e-01   6.5833333e-01   1.6666667e-01
   3.7189623e-02   6.5000000e-01   6.5833333e-01   1.6666667e-01
   3.8859815e-02   6.5000000e-01   6.5833333e-01   1.6666667e-01
   4.1532123e-02   6.4166667e-01   6.5833333e-01   1.6666667e-01
   4.2868277e-02   6.4166667e-01   6.5833333e-01   1.6666667e-01
   4.5429240e-02   6.4166667e-01   6.5833333e-01   1.6666667e-01
   4.6876740e-02   6.4166667e-01   6.5833333e-01   1.6666667e-01
   4.8324240e-02   6.3333333e-01   6.5000000e-01   1.6666667e-01
   5.3223472e-02   6.3333333e-01   6.5000000e-01   1.6666667e-01
   5.3000779e-02   6.3333333e-01   6.5000000e-01   1.6666667e-01
   4.7433471e-02   6.3333333e-01   6.5000000e-01   1.6666667e-01
   4.3536355e-02   6.3333333e-01   6.4166667e-01   1.6666667e-01
   3.8191738e-02   6.3333333e-01   6.4166667e-01   1.6666667e-01
   3.2847122e-02   6.3333333e-01   6.4166667e-01   0.0000000e+00
