   2.7600000e+02
   7.5344714e-02   5.4166667e-01   6.2500000e-01   1.6666667e-01
   1.6382141e-01   5.2083333e-01   6.4583333e-01   1.6666667e-01
   2.3489823e-01   5.2083333e-01   6.6666667e-01   1.6666667e-01
   2.6707157e-01   5.0000000e-01   6.8750000e-01   1.6666667e-01
   2.6986211e-01   5.0000000e-01   6.8750000e-01   1.6666667e-01
   2.7921865e-01   4.7916667e-01   7.0833333e-01   1.6666667e-01
   2.7265266e-01   4.1666667e-01   7.0833333e-01   1.6666667e-01
   2.6050558e-01   4.1666667e-01   7.0833333e-01   1.6666667e-01
   2.3883782e-01   3.9583333e-01   7.2916667e-01   3.3333333e-01
   2.0912672e-01   3.7500000e-01   7.2916667e-01   3.3333333e-01
   1.9254760e-01   3.7500000e-01   7.2916667e-01   3.3333333e-01
   1.9221930e-01   3.7500000e-01   7.2916667e-01   3.3333333e-01
   1.9024951e-01   3.7500000e-01   7.2916667e-01   3.3333333e-01
   1.9107026e-01   3.7500000e-01   7.2916667e-01   3.3333333e-01
   2.2537754e-01   3.7500000e-01   7.2916667e-01   3.3333333e-01
   2.8250164e-01   3.7500000e-01   7.0833333e-01   3.3333333e-01
   3.4258043e-01   3.9583333e-01   7.0833333e-01   1.6666667e-01
   3.7179908e-01   3.9583333e-01   6.6666667e-01   1.6666667e-01
   3.7688772e-01   3.9583333e-01   6.0416667e-01   1.6666667e-01
   3.5669731e-01   3.7500000e-01   6.0416667e-01   1.6666667e-01
   3.4028234e-01   3.7500000e-01   6.0416667e-01   1.6666667e-01
   3.0449770e-01   3.7500000e-01   6.2500000e-01   1.6666667e-01
   2.7035456e-01   3.9583333e-01   6.2500000e-01   1.6666667e-01
   2.2652659e-01   3.9583333e-01   6.2500000e-01   1.6666667e-01
   1.7596848e-01   4.1666667e-01   6.4583333e-01   3.3333333e-01
   1.2606697e-01   5.8333333e-01   6.4583333e-01   1.6666667e-01
   7.0584373e-02   6.0416667e-01   6.4583333e-01   1.6666667e-01
   5.6139199e-02   6.0416667e-01   6.6666667e-01   1.6666667e-01
   4.2350624e-02   6.2500000e-01   6.6666667e-01   1.6666667e-01
   3.5456336e-02   6.2500000e-01   6.6666667e-01   1.6666667e-01
   3.0367695e-02   6.2500000e-01   6.6666667e-01   1.6666667e-01
   3.0695995e-02   6.2500000e-01   6.6666667e-01   1.6666667e-01
   2.6920552e-02   6.2500000e-01   6.4583333e-01   1.6666667e-01
   2.7413001e-02   6.0416667e-01   6.4583333e-01   1.6666667e-01
   2.9382797e-02   6.0416667e-01   6.2500000e-01   1.6666667e-01
   2.8069599e-02   6.0416667e-01   6.2500000e-01   1.6666667e-01
   3.5784636e-02   5.8333333e-01   6.2500000e-01   1.6666667e-01
   4.2350624e-02   5.8333333e-01   6.2500000e-01   1.6666667e-01
   5.7616546e-02   5.8333333e-01   6.2500000e-01   1.6666667e-01
   7.2554169e-02   5.2083333e-01   5.4166667e-01   1.6666667e-01
   1.2721602e-01   4.1666667e-01   5.4166667e-01   3.3333333e-01
   1.7941563e-01   4.1666667e-01   5.4166667e-01   1.6666667e-01
   2.3260013e-01   2.0833333e-01   5.4166667e-01   3.3333333e-01
   3.3371635e-01   2.0833333e-01   5.8333333e-01   3.3333333e-01
   4.9244911e-01   1.8750000e-01   6.0416667e-01   3.3333333e-01
   6.6283651e-01   1.6666667e-01   6.2500000e-01   1.6666667e-01
   7.5705844e-01   1.6666667e-01   6.4583333e-01   1.6666667e-01
   7.4803020e-01   1.6666667e-01   6.6666667e-01   1.6666667e-01
   6.6661195e-01   1.6666667e-01   6.6666667e-01   1.6666667e-01
   5.7797111e-01   1.6666667e-01   6.6666667e-01   1.6666667e-01
   4.9261326e-01   1.8750000e-01   6.8750000e-01   1.6666667e-01
   3.8214051e-01   1.8750000e-01   6.8750000e-01   3.3333333e-01
   2.8447144e-01   2.0833333e-01   6.8750000e-01   3.3333333e-01
   1.7071569e-01   2.0833333e-01   6.8750000e-01   3.3333333e-01
   1.2212738e-01   2.2916667e-01   6.8750000e-01   3.3333333e-01
   1.1818779e-01   6.0416667e-01   6.8750000e-01   1.6666667e-01
   1.2245568e-01   6.0416667e-01   6.8750000e-01   1.6666667e-01
   1.3214051e-01   5.8333333e-01   6.8750000e-01   1.6666667e-01
   1.5101773e-01   5.4166667e-01   6.8750000e-01   1.6666667e-01
   1.7087984e-01   5.2083333e-01   6.6666667e-01   1.6666667e-01
   1.8795141e-01   4.5833333e-01   6.4583333e-01   1.6666667e-01
   2.0485883e-01   4.3750000e-01   6.4583333e-01   1.6666667e-01
   2.1864741e-01   3.9583333e-01   6.2500000e-01   1.6666667e-01
   2.5541694e-01   3.5416667e-01   6.0416667e-01   1.6666667e-01
   3.2058437e-01   3.1250000e-01   5.6250000e-01   1.6666667e-01
   3.7376888e-01   2.0833333e-01   5.4166667e-01   1.6666667e-01
   4.3417597e-01   1.8750000e-01   5.2083333e-01   1.6666667e-01
   5.0426789e-01   1.6666667e-01   5.0000000e-01   1.6666667e-01
   5.9766907e-01   1.2500000e-01   5.2083333e-01   1.6666667e-01
   7.0403808e-01   8.3333333e-02   5.4166667e-01   1.6666667e-01
   7.7987525e-01   6.2500000e-02   5.6250000e-01   1.6666667e-01
   8.0646750e-01   6.2500000e-02   5.8333333e-01   1.6666667e-01
   7.6920552e-01   6.2500000e-02   5.8333333e-01   1.6666667e-01
   6.7793828e-01   8.3333333e-02   6.0416667e-01   1.6666667e-01
   5.7797111e-01   1.0416667e-01   6.2500000e-01   1.6666667e-01
   4.7603414e-01   1.0416667e-01   6.2500000e-01   1.6666667e-01
   3.6178595e-01   1.8750000e-01   6.4583333e-01   3.3333333e-01
   2.4540381e-01   5.2083333e-01   6.4583333e-01   1.6666667e-01
   1.4773473e-01   5.6250000e-01   6.4583333e-01   1.6666667e-01
   1.1309915e-01   5.8333333e-01   6.6666667e-01   1.6666667e-01
   1.1096520e-01   5.8333333e-01   6.6666667e-01   1.6666667e-01
   1.0817466e-01   5.8333333e-01   6.6666667e-01   1.6666667e-01
   1.2984242e-01   6.0416667e-01   6.6666667e-01   1.6666667e-01
   1.3427446e-01   6.0416667e-01   6.6666667e-01   1.6666667e-01
   1.2688772e-01   5.8333333e-01   6.8750000e-01   1.6666667e-01
   1.3542351e-01   5.8333333e-01   6.8750000e-01   1.6666667e-01
   1.3640840e-01   5.8333333e-01   6.8750000e-01   1.6666667e-01
   1.3525936e-01   5.8333333e-01   6.8750000e-01   1.6666667e-01
   1.5495732e-01   5.8333333e-01   6.8750000e-01   1.6666667e-01
   2.2997374e-01   4.3750000e-01   6.8750000e-01   3.3333333e-01
   3.4750492e-01   3.9583333e-01   6.6666667e-01   1.6666667e-01
   4.5321733e-01   3.7500000e-01   6.6666667e-01   1.6666667e-01
   4.9343401e-01   3.5416667e-01   6.6666667e-01   1.6666667e-01
   5.0590939e-01   3.3333333e-01   6.6666667e-01   1.6666667e-01
   5.1805647e-01   3.3333333e-01   6.6666667e-01   1.6666667e-01
   5.1263953e-01   3.3333333e-01   6.4583333e-01   1.6666667e-01
   5.0787919e-01   3.3333333e-01   6.4583333e-01   1.6666667e-01
   5.0377544e-01   3.3333333e-01   6.4583333e-01   1.6666667e-01
   4.9688116e-01   3.3333333e-01   6.4583333e-01   1.6666667e-01
   5.0246225e-01   3.3333333e-01   6.4583333e-01   1.6666667e-01
   4.8686802e-01   3.5416667e-01   6.6666667e-01   1.6666667e-01
   4.4944189e-01   3.5416667e-01   6.6666667e-01   1.6666667e-01
   4.0741957e-01   3.7500000e-01   6.6666667e-01   1.6666667e-01
   3.6227840e-01   3.9583333e-01   6.6666667e-01   1.6666667e-01
   3.1434668e-01   4.1666667e-01   6.8750000e-01   1.6666667e-01
   2.8020355e-01   4.3750000e-01   6.8750000e-01   1.6666667e-01
   2.4885095e-01   4.5833333e-01   6.8750000e-01   3.3333333e-01
   2.3128693e-01   5.4166667e-01   6.8750000e-01   1.6666667e-01
   2.2948129e-01   5.4166667e-01   6.8750000e-01   1.6666667e-01
   2.3358503e-01   5.2083333e-01   6.8750000e-01   1.6666667e-01
   2.4983585e-01   5.0000000e-01   6.8750000e-01   1.6666667e-01
   2.7117531e-01   4.7916667e-01   6.8750000e-01   1.6666667e-01
   2.7560735e-01   4.5833333e-01   6.6666667e-01   1.6666667e-01
   2.7954695e-01   4.3750000e-01   6.6666667e-01   1.6666667e-01
   2.8644123e-01   4.1666667e-01   6.2500000e-01   1.6666667e-01
   2.8759028e-01   4.1666667e-01   6.0416667e-01   1.6666667e-01
   2.7445831e-01   3.9583333e-01   6.0416667e-01   1.6666667e-01
   2.6378858e-01   3.9583333e-01   5.8333333e-01   1.6666667e-01
   2.7019041e-01   3.7500000e-01   5.8333333e-01   1.6666667e-01
   2.6460932e-01   3.7500000e-01   5.6250000e-01   1.6666667e-01
   2.5147735e-01   3.7500000e-01   5.4166667e-01   1.6666667e-01
   2.3177938e-01   3.7500000e-01   5.4166667e-01   1.6666667e-01
   2.1520026e-01   3.5416667e-01   5.2083333e-01   1.6666667e-01
   2.0584373e-01   3.5416667e-01   5.2083333e-01   1.6666667e-01
   2.1766251e-01   3.7500000e-01   5.2083333e-01   1.6666667e-01
   2.8036770e-01   3.7500000e-01   5.6250000e-01   1.6666667e-01
   3.5801051e-01   3.7500000e-01   6.4583333e-01   1.6666667e-01
   4.1562705e-01   3.9583333e-01   6.6666667e-01   1.6666667e-01
   4.1004596e-01   3.9583333e-01   6.6666667e-01   1.6666667e-01
   3.9182534e-01   4.1666667e-01   6.6666667e-01   1.6666667e-01
   3.6096520e-01   4.3750000e-01   6.8750000e-01   1.6666667e-01
   3.3568615e-01   4.3750000e-01   6.8750000e-01   1.6666667e-01
   3.0088641e-01   4.5833333e-01   6.6666667e-01   1.6666667e-01
   2.6690742e-01   4.5833333e-01   6.4583333e-01   1.6666667e-01
   2.2833224e-01   4.5833333e-01   6.4583333e-01   1.6666667e-01
   1.9172685e-01   4.5833333e-01   6.2500000e-01   1.6666667e-01
   1.6956664e-01   4.3750000e-01   6.0416667e-01   1.6666667e-01
   1.6135916e-01   4.1666667e-01   5.6250000e-01   1.6666667e-01
   1.4954038e-01   4.1666667e-01   5.4166667e-01   1.6666667e-01
   1.4954038e-01   4.1666667e-01   5.2083333e-01   1.6666667e-01
   1.4395929e-01   3.9583333e-01   5.2083333e-01   1.6666667e-01
   1.3903480e-01   3.9583333e-01   5.0000000e-01   1.6666667e-01
   1.3624425e-01   3.9583333e-01   5.0000000e-01   1.6666667e-01
   1.2885752e-01   3.9583333e-01   5.0000000e-01   1.6666667e-01
   1.3427446e-01   4.1666667e-01   5.0000000e-01   1.6666667e-01
   1.3033487e-01   4.1666667e-01   5.2083333e-01   1.6666667e-01
   1.4018385e-01   4.3750000e-01   5.2083333e-01   1.6666667e-01
   1.4839133e-01   4.3750000e-01   5.6250000e-01   1.6666667e-01
   1.5118188e-01   4.5833333e-01   5.8333333e-01   1.6666667e-01
   1.4560079e-01   4.7916667e-01   6.0416667e-01   1.6666667e-01
   1.3033487e-01   5.0000000e-01   6.0416667e-01   1.6666667e-01
   1.1818779e-01   5.2083333e-01   6.2500000e-01   1.6666667e-01
   1.0538411e-01   5.4166667e-01   6.2500000e-01   1.6666667e-01
   8.7491793e-02   5.6250000e-01   6.4583333e-01   1.6666667e-01
   7.7150361e-02   5.8333333e-01   6.4583333e-01   1.6666667e-01
   7.2061720e-02   6.0416667e-01   6.4583333e-01   1.6666667e-01
   7.2061720e-02   6.0416667e-01   6.6666667e-01   1.6666667e-01
   6.5659882e-02   6.2500000e-01   6.6666667e-01   1.6666667e-01
   6.7137229e-02   6.2500000e-01   6.6666667e-01   1.6666667e-01
   5.9258043e-02   6.2500000e-01   6.8750000e-01   1.6666667e-01
   5.5975049e-02   6.2500000e-01   6.8750000e-01   1.6666667e-01
   5.7288247e-02   6.2500000e-01   6.8750000e-01   1.6666667e-01
   5.5482600e-02   6.2500000e-01   6.8750000e-01   1.6666667e-01
   5.2692055e-02   6.2500000e-01   6.8750000e-01   1.6666667e-01
   4.7603414e-02   6.2500000e-01   6.8750000e-01   1.6666667e-01
   4.1365726e-02   6.2500000e-01   6.8750000e-01   1.6666667e-01
   3.0695995e-02   6.2500000e-01   6.6666667e-01   1.6666667e-01
   2.3145108e-02   6.2500000e-01   6.6666667e-01   1.6666667e-01
   1.6907420e-02   6.2500000e-01   6.4583333e-01   1.6666667e-01
   1.2311228e-02   6.1111111e-01   6.2500000e-01   0.0000000e+00
   9.3565332e-03   5.9722222e-01   6.0416667e-01   0.0000000e+00
   1.1982928e-02   5.8333333e-01   5.8333333e-01   1.6666667e-01
   1.6743270e-02   5.8333333e-01   6.0416667e-01   1.6666667e-01
   1.7892318e-02   5.8333333e-01   6.0416667e-01   1.6666667e-01
   1.5594222e-02   5.8333333e-01   6.0416667e-01   1.6666667e-01
   5.4169402e-03   5.8333333e-01   5.8333333e-01   1.6666667e-01
   0.0000000e+00   5.5555556e-01   5.6944444e-01   0.0000000e+00
   6.7301379e-03   5.2777778e-01   5.5555556e-01   0.0000000e+00
   3.9888378e-02   5.0000000e-01   5.4166667e-01   1.6666667e-01
   9.7669074e-02   5.0000000e-01   5.8333333e-01   1.6666667e-01
   1.5922521e-01   4.7916667e-01   6.0416667e-01   1.6666667e-01
   2.2012475e-01   4.7916667e-01   6.2500000e-01   1.6666667e-01
   2.6707157e-01   4.5833333e-01   6.4583333e-01   1.6666667e-01
   2.8250164e-01   4.5833333e-01   6.6666667e-01   1.6666667e-01
   2.7872620e-01   4.3750000e-01   6.8750000e-01   1.6666667e-01
   2.8102429e-01   4.3750000e-01   6.8750000e-01   1.6666667e-01
   2.6953381e-01   4.1666667e-01   6.8750000e-01   1.6666667e-01
   2.4179251e-01   4.1666667e-01   7.0833333e-01   3.3333333e-01
   2.1126067e-01   4.1666667e-01   7.0833333e-01   3.3333333e-01
   1.7465529e-01   4.1666667e-01   7.0833333e-01   3.3333333e-01
   1.6973079e-01   4.1666667e-01   7.2916667e-01   3.3333333e-01
   1.7170059e-01   4.3750000e-01   7.2916667e-01   3.3333333e-01
   1.7087984e-01   4.3750000e-01   7.2916667e-01   3.3333333e-01
   1.6907420e-01   4.5833333e-01   7.2916667e-01   3.3333333e-01
   1.6973079e-01   4.5833333e-01   7.2916667e-01   3.3333333e-01
   1.8729481e-01   4.7916667e-01   7.2916667e-01   3.3333333e-01
   3.1795798e-01   2.7083333e-01   7.2916667e-01   5.0000000e-01
   5.8470125e-01   1.2500000e-01   7.0833333e-01   1.6666667e-01
   8.4258043e-01   6.2500000e-02   6.8750000e-01   1.6666667e-01
   9.5879842e-01   4.1666667e-02   6.6666667e-01   1.6666667e-01
   9.9392646e-01   2.0833333e-02   6.4583333e-01   1.6666667e-01
   1.0000000e+00   2.0833333e-02   6.2500000e-01   1.6666667e-01
   9.7669074e-01   0.0000000e+00   6.2500000e-01   1.6666667e-01
   8.9412344e-01   0.0000000e+00   6.2500000e-01   1.6666667e-01
   7.8906763e-01   0.0000000e+00   6.2500000e-01   1.6666667e-01
   6.7613263e-01   2.0833333e-02   6.4583333e-01   1.6666667e-01
   5.2987525e-01   2.0833333e-02   6.4583333e-01   1.6666667e-01
   3.9018385e-01   4.3750000e-01   6.6666667e-01   1.6666667e-01
   2.1257387e-01   5.2083333e-01   6.6666667e-01   1.6666667e-01
   1.4871963e-01   5.8333333e-01   6.6666667e-01   1.6666667e-01
   1.1868024e-01   6.0416667e-01   6.8750000e-01   1.6666667e-01
   1.0620486e-01   6.0416667e-01   6.8750000e-01   1.6666667e-01
   1.0029547e-01   6.2500000e-01   6.8750000e-01   1.6666667e-01
   1.0768221e-01   6.2500000e-01   6.8750000e-01   1.6666667e-01
   1.0965200e-01   6.2500000e-01   6.8750000e-01   1.6666667e-01
   1.1277085e-01   6.2500000e-01   6.8750000e-01   1.6666667e-01
   1.1802364e-01   6.2500000e-01   7.0833333e-01   1.6666667e-01
   1.2114248e-01   6.2500000e-01   7.0833333e-01   1.6666667e-01
   1.1851609e-01   6.0416667e-01   7.0833333e-01   1.6666667e-01
   1.3919895e-01   6.0416667e-01   7.0833333e-01   1.6666667e-01
   2.6214708e-01   3.9583333e-01   6.8750000e-01   3.3333333e-01
   3.9067630e-01   3.7500000e-01   6.8750000e-01   1.6666667e-01
   4.7866054e-01   3.5416667e-01   6.8750000e-01   1.6666667e-01
   4.9819435e-01   3.5416667e-01   6.8750000e-01   1.6666667e-01
   4.7209455e-01   3.3333333e-01   6.6666667e-01   1.6666667e-01
   4.4944189e-01   3.3333333e-01   6.6666667e-01   1.6666667e-01
   4.2711753e-01   3.3333333e-01   6.6666667e-01   1.6666667e-01
   4.1283651e-01   3.5416667e-01   6.6666667e-01   1.6666667e-01
   4.0101773e-01   3.5416667e-01   6.6666667e-01   1.6666667e-01
   3.9478004e-01   3.5416667e-01   6.6666667e-01   1.6666667e-01
   3.8919895e-01   3.7500000e-01   6.6666667e-01   1.6666667e-01
   3.5308601e-01   3.9583333e-01   6.8750000e-01   1.6666667e-01
   3.0613920e-01   3.9583333e-01   6.8750000e-01   1.6666667e-01
   2.6428102e-01   4.1666667e-01   6.8750000e-01   1.6666667e-01
   2.2488510e-01   4.3750000e-01   6.8750000e-01   3.3333333e-01
   1.8171372e-01   4.5833333e-01   7.0833333e-01   3.3333333e-01
   1.3328956e-01   4.7916667e-01   7.0833333e-01   3.3333333e-01
   1.0325016e-01   6.4583333e-01   7.0833333e-01   1.6666667e-01
   8.2074852e-02   6.4583333e-01   7.0833333e-01   1.6666667e-01
   8.1254104e-02   6.4583333e-01   7.0833333e-01   1.6666667e-01
   8.1254104e-02   6.4583333e-01   7.0833333e-01   1.6666667e-01
   8.1910703e-02   6.4583333e-01   7.0833333e-01   1.6666667e-01
   8.2074852e-02   6.4583333e-01   7.0833333e-01   1.6666667e-01
   7.8627708e-02   6.4583333e-01   7.0833333e-01   1.6666667e-01
   8.3880499e-02   6.4583333e-01   7.0833333e-01   1.6666667e-01
   9.5042679e-02   1.4583333e-01   6.8750000e-01   3.3333333e-01
   1.1671044e-01   1.2500000e-01   6.8750000e-01   3.3333333e-01
   1.4330269e-01   1.0416667e-01   6.8750000e-01   3.3333333e-01
   1.5151018e-01   1.0416667e-01   6.8750000e-01   3.3333333e-01
   1.5544977e-01   1.0416667e-01   6.6666667e-01   3.3333333e-01
   1.5265923e-01   1.0416667e-01   6.6666667e-01   3.3333333e-01
   1.4658569e-01   8.3333333e-02   6.6666667e-01   3.3333333e-01
   1.5036113e-01   8.3333333e-02   6.4583333e-01   3.3333333e-01
   1.4724228e-01   1.0416667e-01   6.4583333e-01   3.3333333e-01
   1.5840446e-01   1.0416667e-01   6.4583333e-01   3.3333333e-01
   1.7744583e-01   1.0416667e-01   6.2500000e-01   3.3333333e-01
   2.2373605e-01   1.0416667e-01   6.2500000e-01   3.3333333e-01
   3.0170716e-01   1.2500000e-01   6.0416667e-01   3.3333333e-01
   3.6490479e-01   1.2500000e-01   6.0416667e-01   3.3333333e-01
   3.9461589e-01   1.4583333e-01   6.0416667e-01   3.3333333e-01
   3.9658569e-01   1.4583333e-01   6.0416667e-01   3.3333333e-01
   3.8788575e-01   1.6666667e-01   6.2500000e-01   3.3333333e-01
   3.7294813e-01   1.6666667e-01   6.2500000e-01   3.3333333e-01
   3.6309915e-01   1.8750000e-01   6.2500000e-01   5.0000000e-01
   3.4372948e-01   2.0833333e-01   6.4583333e-01   5.0000000e-01
   3.1270519e-01   2.2916667e-01   6.4583333e-01   3.3333333e-01
   3.1713723e-01   2.2916667e-01   6.4583333e-01   3.3333333e-01
   3.5111622e-01   2.5000000e-01   6.4583333e-01   3.3333333e-01
   3.7672357e-01   2.7083333e-01   6.4583333e-01   1.6666667e-01
   3.7738017e-01   2.9166667e-01   6.4583333e-01   1.6666667e-01
   3.3585030e-01   3.1250000e-01   6.4583333e-01   1.6666667e-01
   2.7560735e-01   3.5416667e-01   6.2500000e-01   1.6666667e-01
   2.1815496e-01   3.7500000e-01   6.2500000e-01   1.6666667e-01
   1.4231779e-01   4.1666667e-01   5.8333333e-01   1.6666667e-01
   7.8463559e-02   4.5833333e-01   4.7916667e-01   1.6666667e-01
   1.1654629e-02   4.5833333e-01   4.7916667e-01   0.0000000e+00
