   1.3900000e+02
   3.5374394e-02   5.6060606e-01   6.0606061e-01   0.0000000e+00
   8.7089244e-02   5.6060606e-01   6.0606061e-01   1.6666667e-01
   1.5747890e-01   5.4545455e-01   6.0606061e-01   1.6666667e-01
   2.1835159e-01   5.3030303e-01   6.2121212e-01   1.6666667e-01
   2.6414078e-01   5.3030303e-01   6.3636364e-01   1.6666667e-01
   2.8748429e-01   5.1515152e-01   6.3636364e-01   1.6666667e-01
   2.9951517e-01   5.0000000e-01   6.5151515e-01   1.6666667e-01
   3.0113126e-01   4.8484848e-01   6.5151515e-01   1.6666667e-01
   2.9879691e-01   4.8484848e-01   6.5151515e-01   1.6666667e-01
   2.9700126e-01   4.6969697e-01   6.6666667e-01   1.6666667e-01
   2.8784342e-01   4.6969697e-01   6.6666667e-01   1.6666667e-01
   2.7527384e-01   4.6969697e-01   6.6666667e-01   3.3333333e-01
   2.6683426e-01   4.6969697e-01   6.6666667e-01   3.3333333e-01
   2.5444424e-01   4.6969697e-01   6.6666667e-01   3.3333333e-01
   2.3756509e-01   4.6969697e-01   6.6666667e-01   3.3333333e-01
   2.3684683e-01   4.6969697e-01   6.6666667e-01   3.3333333e-01
   2.4223379e-01   4.6969697e-01   6.6666667e-01   3.3333333e-01
   2.5695816e-01   4.6969697e-01   6.6666667e-01   3.3333333e-01
   2.9538517e-01   4.8484848e-01   6.6666667e-01   1.6666667e-01
   3.3255522e-01   4.8484848e-01   6.5151515e-01   1.6666667e-01
   3.3866044e-01   5.0000000e-01   6.5151515e-01   1.6666667e-01
   3.3794218e-01   5.0000000e-01   6.3636364e-01   1.6666667e-01
   3.2842521e-01   5.0000000e-01   6.3636364e-01   1.6666667e-01
   3.2214042e-01   5.0000000e-01   6.3636364e-01   1.6666667e-01
   3.2070390e-01   5.1515152e-01   6.5151515e-01   1.6666667e-01
   3.0149039e-01   5.1515152e-01   6.5151515e-01   1.6666667e-01
   2.6773209e-01   5.1515152e-01   6.6666667e-01   1.6666667e-01
   2.3630813e-01   5.3030303e-01   6.6666667e-01   1.6666667e-01
   2.0578201e-01   5.4545455e-01   6.6666667e-01   1.6666667e-01
   1.7543545e-01   5.7575758e-01   6.8181818e-01   1.6666667e-01
   1.4742324e-01   6.2121212e-01   6.8181818e-01   1.6666667e-01
   1.1851320e-01   6.3636364e-01   6.8181818e-01   1.6666667e-01
   1.1204884e-01   6.3636364e-01   6.8181818e-01   1.6666667e-01
   1.0899623e-01   6.3636364e-01   6.8181818e-01   1.6666667e-01
   1.1851320e-01   6.2121212e-01   6.8181818e-01   1.6666667e-01
   1.2407973e-01   6.2121212e-01   6.8181818e-01   1.6666667e-01
   1.3054408e-01   6.0606061e-01   6.8181818e-01   1.6666667e-01
   1.3054408e-01   6.0606061e-01   6.8181818e-01   1.6666667e-01
   1.2892799e-01   5.9090909e-01   6.8181818e-01   1.6666667e-01
   1.3629018e-01   5.9090909e-01   6.6666667e-01   1.6666667e-01
   1.4311366e-01   5.7575758e-01   6.6666667e-01   1.6666667e-01
   1.4455019e-01   5.6060606e-01   6.5151515e-01   1.6666667e-01
   1.4275453e-01   5.6060606e-01   6.3636364e-01   1.6666667e-01
   1.4042018e-01   5.6060606e-01   6.3636364e-01   1.6666667e-01
   1.3629018e-01   5.4545455e-01   6.2121212e-01   1.6666667e-01
   1.2300233e-01   5.4545455e-01   6.2121212e-01   1.6666667e-01
   1.1312623e-01   5.4545455e-01   6.0606061e-01   1.6666667e-01
   1.0827797e-01   5.3030303e-01   6.0606061e-01   1.6666667e-01
   1.0684144e-01   5.3030303e-01   5.9090909e-01   1.6666667e-01
   1.0163405e-01   5.1515152e-01   5.7575758e-01   1.6666667e-01
   1.0863710e-01   5.1515152e-01   5.7575758e-01   1.6666667e-01
   1.0881666e-01   5.1515152e-01   5.6060606e-01   1.6666667e-01
   1.1743581e-01   5.1515152e-01   5.6060606e-01   1.6666667e-01
   1.2407973e-01   5.1515152e-01   5.6060606e-01   1.6666667e-01
   1.4634584e-01   5.1515152e-01   5.7575758e-01   1.6666667e-01
   2.1565811e-01   5.1515152e-01   6.8181818e-01   3.3333333e-01
   3.1459867e-01   5.1515152e-01   6.9696970e-01   1.6666667e-01
   3.9917400e-01   5.1515152e-01   7.1212121e-01   1.6666667e-01
   4.2557012e-01   5.3030303e-01   7.1212121e-01   1.6666667e-01
   4.1174358e-01   5.3030303e-01   7.1212121e-01   1.6666667e-01
   3.7978093e-01   5.4545455e-01   7.1212121e-01   1.6666667e-01
   3.5105046e-01   5.6060606e-01   7.2727273e-01   1.6666667e-01
   3.1549650e-01   5.6060606e-01   7.2727273e-01   1.6666667e-01
   2.8766385e-01   5.6060606e-01   7.1212121e-01   1.6666667e-01
   2.5498294e-01   5.6060606e-01   6.9696970e-01   1.6666667e-01
   2.2535464e-01   5.6060606e-01   6.8181818e-01   1.6666667e-01
   1.9806069e-01   5.4545455e-01   6.6666667e-01   1.6666667e-01
   1.7166457e-01   5.4545455e-01   6.5151515e-01   1.6666667e-01
   1.4778237e-01   5.4545455e-01   6.3636364e-01   1.6666667e-01
   1.2874843e-01   5.4545455e-01   6.2121212e-01   1.6666667e-01
   1.1115101e-01   5.4545455e-01   6.0606061e-01   1.6666667e-01
   1.0127491e-01   5.3030303e-01   5.9090909e-01   1.6666667e-01
   9.3374035e-02   5.3030303e-01   5.9090909e-01   1.6666667e-01
   9.3014904e-02   5.3030303e-01   5.7575758e-01   1.6666667e-01
   9.6965344e-02   5.3030303e-01   5.7575758e-01   1.6666667e-01
   1.0899623e-01   5.4545455e-01   5.9090909e-01   1.6666667e-01
   1.4365236e-01   5.4545455e-01   6.0606061e-01   1.6666667e-01
   1.8207937e-01   5.4545455e-01   6.5151515e-01   1.6666667e-01
   1.9500808e-01   5.4545455e-01   6.6666667e-01   1.6666667e-01
   1.8405459e-01   5.6060606e-01   6.8181818e-01   1.6666667e-01
   1.7022805e-01   5.6060606e-01   6.8181818e-01   1.6666667e-01
   1.5209194e-01   5.7575758e-01   6.9696970e-01   1.6666667e-01
   1.2964626e-01   5.9090909e-01   6.9696970e-01   1.6666667e-01
   1.0307057e-01   6.6666667e-01   7.1212121e-01   1.6666667e-01
   7.7033579e-02   6.8181818e-01   7.1212121e-01   1.6666667e-01
   4.7046148e-02   6.9696970e-01   7.1212121e-01   1.6666667e-01
   3.9683965e-02   6.9696970e-01   7.1212121e-01   1.6666667e-01
   3.6092656e-02   6.9696970e-01   7.1212121e-01   1.6666667e-01
   2.8012210e-02   7.1212121e-01   7.1212121e-01   1.6666667e-01
   2.3343509e-02   7.1212121e-01   7.1212121e-01   1.6666667e-01
   1.7776980e-02   7.0833333e-01   7.0833333e-01   0.0000000e+00
   1.2390016e-02   7.0454545e-01   7.0454545e-01   0.0000000e+00
   4.3095708e-03   7.0075758e-01   7.0075758e-01   0.0000000e+00
   0.0000000e+00   6.9696970e-01   6.9696970e-01   0.0000000e+00
   7.1826181e-03   6.9318182e-01   6.9318182e-01   0.0000000e+00
   1.5263063e-02   6.8939394e-01   6.8939394e-01   0.0000000e+00
   2.0650027e-02   6.8560606e-01   6.8560606e-01   0.0000000e+00
   2.7114383e-02   6.8181818e-01   6.8181818e-01   1.6666667e-01
   4.5609625e-02   6.6666667e-01   6.8181818e-01   1.6666667e-01
   6.7337044e-02   6.5151515e-01   6.9696970e-01   1.6666667e-01
   9.0141857e-02   6.3636364e-01   6.9696970e-01   1.6666667e-01
   1.1240797e-01   6.0606061e-01   6.8181818e-01   1.6666667e-01
   1.3413539e-01   5.9090909e-01   6.8181818e-01   1.6666667e-01
   1.4778237e-01   5.7575758e-01   6.6666667e-01   1.6666667e-01
   1.5658107e-01   5.7575758e-01   6.5151515e-01   1.6666667e-01
   1.6017238e-01   5.7575758e-01   6.5151515e-01   1.6666667e-01
   1.6214760e-01   5.6060606e-01   6.3636364e-01   1.6666667e-01
   1.6663674e-01   5.6060606e-01   6.3636364e-01   1.6666667e-01
   1.7076674e-01   5.6060606e-01   6.3636364e-01   1.6666667e-01
   1.8764590e-01   5.7575758e-01   6.5151515e-01   1.6666667e-01
   2.0075417e-01   5.7575758e-01   6.6666667e-01   1.6666667e-01
   1.9536721e-01   5.7575758e-01   6.8181818e-01   1.6666667e-01
   1.7471718e-01   5.9090909e-01   6.9696970e-01   1.6666667e-01
   1.5891542e-01   5.9090909e-01   7.1212121e-01   1.6666667e-01
   1.3629018e-01   6.0606061e-01   7.1212121e-01   1.6666667e-01
   1.1564015e-01   6.2121212e-01   7.1212121e-01   1.6666667e-01
   9.4990124e-02   6.8181818e-01   7.2727273e-01   1.6666667e-01
   7.3801401e-02   6.9696970e-01   7.2727273e-01   1.6666667e-01
   5.6024421e-02   7.1212121e-01   7.2727273e-01   1.6666667e-01
   5.5126594e-02   7.1212121e-01   7.4242424e-01   1.6666667e-01
   5.6922248e-02   7.1212121e-01   7.4242424e-01   1.6666667e-01
   7.2005746e-02   6.9696970e-01   7.4242424e-01   1.6666667e-01
   9.8222302e-02   6.8181818e-01   7.4242424e-01   1.6666667e-01
   1.3108278e-01   6.6666667e-01   7.4242424e-01   1.6666667e-01
   1.6735500e-01   6.5151515e-01   7.2727273e-01   1.6666667e-01
   2.0075417e-01   6.3636364e-01   7.2727273e-01   1.6666667e-01
   2.5031424e-01   6.2121212e-01   7.2727273e-01   1.6666667e-01
   3.6972526e-01   6.0606061e-01   9.5454545e-01   3.3333333e-01
   5.8340815e-01   6.0606061e-01   9.6969697e-01   3.3333333e-01
   8.0068235e-01   5.7575758e-01   9.6969697e-01   1.6666667e-01
   9.4954211e-01   5.7575758e-01   9.8484848e-01   1.6666667e-01
   1.0000000e+00   5.6060606e-01   9.8484848e-01   1.6666667e-01
   9.5905908e-01   5.6060606e-01   9.8484848e-01   1.6666667e-01
   7.9924583e-01   5.6060606e-01   9.8484848e-01   1.6666667e-01
   6.3368648e-01   5.7575758e-01   1.0000000e+00   1.6666667e-01
   5.2810199e-01   5.7575758e-01   1.0000000e+00   1.6666667e-01
   4.0599749e-01   5.9090909e-01   9.8484848e-01   1.6666667e-01
   2.6108817e-01   5.9090909e-01   9.8484848e-01   0.0000000e+00
   1.5029628e-01   5.9090909e-01   9.8484848e-01   0.0000000e+00
