   1.8600000e+02
   8.2247191e-02   3.7735849e-01   4.7169811e-01   1.6666667e-01
   2.1842697e-01   3.3962264e-01   5.2830189e-01   1.6666667e-01
   3.6164794e-01   3.2075472e-01   5.4716981e-01   1.6666667e-01
   4.7850187e-01   2.8301887e-01   5.8490566e-01   1.6666667e-01
   5.5445693e-01   2.8301887e-01   6.0377358e-01   1.6666667e-01
   6.1048689e-01   2.6415094e-01   6.2264151e-01   1.6666667e-01
   6.2936330e-01   2.6415094e-01   6.4150943e-01   1.6666667e-01
   6.1513109e-01   2.4528302e-01   6.4150943e-01   1.6666667e-01
   5.6838951e-01   2.4528302e-01   6.6037736e-01   1.6666667e-01
   5.1760300e-01   2.4528302e-01   6.6037736e-01   1.6666667e-01
   4.6067416e-01   2.4528302e-01   6.7924528e-01   1.6666667e-01
   4.0134831e-01   2.4528302e-01   6.7924528e-01   3.3333333e-01
   3.2374532e-01   2.4528302e-01   6.9811321e-01   3.3333333e-01
   2.7071161e-01   2.4528302e-01   6.9811321e-01   3.3333333e-01
   2.5303371e-01   2.4528302e-01   6.9811321e-01   3.3333333e-01
   2.6531835e-01   2.6415094e-01   6.9811321e-01   3.3333333e-01
   3.2014981e-01   2.6415094e-01   6.9811321e-01   3.3333333e-01
   4.2232210e-01   2.6415094e-01   6.9811321e-01   3.3333333e-01
   5.3962547e-01   2.8301887e-01   6.9811321e-01   3.3333333e-01
   6.1108614e-01   2.8301887e-01   6.9811321e-01   1.6666667e-01
   6.1258427e-01   3.0188679e-01   6.9811321e-01   1.6666667e-01
   5.6479401e-01   3.2075472e-01   6.9811321e-01   1.6666667e-01
   5.0561798e-01   3.3962264e-01   6.9811321e-01   1.6666667e-01
   4.4794007e-01   3.5849057e-01   6.7924528e-01   1.6666667e-01
   3.8277154e-01   3.7735849e-01   6.6037736e-01   1.6666667e-01
   3.1176030e-01   3.9622642e-01   6.6037736e-01   1.6666667e-01
   2.4973783e-01   4.1509434e-01   6.2264151e-01   1.6666667e-01
   1.9625468e-01   4.3396226e-01   5.8490566e-01   1.6666667e-01
   1.5220974e-01   4.5283019e-01   5.8490566e-01   1.6666667e-01
   1.2569288e-01   4.7169811e-01   5.4716981e-01   1.6666667e-01
   1.2119850e-01   4.7169811e-01   5.4716981e-01   1.6666667e-01
   1.3543071e-01   4.7169811e-01   5.6603774e-01   1.6666667e-01
   1.6599251e-01   4.7169811e-01   5.8490566e-01   1.6666667e-01
   2.0659176e-01   4.7169811e-01   6.0377358e-01   1.6666667e-01
   2.4689139e-01   4.7169811e-01   6.2264151e-01   1.6666667e-01
   2.7835206e-01   4.9056604e-01   6.4150943e-01   1.6666667e-01
   3.0067416e-01   4.9056604e-01   6.6037736e-01   1.6666667e-01
   3.0576779e-01   4.9056604e-01   6.7924528e-01   1.6666667e-01
   2.8509363e-01   4.9056604e-01   6.7924528e-01   1.6666667e-01
   2.4704120e-01   5.0943396e-01   6.7924528e-01   1.6666667e-01
   2.0254682e-01   5.0943396e-01   6.9811321e-01   1.6666667e-01
   1.6224719e-01   5.2830189e-01   6.9811321e-01   1.6666667e-01
   1.1790262e-01   5.4716981e-01   6.9811321e-01   1.6666667e-01
   8.1048689e-02   6.2264151e-01   6.9811321e-01   1.6666667e-01
   5.3782772e-02   6.6037736e-01   7.1698113e-01   1.6666667e-01
   4.1947566e-02   6.7924528e-01   7.1698113e-01   1.6666667e-01
   4.1198502e-02   6.7924528e-01   7.1698113e-01   1.6666667e-01
   4.4644195e-02   6.7924528e-01   7.1698113e-01   1.6666667e-01
   5.1835206e-02   6.7924528e-01   7.1698113e-01   1.6666667e-01
   5.7977528e-02   6.7924528e-01   7.1698113e-01   1.6666667e-01
   6.8464419e-02   6.6037736e-01   7.1698113e-01   1.6666667e-01
   8.0000000e-02   6.4150943e-01   7.1698113e-01   1.6666667e-01
   8.5842697e-02   6.4150943e-01   7.1698113e-01   1.6666667e-01
   8.7191011e-02   6.4150943e-01   7.1698113e-01   1.6666667e-01
   8.8838951e-02   6.4150943e-01   7.1698113e-01   1.6666667e-01
   8.9138577e-02   6.2264151e-01   6.9811321e-01   1.6666667e-01
   8.8239700e-02   6.2264151e-01   6.9811321e-01   1.6666667e-01
   8.8689139e-02   6.2264151e-01   6.9811321e-01   1.6666667e-01
   8.5543071e-02   6.2264151e-01   6.9811321e-01   1.6666667e-01
   7.0861423e-02   6.2264151e-01   6.9811321e-01   1.6666667e-01
   8.5992509e-02   6.0377358e-01   6.7924528e-01   1.6666667e-01
   1.4666667e-01   5.2830189e-01   6.7924528e-01   1.6666667e-01
   2.1797753e-01   4.9056604e-01   6.6037736e-01   1.6666667e-01
   2.7041199e-01   4.9056604e-01   6.6037736e-01   1.6666667e-01
   3.0486891e-01   4.7169811e-01   6.4150943e-01   1.6666667e-01
   3.3303371e-01   4.5283019e-01   6.6037736e-01   1.6666667e-01
   3.5790262e-01   4.5283019e-01   6.6037736e-01   1.6666667e-01
   3.6868914e-01   4.5283019e-01   6.6037736e-01   1.6666667e-01
   3.5685393e-01   4.5283019e-01   6.7924528e-01   1.6666667e-01
   3.3977528e-01   4.5283019e-01   6.7924528e-01   1.6666667e-01
   3.2179775e-01   4.5283019e-01   6.9811321e-01   1.6666667e-01
   3.0337079e-01   4.5283019e-01   6.9811321e-01   1.6666667e-01
   2.8374532e-01   4.5283019e-01   6.9811321e-01   1.6666667e-01
   2.7056180e-01   4.5283019e-01   6.9811321e-01   3.3333333e-01
   2.6756554e-01   4.7169811e-01   6.9811321e-01   3.3333333e-01
   2.7295880e-01   4.7169811e-01   6.9811321e-01   3.3333333e-01
   2.8194757e-01   4.7169811e-01   6.9811321e-01   3.3333333e-01
   2.8719101e-01   4.9056604e-01   6.9811321e-01   1.6666667e-01
   2.7116105e-01   4.9056604e-01   6.9811321e-01   1.6666667e-01
   2.5408240e-01   5.0943396e-01   6.9811321e-01   1.6666667e-01
   3.0801498e-01   2.8301887e-01   6.9811321e-01   3.3333333e-01
   5.0067416e-01   1.5094340e-01   6.7924528e-01   3.3333333e-01
   7.2749064e-01   9.4339623e-02   6.6037736e-01   1.6666667e-01
   8.8239700e-01   3.7735849e-02   6.4150943e-01   1.6666667e-01
   9.6224719e-01   1.8867925e-02   6.2264151e-01   1.6666667e-01
   9.9415730e-01   1.8867925e-02   6.0377358e-01   1.6666667e-01
   1.0000000e+00   1.8867925e-02   5.8490566e-01   1.6666667e-01
   9.8906367e-01   1.8867925e-02   6.0377358e-01   1.6666667e-01
   9.3183521e-01   1.8867925e-02   6.0377358e-01   1.6666667e-01
   8.2801498e-01   1.8867925e-02   6.2264151e-01   1.6666667e-01
   7.2838951e-01   1.8867925e-02   6.2264151e-01   1.6666667e-01
   6.2112360e-01   3.7735849e-02   6.4150943e-01   1.6666667e-01
   4.8928839e-01   3.7735849e-02   6.4150943e-01   3.3333333e-01
   3.5715356e-01   5.6603774e-02   6.4150943e-01   3.3333333e-01
   2.3086142e-01   7.5471698e-02   6.6037736e-01   3.3333333e-01
   1.7318352e-01   9.4339623e-02   6.6037736e-01   3.3333333e-01
   1.3797753e-01   5.8490566e-01   6.6037736e-01   1.6666667e-01
   1.1925094e-01   5.8490566e-01   6.6037736e-01   1.6666667e-01
   1.2059925e-01   5.8490566e-01   6.6037736e-01   1.6666667e-01
   1.3258427e-01   5.8490566e-01   6.6037736e-01   1.6666667e-01
   1.6749064e-01   4.5283019e-01   6.6037736e-01   3.3333333e-01
   2.3325843e-01   4.3396226e-01   6.6037736e-01   3.3333333e-01
   3.1340824e-01   4.1509434e-01   6.6037736e-01   1.6666667e-01
   3.7602996e-01   4.1509434e-01   6.6037736e-01   1.6666667e-01
   4.1573034e-01   3.9622642e-01   6.6037736e-01   1.6666667e-01
   4.2816479e-01   3.9622642e-01   6.6037736e-01   1.6666667e-01
   4.1947566e-01   3.7735849e-01   6.4150943e-01   1.6666667e-01
   4.1213483e-01   3.7735849e-01   6.4150943e-01   1.6666667e-01
   4.1782772e-01   3.7735849e-01   6.4150943e-01   1.6666667e-01
   4.2426966e-01   3.7735849e-01   6.4150943e-01   1.6666667e-01
   4.3700375e-01   3.7735849e-01   6.4150943e-01   1.6666667e-01
   4.4194757e-01   3.7735849e-01   6.4150943e-01   1.6666667e-01
   4.3280899e-01   3.7735849e-01   6.4150943e-01   1.6666667e-01
   4.2172285e-01   3.7735849e-01   6.4150943e-01   1.6666667e-01
   3.8861423e-01   3.9622642e-01   6.4150943e-01   1.6666667e-01
   3.3018727e-01   3.9622642e-01   6.4150943e-01   1.6666667e-01
   2.7505618e-01   4.1509434e-01   6.6037736e-01   1.6666667e-01
   2.2516854e-01   4.3396226e-01   6.6037736e-01   1.6666667e-01
   1.7602996e-01   4.5283019e-01   6.6037736e-01   1.6666667e-01
   1.3707865e-01   4.9056604e-01   6.6037736e-01   1.6666667e-01
   1.1086142e-01   5.6603774e-01   6.4150943e-01   1.6666667e-01
   9.9176030e-02   5.4716981e-01   6.4150943e-01   1.6666667e-01
   1.0037453e-01   5.4716981e-01   6.4150943e-01   1.6666667e-01
   1.0861423e-01   5.2830189e-01   6.4150943e-01   1.6666667e-01
   1.2898876e-01   5.0943396e-01   6.2264151e-01   1.6666667e-01
   1.5280899e-01   4.9056604e-01   6.2264151e-01   1.6666667e-01
   1.8172285e-01   4.7169811e-01   6.2264151e-01   1.6666667e-01
   2.1198502e-01   4.5283019e-01   6.0377358e-01   1.6666667e-01
   2.3250936e-01   4.3396226e-01   6.0377358e-01   1.6666667e-01
   2.3775281e-01   4.3396226e-01   6.0377358e-01   1.6666667e-01
   2.4359551e-01   4.3396226e-01   5.8490566e-01   1.6666667e-01
   2.5318352e-01   4.3396226e-01   5.8490566e-01   1.6666667e-01
   2.6966292e-01   4.3396226e-01   6.0377358e-01   1.6666667e-01
   2.8299625e-01   4.3396226e-01   6.2264151e-01   1.6666667e-01
   2.9333333e-01   4.5283019e-01   6.2264151e-01   1.6666667e-01
   2.8299625e-01   4.5283019e-01   6.4150943e-01   1.6666667e-01
   2.5288390e-01   4.7169811e-01   6.4150943e-01   1.6666667e-01
   2.2322097e-01   4.7169811e-01   6.6037736e-01   1.6666667e-01
   1.9445693e-01   4.9056604e-01   6.6037736e-01   1.6666667e-01
   1.6644195e-01   5.2830189e-01   6.6037736e-01   1.6666667e-01
   1.4786517e-01   5.6603774e-01   6.7924528e-01   1.6666667e-01
   1.4217228e-01   5.8490566e-01   6.7924528e-01   1.6666667e-01
   1.4337079e-01   5.8490566e-01   6.7924528e-01   1.6666667e-01
   1.5280899e-01   5.8490566e-01   6.7924528e-01   1.6666667e-01
   1.6059925e-01   5.8490566e-01   6.7924528e-01   1.6666667e-01
   1.6569288e-01   5.6603774e-01   6.7924528e-01   1.6666667e-01
   1.7543071e-01   5.6603774e-01   6.7924528e-01   1.6666667e-01
   1.8996255e-01   5.2830189e-01   6.7924528e-01   1.6666667e-01
   2.0209738e-01   5.0943396e-01   6.7924528e-01   1.6666667e-01
   2.4194757e-01   4.9056604e-01   6.7924528e-01   1.6666667e-01
   2.9917603e-01   4.1509434e-01   6.7924528e-01   1.6666667e-01
   3.1086142e-01   3.9622642e-01   6.6037736e-01   1.6666667e-01
   2.8509363e-01   3.9622642e-01   6.4150943e-01   1.6666667e-01
   2.9827715e-01   4.1509434e-01   6.2264151e-01   1.6666667e-01
   3.7782772e-01   4.1509434e-01   8.4905660e-01   3.3333333e-01
   5.0471910e-01   4.3396226e-01   8.6792453e-01   1.6666667e-01
   6.1588015e-01   4.5283019e-01   8.6792453e-01   1.6666667e-01
   6.5573034e-01   4.9056604e-01   8.8679245e-01   1.6666667e-01
   6.4164794e-01   5.0943396e-01   8.8679245e-01   1.6666667e-01
   6.1797753e-01   5.0943396e-01   8.8679245e-01   1.6666667e-01
   5.6868914e-01   5.2830189e-01   9.0566038e-01   1.6666667e-01
   4.9632959e-01   5.4716981e-01   9.0566038e-01   1.6666667e-01
   4.1243446e-01   5.6603774e-01   9.0566038e-01   1.6666667e-01
   3.2629213e-01   5.6603774e-01   8.8679245e-01   1.6666667e-01
   2.4314607e-01   5.8490566e-01   8.4905660e-01   1.6666667e-01
   1.6239700e-01   6.2264151e-01   7.7358491e-01   1.6666667e-01
   9.0636704e-02   6.4150943e-01   7.3584906e-01   1.6666667e-01
   2.9962547e-02   6.4716981e-01   7.3584906e-01   0.0000000e+00
   2.3970037e-03   6.5283019e-01   7.3584906e-01   0.0000000e+00
   0.0000000e+00   6.5849057e-01   7.3584906e-01   0.0000000e+00
   1.1985019e-03   6.6415094e-01   7.3584906e-01   0.0000000e+00
   1.9475655e-03   6.6981132e-01   7.3584906e-01   0.0000000e+00
   2.5468165e-03   6.7547170e-01   7.3584906e-01   0.0000000e+00
   3.1460674e-03   6.8113208e-01   7.3584906e-01   0.0000000e+00
   1.1985019e-03   6.8679245e-01   7.3584906e-01   0.0000000e+00
   2.4269663e-02   6.9245283e-01   7.3584906e-01   0.0000000e+00
   7.1460674e-02   6.9811321e-01   7.3584906e-01   1.6666667e-01
   1.0921348e-01   6.9811321e-01   7.5471698e-01   1.6666667e-01
   1.3018727e-01   6.9811321e-01   7.5471698e-01   1.6666667e-01
   1.3977528e-01   6.9811321e-01   7.7358491e-01   1.6666667e-01
   1.3033708e-01   6.9811321e-01   7.7358491e-01   1.6666667e-01
   1.1610487e-01   6.9811321e-01   7.7358491e-01   1.6666667e-01
   9.6629213e-02   7.1698113e-01   7.9245283e-01   1.6666667e-01
   7.9700375e-02   7.3584906e-01   7.9245283e-01   1.6666667e-01
   6.0823970e-02   7.3584906e-01   7.9245283e-01   1.6666667e-01
   4.1048689e-02   7.7358491e-01   7.9245283e-01   1.6666667e-01
