   1.6700000e+02
   2.3369036e-02   5.3191489e-01   5.7446809e-01   0.0000000e+00
   7.5462512e-02   5.3191489e-01   5.7446809e-01   1.6666667e-01
   1.5725414e-01   4.2553191e-01   5.7446809e-01   1.6666667e-01
   2.6557936e-01   4.0425532e-01   5.7446809e-01   1.6666667e-01
   4.4352483e-01   3.4042553e-01   5.5319149e-01   1.6666667e-01
   7.1226874e-01   1.2765957e-01   5.3191489e-01   1.6666667e-01
   9.0311587e-01   4.2553191e-02   5.3191489e-01   1.6666667e-01
   9.7200584e-01   2.1276596e-02   5.3191489e-01   1.6666667e-01
   1.0000000e+00   0.0000000e+00   5.5319149e-01   1.6666667e-01
   9.9610516e-01   2.1276596e-02   5.7446809e-01   1.6666667e-01
   9.5496592e-01   1.7021277e-01   5.9574468e-01   1.6666667e-01
   8.7512171e-01   1.9148936e-01   6.1702128e-01   1.6666667e-01
   8.1402142e-01   2.1276596e-01   6.3829787e-01   1.6666667e-01
   7.6265823e-01   1.9148936e-01   6.3829787e-01   1.6666667e-01
   6.9644596e-01   1.7021277e-01   6.5957447e-01   3.3333333e-01
   6.3339825e-01   1.0638298e-01   6.5957447e-01   3.3333333e-01
   5.5136319e-01   8.5106383e-02   6.8085106e-01   3.3333333e-01
   4.6470302e-01   6.3829787e-02   6.8085106e-01   3.3333333e-01
   4.0165531e-01   6.3829787e-02   6.8085106e-01   3.3333333e-01
   3.9459591e-01   6.3829787e-02   6.8085106e-01   5.0000000e-01
   4.3500487e-01   0.0000000e+00   6.8085106e-01   6.6666667e-01
   5.3383642e-01   0.0000000e+00   6.8085106e-01   5.0000000e-01
   6.7161636e-01   0.0000000e+00   6.8085106e-01   3.3333333e-01
   7.4318403e-01   0.0000000e+00   6.8085106e-01   3.3333333e-01
   7.4050633e-01   3.6170213e-01   6.8085106e-01   1.6666667e-01
   6.8208374e-01   3.6170213e-01   6.8085106e-01   1.6666667e-01
   5.9396300e-01   3.8297872e-01   6.8085106e-01   1.6666667e-01
   4.9318403e-01   4.0425532e-01   6.8085106e-01   1.6666667e-01
   3.9362220e-01   4.2553191e-01   6.5957447e-01   1.6666667e-01
   2.9138267e-01   4.2553191e-01   6.5957447e-01   1.6666667e-01
   1.9644596e-01   4.4680851e-01   5.5319149e-01   1.6666667e-01
   1.1806232e-01   4.4680851e-01   5.1063830e-01   1.6666667e-01
   6.4021422e-02   4.6808511e-01   5.1063830e-01   1.6666667e-01
   5.4040896e-02   4.6808511e-01   5.1063830e-01   1.6666667e-01
   4.1626095e-02   4.8936170e-01   5.1063830e-01   1.6666667e-01
   3.4810127e-02   4.8936170e-01   5.1063830e-01   1.6666667e-01
   2.5316456e-02   4.8936170e-01   5.3191489e-01   1.6666667e-01
   2.4829601e-02   5.1063830e-01   5.3191489e-01   1.6666667e-01
   2.1421616e-02   5.1063830e-01   5.3191489e-01   1.6666667e-01
   1.0710808e-02   5.1063830e-01   5.3191489e-01   1.6666667e-01
   8.2765336e-03   5.3191489e-01   5.3191489e-01   1.6666667e-01
   8.2765336e-03   5.3191489e-01   5.3191489e-01   1.6666667e-01
   7.3028238e-03   5.3191489e-01   5.5319149e-01   1.6666667e-01
   5.3554041e-03   5.3191489e-01   5.5319149e-01   1.6666667e-01
   9.0068160e-03   5.3191489e-01   5.5319149e-01   1.6666667e-01
   8.7633885e-03   5.5319149e-01   5.5319149e-01   1.6666667e-01
   1.0467381e-02   5.5319149e-01   5.5319149e-01   1.6666667e-01
   1.7039922e-02   5.5319149e-01   5.5319149e-01   1.6666667e-01
   5.9396300e-02   5.3191489e-01   5.7446809e-01   1.6666667e-01
   1.6845180e-01   4.4680851e-01   5.7446809e-01   1.6666667e-01
   2.9479065e-01   4.2553191e-01   5.7446809e-01   1.6666667e-01
   3.7439143e-01   4.0425532e-01   5.7446809e-01   1.6666667e-01
   4.1285297e-01   3.8297872e-01   5.9574468e-01   1.6666667e-01
   4.2989289e-01   3.8297872e-01   5.9574468e-01   1.6666667e-01
   4.2794547e-01   3.6170213e-01   6.1702128e-01   1.6666667e-01
   4.2380721e-01   3.6170213e-01   6.1702128e-01   1.6666667e-01
   4.1528724e-01   3.6170213e-01   6.3829787e-01   1.6666667e-01
   4.0335930e-01   3.6170213e-01   6.3829787e-01   1.6666667e-01
   3.9118793e-01   3.6170213e-01   6.3829787e-01   1.6666667e-01
   3.6465433e-01   3.6170213e-01   6.5957447e-01   3.3333333e-01
   3.1304771e-01   3.8297872e-01   6.5957447e-01   3.3333333e-01
   2.5267770e-01   3.8297872e-01   6.5957447e-01   3.3333333e-01
   1.9206426e-01   4.0425532e-01   6.5957447e-01   3.3333333e-01
   1.2877313e-01   4.2553191e-01   6.5957447e-01   3.3333333e-01
   7.2054528e-02   6.3829787e-01   6.8085106e-01   1.6666667e-01
   3.6270691e-02   6.3829787e-01   6.8085106e-01   1.6666667e-01
   2.2395326e-02   6.5957447e-01   6.8085106e-01   1.6666667e-01
   1.6553067e-02   6.5957447e-01   6.8085106e-01   1.6666667e-01
   4.8685492e-03   6.5957447e-01   6.5957447e-01   1.6666667e-01
   2.4342746e-04   6.5957447e-01   6.5957447e-01   1.6666667e-01
   0.0000000e+00   6.5957447e-01   6.5957447e-01   0.0000000e+00
   3.6514119e-03   6.5957447e-01   6.5957447e-01   1.6666667e-01
   7.3028238e-03   6.5957447e-01   6.5957447e-01   1.6666667e-01
   9.0068160e-03   6.0106383e-01   6.5425532e-01   0.0000000e+00
   1.4605648e-03   5.4255319e-01   6.4893617e-01   0.0000000e+00
   6.0856865e-03   4.8404255e-01   6.4361702e-01   0.0000000e+00
   6.5481986e-02   4.2553191e-01   6.3829787e-01   3.3333333e-01
   1.9376826e-01   4.0425532e-01   6.3829787e-01   3.3333333e-01
   3.5808179e-01   3.8297872e-01   6.3829787e-01   3.3333333e-01
   4.7955209e-01   3.6170213e-01   6.3829787e-01   1.6666667e-01
   5.3773126e-01   3.6170213e-01   6.3829787e-01   1.6666667e-01
   5.2799416e-01   3.4042553e-01   6.3829787e-01   1.6666667e-01
   5.0998053e-01   3.4042553e-01   6.3829787e-01   1.6666667e-01
   4.8222980e-01   3.4042553e-01   6.3829787e-01   1.6666667e-01
   4.6056475e-01   3.4042553e-01   6.3829787e-01   3.3333333e-01
   4.5399221e-01   3.4042553e-01   6.3829787e-01   3.3333333e-01
   4.5107108e-01   3.4042553e-01   6.3829787e-01   3.3333333e-01
   4.4401168e-01   3.4042553e-01   6.5957447e-01   3.3333333e-01
   4.4936709e-01   3.4042553e-01   6.5957447e-01   3.3333333e-01
   4.7005842e-01   3.4042553e-01   6.5957447e-01   1.6666667e-01
   4.6616358e-01   3.6170213e-01   6.5957447e-01   1.6666667e-01
   4.1723466e-01   3.6170213e-01   6.8085106e-01   3.3333333e-01
   3.6051607e-01   3.8297872e-01   6.8085106e-01   3.3333333e-01
   2.9065239e-01   4.0425532e-01   6.8085106e-01   3.3333333e-01
   2.1056475e-01   4.2553191e-01   6.8085106e-01   3.3333333e-01
   1.4070107e-01   4.4680851e-01   7.0212766e-01   3.3333333e-01
   8.7390458e-02   6.3829787e-01   7.0212766e-01   1.6666667e-01
   4.8442064e-02   6.3829787e-01   6.8085106e-01   1.6666667e-01
   4.0652386e-02   6.3829787e-01   6.8085106e-01   1.6666667e-01
   3.4810127e-02   6.3829787e-01   6.8085106e-01   1.6666667e-01
   3.0915287e-02   6.3829787e-01   6.5957447e-01   1.6666667e-01
   3.0428432e-02   6.3829787e-01   6.5957447e-01   1.6666667e-01
   3.3349562e-02   6.3829787e-01   6.5957447e-01   1.6666667e-01
   2.8967868e-02   6.2411348e-01   6.4184397e-01   0.0000000e+00
   2.3612463e-02   6.0992908e-01   6.2411348e-01   0.0000000e+00
   1.5579357e-02   5.9574468e-01   6.0638298e-01   0.0000000e+00
   1.8257059e-02   5.8156028e-01   5.8865248e-01   0.0000000e+00
   2.1665044e-02   5.6737589e-01   5.7092199e-01   0.0000000e+00
   2.0691334e-02   5.5319149e-01   5.5319149e-01   1.6666667e-01
   2.0691334e-02   5.2482270e-01   5.3900709e-01   0.0000000e+00
   3.6514119e-02   4.9645390e-01   5.2482270e-01   0.0000000e+00
   5.9396300e-02   4.6808511e-01   5.1063830e-01   1.6666667e-01
   7.5949367e-02   4.4680851e-01   5.3191489e-01   1.6666667e-01
   9.7857838e-02   4.4680851e-01   5.3191489e-01   1.6666667e-01
   1.1489776e-01   4.2553191e-01   5.1063830e-01   1.6666667e-01
   1.2463486e-01   4.2553191e-01   4.8936170e-01   1.6666667e-01
   1.3510224e-01   4.0425532e-01   4.8936170e-01   1.6666667e-01
   1.4970789e-01   4.0425532e-01   4.8936170e-01   1.6666667e-01
   1.9401168e-01   3.8297872e-01   4.8936170e-01   1.6666667e-01
   3.1329114e-01   3.8297872e-01   6.3829787e-01   3.3333333e-01
   4.9245375e-01   3.8297872e-01   6.5957447e-01   1.6666667e-01
   6.2341772e-01   3.8297872e-01   6.8085106e-01   1.6666667e-01
   6.5895813e-01   3.8297872e-01   6.8085106e-01   1.6666667e-01
   6.6747809e-01   4.0425532e-01   7.0212766e-01   1.6666667e-01
   6.6187926e-01   4.0425532e-01   7.0212766e-01   1.6666667e-01
   6.4776047e-01   4.2553191e-01   7.0212766e-01   1.6666667e-01
   6.2268744e-01   4.2553191e-01   7.0212766e-01   1.6666667e-01
   5.6888997e-01   4.4680851e-01   7.2340426e-01   1.6666667e-01
   5.0316456e-01   4.6808511e-01   7.2340426e-01   1.6666667e-01
   4.3281402e-01   4.8936170e-01   7.2340426e-01   1.6666667e-01
   3.8096397e-01   5.1063830e-01   7.2340426e-01   1.6666667e-01
   3.4371957e-01   5.3191489e-01   7.0212766e-01   1.6666667e-01
   3.0185005e-01   5.1063830e-01   7.0212766e-01   1.6666667e-01
   2.4464460e-01   5.1063830e-01   6.5957447e-01   1.6666667e-01
   1.9182084e-01   5.1063830e-01   6.3829787e-01   1.6666667e-01
   1.6747809e-01   4.8936170e-01   6.1702128e-01   1.6666667e-01
   1.6528724e-01   4.6808511e-01   5.9574468e-01   1.6666667e-01
   1.6309640e-01   4.4680851e-01   5.7446809e-01   1.6666667e-01
   1.6626095e-01   4.4680851e-01   5.5319149e-01   1.6666667e-01
   1.6845180e-01   4.2553191e-01   5.3191489e-01   1.6666667e-01
   1.6723466e-01   4.2553191e-01   5.1063830e-01   1.6666667e-01
   1.6942551e-01   4.2553191e-01   5.1063830e-01   1.6666667e-01
   1.7843233e-01   4.2553191e-01   5.1063830e-01   1.6666667e-01
   2.1129503e-01   4.2553191e-01   5.5319149e-01   1.6666667e-01
   2.4513145e-01   4.2553191e-01   5.5319149e-01   1.6666667e-01
   2.5535540e-01   4.4680851e-01   5.7446809e-01   1.6666667e-01
   2.3977605e-01   4.4680851e-01   5.9574468e-01   1.6666667e-01
   2.1640701e-01   4.6808511e-01   5.9574468e-01   1.6666667e-01
   1.8427459e-01   4.8936170e-01   5.9574468e-01   1.6666667e-01
   1.5214216e-01   5.3191489e-01   6.1702128e-01   1.6666667e-01
   1.3023369e-01   5.5319149e-01   6.1702128e-01   1.6666667e-01
   1.3096397e-01   5.7446809e-01   6.1702128e-01   1.6666667e-01
   1.3096397e-01   5.7446809e-01   6.1702128e-01   1.6666667e-01
   1.3023369e-01   5.7446809e-01   6.3829787e-01   1.6666667e-01
   1.2560857e-01   5.7446809e-01   6.3829787e-01   1.6666667e-01
   1.1635833e-01   5.7446809e-01   6.3829787e-01   1.6666667e-01
   9.8101266e-02   5.7446809e-01   6.3829787e-01   1.6666667e-01
   8.2521908e-02   5.7446809e-01   6.3829787e-01   1.6666667e-01
   6.9620253e-02   5.7446809e-01   6.1702128e-01   1.6666667e-01
   5.3310613e-02   5.7446809e-01   5.9574468e-01   1.6666667e-01
   4.1382668e-02   5.7446809e-01   5.7446809e-01   1.6666667e-01
   3.8948393e-02   5.6028369e-01   5.6737589e-01   0.0000000e+00
   3.9678676e-02   5.4609929e-01   5.6028369e-01   0.0000000e+00
   4.1626095e-02   5.3191489e-01   5.5319149e-01   1.6666667e-01
   4.4303797e-02   5.3191489e-01   5.5319149e-01   1.6666667e-01
   2.9698150e-02   5.3191489e-01   5.5319149e-01   1.6666667e-01
   5.3554041e-03   5.3191489e-01   5.5319149e-01   0.0000000e+00
