   5.8100000e+02
   4.0785335e-02   2.6356589e-01   2.6356589e-01   1.6666667e-01
   3.9917562e-02   2.6356589e-01   2.6356589e-01   1.6666667e-01
   3.6988827e-02   2.8622540e-01   2.8682171e-01   0.0000000e+00
   2.5490834e-02   3.0888491e-01   3.1007752e-01   0.0000000e+00
   2.5056948e-02   3.3154442e-01   3.3333333e-01   0.0000000e+00
   2.4623061e-02   3.5420394e-01   3.5658915e-01   0.0000000e+00
   2.4189175e-02   3.7686345e-01   3.7984496e-01   0.0000000e+00
   2.3755288e-02   3.9952296e-01   4.0310078e-01   0.0000000e+00
   2.3321401e-02   4.2218247e-01   4.2635659e-01   0.0000000e+00
   2.2887515e-02   4.4484198e-01   4.4961240e-01   0.0000000e+00
   2.2453628e-02   4.6750149e-01   4.7286822e-01   0.0000000e+00
   2.2019742e-02   4.9016100e-01   4.9612403e-01   0.0000000e+00
   2.1260440e-02   5.1282051e-01   5.1937984e-01   0.0000000e+00
   2.3104458e-02   5.3548002e-01   5.4263566e-01   0.0000000e+00
   5.1632498e-02   5.5813953e-01   5.6589147e-01   1.6666667e-01
   1.0782080e-01   5.4263566e-01   5.8139535e-01   1.6666667e-01
   1.6465994e-01   5.3488372e-01   5.9689922e-01   1.6666667e-01
   1.9091008e-01   5.2713178e-01   6.0465116e-01   1.6666667e-01
   2.0566222e-01   5.2713178e-01   6.1240310e-01   1.6666667e-01
   2.1325523e-01   5.2713178e-01   6.2015504e-01   1.6666667e-01
   2.0566222e-01   5.2713178e-01   6.2790698e-01   1.6666667e-01
   1.8581191e-01   5.2713178e-01   6.2790698e-01   3.3333333e-01
   1.5815164e-01   5.2713178e-01   6.3565891e-01   3.3333333e-01
   1.4405033e-01   5.2713178e-01   6.3565891e-01   3.3333333e-01
   1.9958781e-01   3.7209302e-01   6.4341085e-01   5.0000000e-01
   3.2704198e-01   3.4108527e-01   6.4341085e-01   5.0000000e-01
   4.5699100e-01   3.2558140e-01   6.5116279e-01   5.0000000e-01
   5.3042629e-01   3.1782946e-01   6.5116279e-01   5.0000000e-01
   5.4203276e-01   3.1007752e-01   6.5116279e-01   5.0000000e-01
   5.5222909e-01   3.0232558e-01   6.5891473e-01   5.0000000e-01
   5.5711032e-01   2.9457364e-01   6.5891473e-01   5.0000000e-01
   5.3270420e-01   2.8682171e-01   6.6666667e-01   5.0000000e-01
   5.1166070e-01   2.7906977e-01   6.6666667e-01   6.6666667e-01
   5.0938280e-01   2.7131783e-01   6.7441860e-01   5.0000000e-01
   5.3552446e-01   2.6356589e-01   6.8217054e-01   5.0000000e-01
   5.6275084e-01   2.5581395e-01   6.8992248e-01   5.0000000e-01
   5.8336045e-01   2.5581395e-01   6.8992248e-01   5.0000000e-01
   6.0017355e-01   2.4806202e-01   6.9767442e-01   6.6666667e-01
   6.3238963e-01   2.4806202e-01   6.9767442e-01   6.6666667e-01
   6.2555592e-01   2.4806202e-01   6.9767442e-01   5.0000000e-01
   5.6687276e-01   2.4031008e-01   6.8992248e-01   5.0000000e-01
   4.8508515e-01   2.4031008e-01   6.7441860e-01   5.0000000e-01
   3.9451134e-01   2.3255814e-01   6.5891473e-01   5.0000000e-01
   3.1120512e-01   2.3255814e-01   6.5116279e-01   5.0000000e-01
   2.3722747e-01   2.3255814e-01   6.4341085e-01   5.0000000e-01
   1.8830676e-01   2.3255814e-01   6.4341085e-01   5.0000000e-01
   2.1032650e-01   2.3255814e-01   6.3565891e-01   5.0000000e-01
   3.2226923e-01   2.3255814e-01   6.3565891e-01   5.0000000e-01
   5.6784901e-01   2.3255814e-01   6.2015504e-01   5.0000000e-01
   7.4541707e-01   2.3255814e-01   6.2015504e-01   5.0000000e-01
   7.8001952e-01   2.3255814e-01   6.1240310e-01   3.3333333e-01
   7.4910511e-01   2.3255814e-01   6.0465116e-01   5.0000000e-01
   6.8868641e-01   2.3255814e-01   6.0465116e-01   5.0000000e-01
   5.7988936e-01   2.3255814e-01   5.9689922e-01   5.0000000e-01
   4.1349387e-01   2.3255814e-01   5.8139535e-01   3.3333333e-01
   2.5197961e-01   4.5736434e-01   5.7364341e-01   1.6666667e-01
   1.3548107e-01   4.8837209e-01   5.6589147e-01   1.6666667e-01
   6.5299924e-02   4.3875969e-01   5.0077519e-01   0.0000000e+00
   3.4710923e-03   3.8914729e-01   4.3565891e-01   0.0000000e+00
   6.0744115e-03   3.3953488e-01   3.7054264e-01   0.0000000e+00
   1.1497993e-02   2.8992248e-01   3.0542636e-01   0.0000000e+00
   1.7789348e-02   2.4031008e-01   2.4031008e-01   1.6666667e-01
   7.3977655e-02   2.3255814e-01   4.4961240e-01   5.0000000e-01
   1.8223235e-01   2.4031008e-01   4.5736434e-01   5.0000000e-01
   2.7324005e-01   2.4031008e-01   4.6511628e-01   3.3333333e-01
   3.2270311e-01   2.4031008e-01   4.7286822e-01   3.3333333e-01
   3.4309578e-01   2.4806202e-01   4.8062016e-01   3.3333333e-01
   3.5719709e-01   2.4806202e-01   4.8062016e-01   3.3333333e-01
   3.7053910e-01   2.5581395e-01   4.8837209e-01   3.3333333e-01
   3.7617963e-01   2.6356589e-01   4.8837209e-01   3.3333333e-01
   4.0839570e-01   2.6356589e-01   4.8837209e-01   3.3333333e-01
   4.6339082e-01   2.7131783e-01   4.8837209e-01   3.3333333e-01
   5.0688795e-01   2.7906977e-01   4.8837209e-01   1.6666667e-01
   4.9137651e-01   2.8682171e-01   4.8837209e-01   1.6666667e-01
   4.2672741e-01   2.9457364e-01   4.8062016e-01   1.6666667e-01
   3.5426836e-01   3.1007752e-01   6.4341085e-01   3.3333333e-01
   2.8267708e-01   3.1782946e-01   6.4341085e-01   3.3333333e-01
   2.0631305e-01   3.2558140e-01   6.4341085e-01   3.3333333e-01
   1.1834255e-01   3.5658915e-01   6.4341085e-01   3.3333333e-01
   4.8269877e-02   6.2015504e-01   6.4341085e-01   1.6666667e-01
   3.8073544e-02   6.2015504e-01   6.4341085e-01   1.6666667e-01
   3.9266732e-02   6.2015504e-01   6.3565891e-01   1.6666667e-01
   5.9117041e-02   6.0465116e-01   6.3565891e-01   1.6666667e-01
   1.1140037e-01   5.8139535e-01   6.3565891e-01   1.6666667e-01
   1.7463933e-01   5.6589147e-01   6.3565891e-01   1.6666667e-01
   2.1791951e-01   5.5813953e-01   6.3565891e-01   1.6666667e-01
   2.4275952e-01   5.5038760e-01   6.2790698e-01   1.6666667e-01
   2.6738258e-01   5.4263566e-01   6.3565891e-01   1.6666667e-01
   3.0057490e-01   5.3488372e-01   6.3565891e-01   1.6666667e-01
   3.1489316e-01   5.2713178e-01   6.3565891e-01   1.6666667e-01
   3.1261525e-01   5.1937984e-01   6.3565891e-01   1.6666667e-01
   3.0220197e-01   5.1937984e-01   6.4341085e-01   1.6666667e-01
   2.9688686e-01   5.1162791e-01   6.4341085e-01   1.6666667e-01
   2.9178870e-01   5.1162791e-01   6.4341085e-01   1.6666667e-01
   2.9580215e-01   5.1162791e-01   6.4341085e-01   1.6666667e-01
   2.9525979e-01   5.1162791e-01   6.4341085e-01   3.3333333e-01
   2.8235167e-01   5.1162791e-01   6.4341085e-01   3.3333333e-01
   2.5924721e-01   5.1162791e-01   6.4341085e-01   3.3333333e-01
   2.2583794e-01   5.1162791e-01   6.4341085e-01   3.3333333e-01
   1.9297104e-01   5.1937984e-01   6.4341085e-01   3.3333333e-01
   1.5826011e-01   5.2713178e-01   6.4341085e-01   3.3333333e-01
   1.2571862e-01   5.2713178e-01   6.3565891e-01   3.3333333e-01
   9.3719492e-02   5.4263566e-01   6.3565891e-01   3.3333333e-01
   7.3869183e-02   6.0465116e-01   6.3565891e-01   1.6666667e-01
   6.3564378e-02   6.0465116e-01   6.2790698e-01   1.6666667e-01
   6.1286474e-02   5.9689922e-01   6.2790698e-01   1.6666667e-01
   5.5103590e-02   5.9689922e-01   6.2790698e-01   1.6666667e-01
   5.6839137e-02   5.9689922e-01   6.2015504e-01   1.6666667e-01
   5.3042629e-02   5.9689922e-01   6.2015504e-01   1.6666667e-01
   4.8269877e-02   5.8914729e-01   6.1240310e-01   1.6666667e-01
   4.2846296e-02   5.8139535e-01   6.1240310e-01   1.6666667e-01
   4.9896952e-02   5.7364341e-01   6.0465116e-01   1.6666667e-01
   5.2391800e-02   5.7364341e-01   5.9689922e-01   1.6666667e-01
   5.0873197e-02   5.6589147e-01   5.9689922e-01   1.6666667e-01
   5.3476516e-02   5.6589147e-01   5.8914729e-01   1.6666667e-01
   5.8791626e-02   5.5813953e-01   5.8914729e-01   1.6666667e-01
   5.6947608e-02   5.5813953e-01   5.8914729e-01   1.6666667e-01
   6.3564378e-02   5.5038760e-01   5.8139535e-01   1.6666667e-01
   6.1503417e-02   5.5038760e-01   5.8139535e-01   1.6666667e-01
   6.6818527e-02   5.5038760e-01   5.7364341e-01   1.6666667e-01
   6.3347435e-02   5.4263566e-01   5.7364341e-01   1.6666667e-01
   6.5733811e-02   5.4263566e-01   5.7364341e-01   1.6666667e-01
   7.2567524e-02   5.4263566e-01   5.6589147e-01   1.6666667e-01
   7.6147088e-02   5.3488372e-01   5.6589147e-01   1.6666667e-01
   9.0899230e-02   5.3488372e-01   6.2015504e-01   3.3333333e-01
   1.4752142e-01   5.3488372e-01   6.2790698e-01   3.3333333e-01
   2.2670572e-01   5.3488372e-01   6.3565891e-01   1.6666667e-01
   2.8115848e-01   5.3488372e-01   6.3565891e-01   1.6666667e-01
   3.0686625e-01   5.4263566e-01   6.4341085e-01   1.6666667e-01
   3.0285280e-01   5.4263566e-01   6.4341085e-01   1.6666667e-01
   2.8658206e-01   5.4263566e-01   6.4341085e-01   1.6666667e-01
   2.6694869e-01   5.5038760e-01   6.4341085e-01   1.6666667e-01
   2.3863760e-01   5.5038760e-01   6.3565891e-01   1.6666667e-01
   2.0913331e-01   5.5813953e-01   6.3565891e-01   1.6666667e-01
   1.8136457e-01   5.5813953e-01   6.2790698e-01   1.6666667e-01
   1.5923636e-01   5.6589147e-01   6.2790698e-01   1.6666667e-01
   1.4437575e-01   5.6589147e-01   6.2015504e-01   1.6666667e-01
   1.2409155e-01   5.5813953e-01   6.1240310e-01   1.6666667e-01
   1.0858011e-01   5.5813953e-01   6.0465116e-01   1.6666667e-01
   1.0207181e-01   5.5038760e-01   6.0465116e-01   1.6666667e-01
   9.9902376e-02   5.5038760e-01   5.9689922e-01   1.6666667e-01
   8.8946740e-02   5.4263566e-01   5.8139535e-01   1.6666667e-01
   8.5041762e-02   5.4263566e-01   5.7364341e-01   1.6666667e-01
   7.9075822e-02   5.3488372e-01   5.7364341e-01   1.6666667e-01
   7.4520013e-02   5.3488372e-01   5.6589147e-01   1.6666667e-01
   8.2655386e-02   5.2713178e-01   5.6589147e-01   1.6666667e-01
   9.1007701e-02   5.2713178e-01   5.5813953e-01   1.6666667e-01
   9.1875475e-02   5.1937984e-01   5.5813953e-01   1.6666667e-01
   9.3502549e-02   5.1937984e-01   5.5038760e-01   1.6666667e-01
   9.3394077e-02   5.1937984e-01   5.5038760e-01   1.6666667e-01
   9.7299056e-02   5.1162791e-01   5.5038760e-01   1.6666667e-01
   1.0207181e-01   5.1162791e-01   5.5038760e-01   1.6666667e-01
   1.1074954e-01   5.1162791e-01   5.5038760e-01   1.6666667e-01
   1.3895216e-01   5.1162791e-01   5.5813953e-01   1.6666667e-01
   1.7398850e-01   5.1162791e-01   5.7364341e-01   1.6666667e-01
   2.1076039e-01   5.1162791e-01   5.8139535e-01   1.6666667e-01
   2.3527498e-01   5.1937984e-01   5.9689922e-01   1.6666667e-01
   2.3852912e-01   5.1937984e-01   6.0465116e-01   1.6666667e-01
   2.1878729e-01   5.2713178e-01   6.1240310e-01   1.6666667e-01
   1.8657121e-01   5.2713178e-01   6.2015504e-01   1.6666667e-01
   1.5565680e-01   5.3488372e-01   6.2015504e-01   1.6666667e-01
   1.1834255e-01   5.5038760e-01   6.2015504e-01   1.6666667e-01
   8.3848574e-02   6.0465116e-01   6.2790698e-01   1.6666667e-01
   5.4127346e-02   6.0465116e-01   6.2790698e-01   1.6666667e-01
   6.4106736e-02   6.0465116e-01   6.2790698e-01   1.6666667e-01
   7.9618180e-02   6.0465116e-01   6.3565891e-01   1.6666667e-01
   8.7536609e-02   5.9689922e-01   6.3565891e-01   1.6666667e-01
   1.0001085e-01   5.9689922e-01   6.3565891e-01   1.6666667e-01
   1.0847163e-01   5.8914729e-01   6.3565891e-01   1.6666667e-01
   1.0923094e-01   5.8139535e-01   6.2790698e-01   1.6666667e-01
   1.1335286e-01   5.8139535e-01   6.2790698e-01   1.6666667e-01
   1.0673609e-01   5.7364341e-01   6.2015504e-01   1.6666667e-01
   1.0369888e-01   5.7364341e-01   6.2015504e-01   1.6666667e-01
   9.2309361e-02   5.6589147e-01   6.1240310e-01   1.6666667e-01
   8.1679141e-02   5.6589147e-01   6.0465116e-01   1.6666667e-01
   7.4845428e-02   5.6589147e-01   5.9689922e-01   1.6666667e-01
   7.1048921e-02   5.5813953e-01   5.9689922e-01   1.6666667e-01
   7.1048921e-02   5.5038760e-01   5.8914729e-01   1.6666667e-01
   6.4866038e-02   5.5038760e-01   5.8139535e-01   1.6666667e-01
   6.2045775e-02   5.5038760e-01   5.8139535e-01   1.6666667e-01
   5.8249268e-02   5.5038760e-01   5.7364341e-01   1.6666667e-01
   5.2066385e-02   5.4263566e-01   5.6589147e-01   1.6666667e-01
   5.0981668e-02   5.4263566e-01   5.6589147e-01   1.6666667e-01
   4.9354594e-02   5.4263566e-01   5.6589147e-01   1.6666667e-01
   4.7510576e-02   5.4263566e-01   5.5813953e-01   1.6666667e-01
   4.4907257e-02   5.3488372e-01   5.5813953e-01   1.6666667e-01
   3.7748129e-02   5.3488372e-01   5.5813953e-01   1.6666667e-01
   3.6337998e-02   5.3488372e-01   5.5038760e-01   1.6666667e-01
   4.3171711e-02   5.3488372e-01   5.5038760e-01   1.6666667e-01
   8.1245254e-02   5.3488372e-01   6.3565891e-01   3.3333333e-01
   2.0978414e-01   5.3488372e-01   6.4341085e-01   1.6666667e-01
   3.1847272e-01   5.3488372e-01   6.5116279e-01   1.6666667e-01
   3.5340059e-01   5.3488372e-01   6.5116279e-01   1.6666667e-01
   3.4559063e-01   5.3488372e-01   6.5116279e-01   1.6666667e-01
   3.3224862e-01   5.4263566e-01   6.5891473e-01   1.6666667e-01
   3.0198503e-01   5.4263566e-01   6.5891473e-01   1.6666667e-01
   2.6814188e-01   5.5038760e-01   6.5891473e-01   1.6666667e-01
   2.2410240e-01   5.5813953e-01   6.5116279e-01   1.6666667e-01
   1.7984597e-01   5.6589147e-01   6.3565891e-01   1.6666667e-01
   1.4654518e-01   5.6589147e-01   6.2015504e-01   1.6666667e-01
   1.2029504e-01   5.6589147e-01   6.1240310e-01   1.6666667e-01
   1.0131251e-01   5.6589147e-01   6.0465116e-01   1.6666667e-01
   8.7102723e-02   5.5813953e-01   5.9689922e-01   1.6666667e-01
   8.0160538e-02   5.5813953e-01   5.9689922e-01   1.6666667e-01
   8.7102723e-02   5.5038760e-01   5.8914729e-01   1.6666667e-01
   8.7536609e-02   5.5038760e-01   5.8139535e-01   1.6666667e-01
   9.0682287e-02   5.5038760e-01   5.8139535e-01   1.6666667e-01
   9.6322812e-02   5.5038760e-01   5.8139535e-01   1.6666667e-01
   1.0879705e-01   5.4263566e-01   5.8139535e-01   1.6666667e-01
   1.5543985e-01   5.4263566e-01   6.1240310e-01   1.6666667e-01
   2.1292982e-01   5.5038760e-01   6.2015504e-01   1.6666667e-01
   2.4384423e-01   5.5038760e-01   6.2790698e-01   1.6666667e-01
   2.4709838e-01   5.5038760e-01   6.2790698e-01   1.6666667e-01
   2.3592581e-01   5.5038760e-01   6.3565891e-01   1.6666667e-01
   2.1303829e-01   5.5813953e-01   6.4341085e-01   1.6666667e-01
   1.8288318e-01   5.5813953e-01   6.4341085e-01   1.6666667e-01
   1.4795531e-01   5.6589147e-01   6.4341085e-01   1.6666667e-01
   1.1595618e-01   6.1240310e-01   6.4341085e-01   1.6666667e-01
   8.4173989e-02   6.2015504e-01   6.5116279e-01   1.6666667e-01
   8.4390932e-02   6.2015504e-01   6.5116279e-01   1.6666667e-01
   7.9075822e-02   6.2015504e-01   6.5116279e-01   1.6666667e-01
   7.6580974e-02   6.2015504e-01   6.5116279e-01   1.6666667e-01
   7.9401237e-02   6.2015504e-01   6.5116279e-01   1.6666667e-01
   8.0811368e-02   6.1240310e-01   6.5116279e-01   1.6666667e-01
   8.8187439e-02   6.0465116e-01   6.4341085e-01   1.6666667e-01
   9.2092418e-02   6.0465116e-01   6.4341085e-01   1.6666667e-01
   9.2417833e-02   5.9689922e-01   6.3565891e-01   1.6666667e-01
   1.1172578e-01   5.8914729e-01   6.3565891e-01   1.6666667e-01
   1.2300683e-01   5.8139535e-01   6.3565891e-01   1.6666667e-01
   1.3830133e-01   5.7364341e-01   6.2790698e-01   1.6666667e-01
   1.3971147e-01   5.7364341e-01   6.2015504e-01   1.6666667e-01
   1.3613190e-01   5.6589147e-01   6.2015504e-01   1.6666667e-01
   1.3331164e-01   5.5813953e-01   6.2015504e-01   1.6666667e-01
   1.4632824e-01   5.5038760e-01   6.1240310e-01   1.6666667e-01
   1.5609068e-01   5.4263566e-01   6.1240310e-01   1.6666667e-01
   1.6053802e-01   5.3488372e-01   5.9689922e-01   1.6666667e-01
   1.6411758e-01   5.2713178e-01   5.8914729e-01   1.6666667e-01
   1.7539863e-01   5.1937984e-01   5.8139535e-01   1.6666667e-01
   2.0826554e-01   5.1162791e-01   6.5116279e-01   3.3333333e-01
   2.5631847e-01   5.1162791e-01   6.5891473e-01   3.3333333e-01
   3.1272372e-01   5.1162791e-01   6.6666667e-01   3.3333333e-01
   3.6544094e-01   5.1162791e-01   6.6666667e-01   1.6666667e-01
   4.0080269e-01   5.1162791e-01   6.6666667e-01   1.6666667e-01
   3.9169107e-01   5.1937984e-01   6.7441860e-01   1.6666667e-01
   3.4320425e-01   5.1937984e-01   6.7441860e-01   3.3333333e-01
   2.8940232e-01   5.3488372e-01   6.6666667e-01   3.3333333e-01
   2.3310554e-01   5.8139535e-01   6.6666667e-01   1.6666667e-01
   1.7984597e-01   5.8914729e-01   6.6666667e-01   1.6666667e-01
   1.3548107e-01   5.9689922e-01   6.5891473e-01   1.6666667e-01
   9.7841414e-02   6.0465116e-01   6.5891473e-01   1.6666667e-01
   7.3977655e-02   6.0465116e-01   6.5891473e-01   1.6666667e-01
   6.7469357e-02   5.9689922e-01   6.2015504e-01   1.6666667e-01
   7.0723506e-02   5.9689922e-01   6.2015504e-01   1.6666667e-01
   8.9380627e-02   5.8914729e-01   6.2790698e-01   1.6666667e-01
   1.0315652e-01   5.7364341e-01   6.2790698e-01   1.6666667e-01
   1.1584771e-01   5.7364341e-01   6.2790698e-01   1.6666667e-01
   1.1964421e-01   5.6589147e-01   6.2790698e-01   1.6666667e-01
   1.1899338e-01   5.6589147e-01   6.2015504e-01   1.6666667e-01
   1.0489207e-01   5.5813953e-01   6.0465116e-01   1.6666667e-01
   9.0031457e-02   5.5813953e-01   5.9689922e-01   1.6666667e-01
   8.6885779e-02   5.5038760e-01   5.8914729e-01   1.6666667e-01
   8.0594425e-02   5.5038760e-01   5.8914729e-01   1.6666667e-01
   8.0919839e-02   5.5038760e-01   5.8139535e-01   1.6666667e-01
   6.8554073e-02   5.5038760e-01   5.8139535e-01   1.6666667e-01
   5.9008569e-02   5.4263566e-01   5.7364341e-01   1.6666667e-01
   5.7489966e-02   5.4263566e-01   5.7364341e-01   1.6666667e-01
   1.2105434e-01   5.4263566e-01   9.9224806e-01   5.0000000e-01
   2.3896301e-01   5.4263566e-01   1.0000000e+00   3.3333333e-01
   3.3322486e-01   5.4263566e-01   1.0000000e+00   3.3333333e-01
   3.6023430e-01   5.3488372e-01   1.0000000e+00   3.3333333e-01
   3.4168565e-01   5.3488372e-01   1.0000000e+00   3.3333333e-01
   3.2649962e-01   5.3488372e-01   1.0000000e+00   3.3333333e-01
   2.9634451e-01   5.3488372e-01   1.0000000e+00   3.3333333e-01
   2.7660267e-01   5.3488372e-01   1.0000000e+00   3.3333333e-01
   2.7302310e-01   5.3488372e-01   1.0000000e+00   6.6666667e-01
   2.8625664e-01   5.3488372e-01   1.0000000e+00   6.6666667e-01
   3.1272372e-01   5.4263566e-01   1.0000000e+00   5.0000000e-01
   3.1565246e-01   5.4263566e-01   1.0000000e+00   5.0000000e-01
   3.1435080e-01   5.5038760e-01   1.0000000e+00   6.6666667e-01
   3.1044582e-01   5.5813953e-01   1.0000000e+00   6.6666667e-01
   2.9428354e-01   5.6589147e-01   1.0000000e+00   6.6666667e-01
   2.7736197e-01   6.2790698e-01   1.0000000e+00   5.0000000e-01
   2.6966048e-01   6.2790698e-01   1.0000000e+00   5.0000000e-01
   3.0361211e-01   6.2790698e-01   1.0000000e+00   5.0000000e-01
   3.2302853e-01   6.2790698e-01   1.0000000e+00   5.0000000e-01
   3.4352967e-01   6.2790698e-01   1.0000000e+00   5.0000000e-01
   3.7162382e-01   6.2790698e-01   1.0000000e+00   5.0000000e-01
   3.9570452e-01   6.2790698e-01   9.9224806e-01   5.0000000e-01
   4.4202191e-01   6.0465116e-01   9.8449612e-01   5.0000000e-01
   4.8931554e-01   5.9689922e-01   9.8449612e-01   5.0000000e-01
   5.5570018e-01   5.8914729e-01   9.7674419e-01   5.0000000e-01
   6.5451784e-01   5.8139535e-01   9.6124031e-01   5.0000000e-01
   7.6526738e-01   5.7364341e-01   9.6124031e-01   5.0000000e-01
   8.7731858e-01   5.5038760e-01   9.5348837e-01   3.3333333e-01
   9.9392559e-01   5.3488372e-01   9.4573643e-01   1.6666667e-01
   1.0000000e+00   5.3488372e-01   9.3798450e-01   1.6666667e-01
   8.9445710e-01   5.3488372e-01   9.2248062e-01   1.6666667e-01
   7.4964747e-01   5.3488372e-01   9.1472868e-01   1.6666667e-01
   5.9203818e-01   5.3488372e-01   8.6046512e-01   1.6666667e-01
   3.9602994e-01   5.4263566e-01   8.4496124e-01   5.0000000e-01
   2.2692266e-01   6.4341085e-01   7.1317829e-01   1.6666667e-01
   1.1790867e-01   6.5116279e-01   7.0542636e-01   1.6666667e-01
   1.0532596e-01   6.5116279e-01   6.9767442e-01   1.6666667e-01
   9.4912680e-02   6.4341085e-01   6.9767442e-01   1.6666667e-01
   7.7340276e-02   6.4341085e-01   6.8992248e-01   1.6666667e-01
   6.2913548e-02   6.4341085e-01   6.7441860e-01   1.6666667e-01
   4.8812236e-02   6.3565891e-01   6.6666667e-01   1.6666667e-01
   4.1653108e-02   6.3565891e-01   6.5116279e-01   1.6666667e-01
   4.2954767e-02   6.2790698e-01   6.5116279e-01   1.6666667e-01
   4.6968218e-02   6.2015504e-01   6.4341085e-01   1.6666667e-01
   4.9571537e-02   6.1240310e-01   6.4341085e-01   1.6666667e-01
   5.2825686e-02   6.1240310e-01   6.3565891e-01   1.6666667e-01
   6.2045775e-02   5.9689922e-01   6.3565891e-01   1.6666667e-01
   7.4411541e-02   5.8914729e-01   6.2790698e-01   1.6666667e-01
   9.4153379e-02   5.8139535e-01   6.2015504e-01   1.6666667e-01
   1.1389522e-01   5.8139535e-01   6.2015504e-01   1.6666667e-01
   1.1855950e-01   5.7364341e-01   6.2015504e-01   1.6666667e-01
   1.3222692e-01   5.6589147e-01   6.1240310e-01   1.6666667e-01
   1.5261959e-01   5.6589147e-01   6.1240310e-01   1.6666667e-01
   1.9166938e-01   5.5813953e-01   6.2015504e-01   1.6666667e-01
   2.5599306e-01   5.4263566e-01   6.2790698e-01   1.6666667e-01
   3.7661352e-01   4.8837209e-01   6.3565891e-01   1.6666667e-01
   4.8714611e-01   4.7286822e-01   6.4341085e-01   1.6666667e-01
   5.7826228e-01   4.4186047e-01   6.5116279e-01   1.6666667e-01
   6.4855190e-01   4.1860465e-01   6.5116279e-01   3.3333333e-01
   6.8098492e-01   3.9534884e-01   6.5891473e-01   1.6666667e-01
   6.7827313e-01   3.8759690e-01   6.5891473e-01   1.6666667e-01
   6.4605706e-01   3.6434109e-01   6.5891473e-01   1.6666667e-01
   6.1047836e-01   3.2558140e-01   6.6666667e-01   1.6666667e-01
   5.5472394e-01   3.1782946e-01   6.6666667e-01   3.3333333e-01
   4.9322052e-01   3.0232558e-01   6.6666667e-01   5.0000000e-01
   4.2878837e-01   3.0232558e-01   6.6666667e-01   6.6666667e-01
   3.8995553e-01   2.9457364e-01   6.6666667e-01   5.0000000e-01
   3.9700618e-01   2.9457364e-01   6.6666667e-01   5.0000000e-01
   4.1110750e-01   2.9457364e-01   6.6666667e-01   5.0000000e-01
   4.1056514e-01   2.9457364e-01   6.6666667e-01   5.0000000e-01
   4.3757457e-01   2.9457364e-01   6.5891473e-01   5.0000000e-01
   4.8671222e-01   2.9457364e-01   6.5891473e-01   5.0000000e-01
   5.4756481e-01   3.0232558e-01   6.5116279e-01   3.3333333e-01
   5.7056080e-01   3.0232558e-01   6.5116279e-01   3.3333333e-01
   5.3422280e-01   3.1007752e-01   6.4341085e-01   3.3333333e-01
   4.6675344e-01   3.1007752e-01   6.3565891e-01   3.3333333e-01
   4.0655169e-01   3.1782946e-01   6.3565891e-01   3.3333333e-01
   3.4418050e-01   3.2558140e-01   6.2790698e-01   3.3333333e-01
   2.7399935e-01   3.4883721e-01   6.2790698e-01   5.0000000e-01
   1.9112702e-01   3.7984496e-01   6.2015504e-01   3.3333333e-01
   1.4047077e-01   5.5813953e-01   6.1240310e-01   1.6666667e-01
   1.1866797e-01   5.5813953e-01   6.0465116e-01   1.6666667e-01
   1.1563076e-01   5.5813953e-01   6.0465116e-01   1.6666667e-01
   1.3244387e-01   5.5813953e-01   6.1240310e-01   1.6666667e-01
   1.7171060e-01   5.5813953e-01   6.2790698e-01   1.6666667e-01
   2.1054344e-01   5.6589147e-01   6.3565891e-01   1.6666667e-01
   2.2757349e-01   5.6589147e-01   6.4341085e-01   1.6666667e-01
   2.2605489e-01   5.6589147e-01   6.4341085e-01   1.6666667e-01
   2.1108580e-01   5.7364341e-01   6.5116279e-01   1.6666667e-01
   1.8320859e-01   5.7364341e-01   6.5116279e-01   1.6666667e-01
   1.6042955e-01   5.8139535e-01   6.5891473e-01   1.6666667e-01
   1.2322378e-01   5.9689922e-01   6.5891473e-01   1.6666667e-01
   9.5021152e-02   6.3565891e-01   6.6666667e-01   1.6666667e-01
   7.0940449e-02   6.4341085e-01   6.6666667e-01   1.6666667e-01
   7.3977655e-02   6.4341085e-01   6.6666667e-01   1.6666667e-01
   8.2546914e-02   6.3565891e-01   6.6666667e-01   1.6666667e-01
   9.4370322e-02   6.3565891e-01   6.6666667e-01   1.6666667e-01
   1.0218028e-01   6.2790698e-01   6.6666667e-01   1.6666667e-01
   1.1074954e-01   6.2015504e-01   6.6666667e-01   1.6666667e-01
   1.2127129e-01   6.1240310e-01   6.6666667e-01   1.6666667e-01
   1.1942727e-01   6.0465116e-01   6.6666667e-01   1.6666667e-01
   1.0868858e-01   6.0465116e-01   6.5891473e-01   1.6666667e-01
   8.7211194e-02   6.0465116e-01   6.5116279e-01   1.6666667e-01
   6.1394945e-02   6.1240310e-01   6.4341085e-01   1.6666667e-01
   3.0263586e-02   6.3565891e-01   6.3565891e-01   1.6666667e-01
   0.0000000e+00   6.2015504e-01   6.2273902e-01   0.0000000e+00
   3.4710923e-03   6.0465116e-01   6.0981912e-01   0.0000000e+00
   1.4643671e-02   5.8914729e-01   5.9689922e-01   1.6666667e-01
   2.5924721e-02   5.8914729e-01   5.9689922e-01   1.6666667e-01
   3.2216075e-02   5.8914729e-01   6.0465116e-01   1.6666667e-01
   3.4493980e-02   5.8914729e-01   6.0465116e-01   1.6666667e-01
   3.7531186e-02   5.9689922e-01   6.0465116e-01   1.6666667e-01
   3.6337998e-02   5.9689922e-01   6.1240310e-01   1.6666667e-01
   3.5144810e-02   5.9689922e-01   6.1240310e-01   1.6666667e-01
   3.0046643e-02   5.9689922e-01   6.1240310e-01   1.6666667e-01
   2.9938171e-02   5.9689922e-01   6.1240310e-01   1.6666667e-01
   2.8744983e-02   5.9689922e-01   6.1240310e-01   1.6666667e-01
   2.7985682e-02   5.9689922e-01   6.1240310e-01   1.6666667e-01
   2.6792494e-02   5.9689922e-01   6.1240310e-01   1.6666667e-01
   2.7009437e-02   5.9689922e-01   6.1240310e-01   1.6666667e-01
   3.2866905e-02   5.9689922e-01   6.1240310e-01   1.6666667e-01
   3.4927866e-02   5.9689922e-01   6.1240310e-01   1.6666667e-01
   3.5795639e-02   5.9689922e-01   6.1240310e-01   1.6666667e-01
   3.5361753e-02   5.9689922e-01   6.1240310e-01   1.6666667e-01
   3.4060093e-02   5.9689922e-01   6.1240310e-01   1.6666667e-01
   3.1782189e-02   5.9689922e-01   6.0465116e-01   1.6666667e-01
   2.8528040e-02   5.9689922e-01   6.0465116e-01   1.6666667e-01
   2.6792494e-02   5.9689922e-01   6.0465116e-01   1.6666667e-01
   2.3863760e-02   5.8914729e-01   6.0465116e-01   1.6666667e-01
   2.4731533e-02   5.8914729e-01   6.0465116e-01   1.6666667e-01
   2.2128213e-02   5.8914729e-01   6.0465116e-01   1.6666667e-01
   2.0501139e-02   5.9689922e-01   6.0465116e-01   1.6666667e-01
   4.6317388e-02   6.0465116e-01   6.3565891e-01   1.6666667e-01
   9.9576961e-02   5.9689922e-01   6.4341085e-01   1.6666667e-01
   1.5956177e-01   5.9689922e-01   6.5116279e-01   1.6666667e-01
   2.0479445e-01   5.8914729e-01   6.5891473e-01   1.6666667e-01
   2.2844126e-01   5.8914729e-01   6.5891473e-01   1.6666667e-01
   2.3701052e-01   5.8914729e-01   6.6666667e-01   1.6666667e-01
   2.2518711e-01   5.8914729e-01   6.6666667e-01   1.6666667e-01
   2.1217052e-01   5.8139535e-01   6.7441860e-01   1.6666667e-01
   1.9297104e-01   5.8139535e-01   6.7441860e-01   1.6666667e-01
   1.7127671e-01   5.8139535e-01   6.7441860e-01   1.6666667e-01
   1.5175182e-01   5.8139535e-01   6.7441860e-01   3.3333333e-01
   1.2387461e-01   5.8139535e-01   6.7441860e-01   3.3333333e-01
   1.1009871e-01   5.8139535e-01   6.7441860e-01   3.3333333e-01
   1.1281050e-01   5.8139535e-01   6.7441860e-01   3.3333333e-01
   1.1346133e-01   5.8139535e-01   6.7441860e-01   3.3333333e-01
   1.0716998e-01   5.8139535e-01   6.7441860e-01   3.3333333e-01
   1.1042412e-01   5.8139535e-01   6.6666667e-01   3.3333333e-01
   1.2181365e-01   5.8914729e-01   6.6666667e-01   3.3333333e-01
   1.3407094e-01   5.9689922e-01   6.5891473e-01   1.6666667e-01
   1.5045016e-01   5.9689922e-01   6.5891473e-01   1.6666667e-01
   1.5739234e-01   5.9689922e-01   6.5116279e-01   1.6666667e-01
   1.6227357e-01   5.8914729e-01   6.5116279e-01   1.6666667e-01
   1.7366309e-01   5.8914729e-01   6.4341085e-01   1.6666667e-01
   1.8982536e-01   5.8914729e-01   6.4341085e-01   1.6666667e-01
   2.0273349e-01   5.8914729e-01   6.5116279e-01   1.6666667e-01
   2.1520772e-01   5.8914729e-01   6.5116279e-01   1.6666667e-01
   2.1911270e-01   5.8914729e-01   6.5891473e-01   1.6666667e-01
   2.0761471e-01   5.8914729e-01   6.5891473e-01   1.6666667e-01
   1.9275409e-01   5.9689922e-01   6.6666667e-01   1.6666667e-01
   1.6064649e-01   5.9689922e-01   6.6666667e-01   1.6666667e-01
   1.3211845e-01   6.1240310e-01   6.7441860e-01   1.6666667e-01
   1.0673609e-01   6.3565891e-01   6.7441860e-01   1.6666667e-01
   8.7536609e-02   6.5116279e-01   6.7441860e-01   1.6666667e-01
   8.5475648e-02   6.5116279e-01   6.7441860e-01   1.6666667e-01
   8.1570669e-02   6.5116279e-01   6.8217054e-01   1.6666667e-01
   8.7645081e-02   6.5116279e-01   6.8217054e-01   1.6666667e-01
   9.3068663e-02   6.4341085e-01   6.8217054e-01   1.6666667e-01
   1.0348194e-01   6.4341085e-01   6.8217054e-01   1.6666667e-01
   1.0510901e-01   6.3565891e-01   6.8217054e-01   1.6666667e-01
   1.0250569e-01   6.3565891e-01   6.8217054e-01   1.6666667e-01
   9.8383773e-02   6.3565891e-01   6.7441860e-01   1.6666667e-01
   8.6126478e-02   6.2790698e-01   6.7441860e-01   1.6666667e-01
   8.3306215e-02   6.2790698e-01   6.6666667e-01   1.6666667e-01
   7.3543768e-02   6.2015504e-01   6.5891473e-01   1.6666667e-01
   6.3889793e-02   6.2015504e-01   6.5116279e-01   1.6666667e-01
   6.1286474e-02   6.2015504e-01   6.5116279e-01   1.6666667e-01
   5.1849441e-02   6.2015504e-01   6.4341085e-01   1.6666667e-01
   4.8595292e-02   6.2015504e-01   6.4341085e-01   1.6666667e-01
   4.3714069e-02   6.0465116e-01   6.3565891e-01   1.6666667e-01
   3.5036338e-02   6.0465116e-01   6.2015504e-01   1.6666667e-01
   3.2324547e-02   6.0465116e-01   6.2015504e-01   1.6666667e-01
   2.7443324e-02   6.0465116e-01   6.2015504e-01   1.6666667e-01
   2.6250136e-02   5.9689922e-01   6.1240310e-01   1.6666667e-01
   2.1911270e-02   5.9689922e-01   6.0465116e-01   1.6666667e-01
   2.2779043e-02   5.9689922e-01   6.0465116e-01   1.6666667e-01
   2.5490834e-02   5.9689922e-01   6.0465116e-01   1.6666667e-01
   4.0026033e-02   5.9689922e-01   6.0465116e-01   1.6666667e-01
   7.8208049e-02   5.8914729e-01   6.6666667e-01   3.3333333e-01
   1.5565680e-01   5.8914729e-01   6.7441860e-01   3.3333333e-01
   2.3538345e-01   5.8914729e-01   6.8217054e-01   1.6666667e-01
   2.7107062e-01   5.8914729e-01   6.8217054e-01   1.6666667e-01
   2.7627725e-01   5.9689922e-01   6.8217054e-01   1.6666667e-01
   2.5913874e-01   5.9689922e-01   6.8992248e-01   1.6666667e-01
   2.4124092e-01   5.9689922e-01   6.8992248e-01   1.6666667e-01
   2.1857034e-01   6.0465116e-01   6.8217054e-01   1.6666667e-01
   1.8657121e-01   6.0465116e-01   6.8217054e-01   1.6666667e-01
   1.5598221e-01   6.0465116e-01   6.7441860e-01   1.6666667e-01
   1.2604404e-01   6.0465116e-01   6.5891473e-01   1.6666667e-01
   1.0185486e-01   6.0465116e-01   6.5116279e-01   1.6666667e-01
   8.3631630e-02   6.0465116e-01   6.4341085e-01   1.6666667e-01
   6.7686300e-02   6.0465116e-01   6.3565891e-01   1.6666667e-01
   5.4018874e-02   5.9689922e-01   6.2790698e-01   1.6666667e-01
   4.5449615e-02   5.9689922e-01   6.2015504e-01   1.6666667e-01
   3.6554941e-02   5.9689922e-01   6.2015504e-01   1.6666667e-01
   3.4602451e-02   5.8914729e-01   6.0465116e-01   1.6666667e-01
   3.0480529e-02   5.8914729e-01   6.0465116e-01   1.6666667e-01
   3.1348302e-02   5.8914729e-01   6.0465116e-01   1.6666667e-01
   4.4690313e-02   5.8914729e-01   6.0465116e-01   1.6666667e-01
   6.2696605e-02   5.8914729e-01   6.1240310e-01   1.6666667e-01
   9.8926131e-02   5.9689922e-01   6.3565891e-01   1.6666667e-01
   1.3569801e-01   5.9689922e-01   6.5116279e-01   1.6666667e-01
   1.5359583e-01   5.9689922e-01   6.5891473e-01   1.6666667e-01
   1.5088404e-01   6.0465116e-01   6.6666667e-01   1.6666667e-01
   1.3591496e-01   6.0465116e-01   6.6666667e-01   1.6666667e-01
   1.2506779e-01   6.1240310e-01   6.7441860e-01   1.6666667e-01
   1.0109556e-01   6.2015504e-01   6.7441860e-01   1.6666667e-01
   7.9726651e-02   6.4341085e-01   6.8217054e-01   1.6666667e-01
   5.5754420e-02   6.5891473e-01   6.8217054e-01   1.6666667e-01
   5.1957913e-02   6.5891473e-01   6.8217054e-01   1.6666667e-01
   6.0093286e-02   6.5891473e-01   6.8217054e-01   1.6666667e-01
   6.7686300e-02   6.5116279e-01   6.8217054e-01   1.6666667e-01
   7.7665690e-02   6.5116279e-01   6.8217054e-01   1.6666667e-01
   7.8750407e-02   6.4341085e-01   6.8217054e-01   1.6666667e-01
   8.2221499e-02   6.4341085e-01   6.8217054e-01   1.6666667e-01
   9.0682287e-02   6.3565891e-01   6.7441860e-01   1.6666667e-01
   1.1129190e-01   6.2790698e-01   6.7441860e-01   1.6666667e-01
   1.3493871e-01   6.1240310e-01   6.7441860e-01   1.6666667e-01
   1.5609068e-01   6.1240310e-01   6.6666667e-01   1.6666667e-01
   1.8310012e-01   3.5658915e-01   6.6666667e-01   3.3333333e-01
   2.3863760e-01   3.4883721e-01   6.5891473e-01   3.3333333e-01
   2.8354485e-01   3.4883721e-01   6.5891473e-01   3.3333333e-01
   3.2866905e-01   3.4883721e-01   6.5116279e-01   3.3333333e-01
   3.6045124e-01   3.4883721e-01   6.5116279e-01   3.3333333e-01
   3.6761037e-01   3.5658915e-01   6.5116279e-01   3.3333333e-01
   3.4710923e-01   3.5658915e-01   6.5116279e-01   3.3333333e-01
   3.1326608e-01   3.6434109e-01   6.5891473e-01   3.3333333e-01
   2.7269769e-01   3.7209302e-01   6.5891473e-01   3.3333333e-01
   2.1911270e-01   3.8759690e-01   6.6666667e-01   3.3333333e-01
   1.5565680e-01   6.1240310e-01   6.6666667e-01   1.6666667e-01
   1.0120404e-01   6.3565891e-01   6.6666667e-01   1.6666667e-01
   8.8512854e-02   6.4341085e-01   6.7441860e-01   1.6666667e-01
   8.5475648e-02   6.4341085e-01   6.7441860e-01   1.6666667e-01
   8.5909535e-02   6.5116279e-01   6.7441860e-01   1.6666667e-01
   8.8295911e-02   6.5116279e-01   6.7441860e-01   1.6666667e-01
   8.5475648e-02   6.5116279e-01   6.8217054e-01   1.6666667e-01
   8.0160538e-02   6.5116279e-01   6.8217054e-01   1.6666667e-01
   7.5930144e-02   6.5116279e-01   6.8217054e-01   1.6666667e-01
   7.3869183e-02   6.5116279e-01   6.7441860e-01   1.6666667e-01
   7.1157392e-02   6.4341085e-01   6.7441860e-01   1.6666667e-01
   6.8445601e-02   6.4341085e-01   6.7441860e-01   1.6666667e-01
   7.3218353e-02   6.4341085e-01   6.7441860e-01   1.6666667e-01
   6.8987960e-02   6.4341085e-01   6.6666667e-01   1.6666667e-01
   6.3672850e-02   6.4341085e-01   6.6666667e-01   1.6666667e-01
   5.6839137e-02   6.3565891e-01   6.6666667e-01   1.6666667e-01
   6.3022020e-02   6.3565891e-01   6.5891473e-01   1.6666667e-01
   6.9530318e-02   6.2790698e-01   6.5891473e-01   1.6666667e-01
   7.3218353e-02   6.2015504e-01   6.5891473e-01   1.6666667e-01
   8.9272155e-02   6.2015504e-01   6.5116279e-01   1.6666667e-01
   9.7732943e-02   6.1240310e-01   6.4341085e-01   1.6666667e-01
   1.1964421e-01   6.1240310e-01   6.4341085e-01   1.6666667e-01
   1.5001627e-01   6.0465116e-01   6.5116279e-01   1.6666667e-01
   1.8548650e-01   5.9689922e-01   6.5891473e-01   1.6666667e-01
   2.1889576e-01   5.8914729e-01   6.5891473e-01   1.6666667e-01
   2.4915934e-01   5.8914729e-01   6.6666667e-01   1.6666667e-01
   2.5751166e-01   5.8139535e-01   6.6666667e-01   1.6666667e-01
   2.6033192e-01   5.8139535e-01   6.7441860e-01   1.6666667e-01
   2.4861699e-01   5.7364341e-01   6.7441860e-01   1.6666667e-01
   2.3353943e-01   5.7364341e-01   6.8217054e-01   1.6666667e-01
   2.2019742e-01   5.7364341e-01   6.8217054e-01   3.3333333e-01
   2.0088947e-01   5.6589147e-01   6.8217054e-01   3.3333333e-01
   1.9633366e-01   5.6589147e-01   6.8217054e-01   3.3333333e-01
   1.9969628e-01   5.6589147e-01   6.8217054e-01   3.3333333e-01
   2.0511986e-01   5.6589147e-01   6.8992248e-01   3.3333333e-01
   2.1932965e-01   5.6589147e-01   6.8992248e-01   3.3333333e-01
   2.4275952e-01   5.7364341e-01   6.8992248e-01   3.3333333e-01
   2.6705716e-01   5.7364341e-01   6.8217054e-01   1.6666667e-01
   2.8278555e-01   5.8139535e-01   6.8217054e-01   1.6666667e-01
   2.7269769e-01   5.8139535e-01   6.8217054e-01   1.6666667e-01
   2.5653542e-01   5.8914729e-01   6.7441860e-01   1.6666667e-01
   2.3560039e-01   5.8914729e-01   6.7441860e-01   1.6666667e-01
   2.2149908e-01   5.9689922e-01   6.6666667e-01   1.6666667e-01
   2.0956720e-01   5.9689922e-01   6.5891473e-01   1.6666667e-01
   1.9904545e-01   5.9689922e-01   6.5891473e-01   1.6666667e-01
   1.8310012e-01   6.0465116e-01   6.5891473e-01   1.6666667e-01
   1.6520230e-01   6.0465116e-01   6.6666667e-01   1.6666667e-01
   1.4513505e-01   6.1240310e-01   6.6666667e-01   1.6666667e-01
   1.2040351e-01   6.2790698e-01   6.7441860e-01   1.6666667e-01
   1.0380735e-01   6.4341085e-01   6.7441860e-01   1.6666667e-01
   9.2200889e-02   6.5116279e-01   6.7441860e-01   1.6666667e-01
   9.4695737e-02   6.5116279e-01   6.8217054e-01   1.6666667e-01
   9.8383773e-02   6.5891473e-01   6.8217054e-01   1.6666667e-01
   1.0163792e-01   6.5891473e-01   6.8217054e-01   1.6666667e-01
   1.0413277e-01   6.5116279e-01   6.8217054e-01   1.6666667e-01
   1.0771233e-01   6.5116279e-01   6.8217054e-01   1.6666667e-01
   1.0163792e-01   6.5116279e-01   6.8217054e-01   1.6666667e-01
   9.1116173e-02   6.5116279e-01   6.8217054e-01   1.6666667e-01
   9.3068663e-02   6.4341085e-01   6.8217054e-01   1.6666667e-01
   9.1550060e-02   6.4341085e-01   6.8217054e-01   1.6666667e-01
   8.7645081e-02   6.4341085e-01   6.7441860e-01   1.6666667e-01
   8.3197744e-02   6.4341085e-01   6.7441860e-01   1.6666667e-01
   6.4323679e-02   6.4341085e-01   6.6666667e-01   1.6666667e-01
   4.2086994e-02   6.5116279e-01   6.5891473e-01   1.6666667e-01
   2.5490834e-02   6.5116279e-01   6.5891473e-01   0.0000000e+00
   2.1802799e-02   6.5116279e-01   6.5891473e-01   0.0000000e+00
   2.2562100e-02   6.5116279e-01   6.5891473e-01   0.0000000e+00
   2.2995987e-02   6.5116279e-01   6.5891473e-01   0.0000000e+00
   2.3429873e-02   6.5116279e-01   6.5891473e-01   0.0000000e+00
   2.3863760e-02   6.5116279e-01   6.5891473e-01   0.0000000e+00
   2.4297646e-02   6.5116279e-01   6.5891473e-01   0.0000000e+00
   2.4406118e-02   6.5116279e-01   6.5891473e-01   0.0000000e+00
   2.8311097e-02   6.5116279e-01   6.5891473e-01   0.0000000e+00
   4.2195466e-02   6.5116279e-01   6.5891473e-01   0.0000000e+00
   4.1544636e-02   6.5116279e-01   6.5891473e-01   0.0000000e+00
