   9.7000000e+01
   4.1810919e-02   5.5000000e-01   5.8333333e-01   1.6666667e-01
   1.1478029e-01   5.1666667e-01   6.1666667e-01   1.6666667e-01
   2.1198402e-01   8.3333333e-02   6.3333333e-01   3.3333333e-01
   2.8468708e-01   8.3333333e-02   6.3333333e-01   3.3333333e-01
   3.2556591e-01   8.3333333e-02   6.5000000e-01   3.3333333e-01
   3.2729694e-01   8.3333333e-02   6.5000000e-01   3.3333333e-01
   3.0585885e-01   8.3333333e-02   6.6666667e-01   3.3333333e-01
   2.7962716e-01   1.0000000e-01   6.6666667e-01   3.3333333e-01
   2.4434088e-01   1.0000000e-01   6.8333333e-01   3.3333333e-01
   2.0466045e-01   1.1666667e-01   6.8333333e-01   3.3333333e-01
   1.7203728e-01   4.8333333e-01   6.8333333e-01   3.3333333e-01
   1.3741678e-01   5.0000000e-01   6.8333333e-01   3.3333333e-01
   1.0372836e-01   6.3333333e-01   7.0000000e-01   1.6666667e-01
   7.7762983e-02   6.3333333e-01   7.0000000e-01   1.6666667e-01
   6.2583222e-02   6.5000000e-01   7.0000000e-01   1.6666667e-01
   5.6191744e-02   6.5000000e-01   7.0000000e-01   1.6666667e-01
   5.3262317e-02   6.5000000e-01   7.0000000e-01   1.6666667e-01
   5.1664447e-02   6.3333333e-01   6.8333333e-01   1.6666667e-01
   5.3528628e-02   6.1666667e-01   6.6666667e-01   1.6666667e-01
   5.6458056e-02   6.1666667e-01   6.6666667e-01   1.6666667e-01
   5.7922770e-02   6.0000000e-01   6.5000000e-01   1.6666667e-01
   5.9653795e-02   6.0000000e-01   6.5000000e-01   1.6666667e-01
   6.4980027e-02   5.8333333e-01   6.5000000e-01   1.6666667e-01
   7.3768309e-02   5.6666667e-01   6.5000000e-01   1.6666667e-01
   8.4687084e-02   5.6666667e-01   6.3333333e-01   1.6666667e-01
   9.5605859e-02   5.5000000e-01   6.3333333e-01   1.6666667e-01
   1.0159787e-01   5.5000000e-01   6.3333333e-01   1.6666667e-01
   1.1664447e-01   5.3333333e-01   6.1666667e-01   1.6666667e-01
   1.5019973e-01   5.1666667e-01   6.1666667e-01   1.6666667e-01
   2.5139814e-01   5.0000000e-01   7.8333333e-01   3.3333333e-01
   3.8854860e-01   4.8333333e-01   7.8333333e-01   1.6666667e-01
   5.0252996e-01   4.6666667e-01   7.8333333e-01   1.6666667e-01
   5.8561917e-01   4.0000000e-01   7.8333333e-01   1.6666667e-01
   7.0905459e-01   3.0000000e-01   7.8333333e-01   1.6666667e-01
   8.5792277e-01   1.8333333e-01   7.8333333e-01   1.6666667e-01
   9.6884154e-01   1.3333333e-01   7.8333333e-01   1.6666667e-01
   1.0000000e+00   1.0000000e-01   7.8333333e-01   1.6666667e-01
   9.6364847e-01   6.6666667e-02   7.8333333e-01   1.6666667e-01
   9.0745672e-01   5.0000000e-02   7.8333333e-01   1.6666667e-01
   8.4474035e-01   3.3333333e-02   7.8333333e-01   1.6666667e-01
   7.7549933e-01   3.3333333e-02   7.1666667e-01   1.6666667e-01
   7.0159787e-01   1.6666667e-02   6.8333333e-01   3.3333333e-01
   6.1890812e-01   1.6666667e-02   6.8333333e-01   5.0000000e-01
   5.3595206e-01   1.6666667e-02   6.8333333e-01   5.0000000e-01
   4.6617843e-01   1.6666667e-02   6.8333333e-01   5.0000000e-01
   4.0692410e-01   1.6666667e-02   6.6666667e-01   5.0000000e-01
   3.6271638e-01   1.6666667e-02   6.6666667e-01   5.0000000e-01
   3.3808256e-01   1.6666667e-02   6.6666667e-01   5.0000000e-01
   3.3541944e-01   1.6666667e-02   6.5000000e-01   5.0000000e-01
   3.5006658e-01   3.3333333e-02   6.5000000e-01   5.0000000e-01
   3.5832224e-01   3.3333333e-02   6.5000000e-01   3.3333333e-01
   3.4340879e-01   3.3333333e-02   6.5000000e-01   3.3333333e-01
   3.0133156e-01   5.0000000e-02   6.3333333e-01   3.3333333e-01
   2.4167776e-01   6.6666667e-02   2.6666667e-01   1.6666667e-01
   1.8655126e-01   6.6666667e-02   2.5000000e-01   1.6666667e-01
   1.4487350e-01   8.3333333e-02   2.3333333e-01   1.6666667e-01
   1.0026631e-01   1.1666667e-01   2.1666667e-01   1.6666667e-01
   6.0585885e-02   1.3333333e-01   1.8333333e-01   1.6666667e-01
   2.7962716e-02   1.5320513e-01   2.0128205e-01   0.0000000e+00
   4.3941411e-03   1.7307692e-01   2.1923077e-01   0.0000000e+00
   0.0000000e+00   1.9294872e-01   2.3717949e-01   0.0000000e+00
   1.0652463e-03   2.1282051e-01   2.5512821e-01   0.0000000e+00
   1.7310253e-03   2.3269231e-01   2.7307692e-01   0.0000000e+00
   2.2636485e-03   2.5256410e-01   2.9102564e-01   0.0000000e+00
   2.7962716e-03   2.7243590e-01   3.0897436e-01   0.0000000e+00
   3.4620506e-03   2.9230769e-01   3.2692308e-01   0.0000000e+00
   3.9946738e-03   3.1217949e-01   3.4487179e-01   0.0000000e+00
   4.5272969e-03   3.3205128e-01   3.6282051e-01   0.0000000e+00
   5.1930759e-03   3.5192308e-01   3.8076923e-01   0.0000000e+00
   5.7256991e-03   3.7179487e-01   3.9871795e-01   0.0000000e+00
   6.2583222e-03   3.9166667e-01   4.1666667e-01   0.0000000e+00
   6.9241012e-03   4.1153846e-01   4.3461538e-01   0.0000000e+00
   7.4567244e-03   4.3141026e-01   4.5256410e-01   0.0000000e+00
   7.9893475e-03   4.5128205e-01   4.7051282e-01   0.0000000e+00
   8.5219707e-03   4.7115385e-01   4.8846154e-01   0.0000000e+00
   9.1877497e-03   4.9102564e-01   5.0641026e-01   0.0000000e+00
   9.7203728e-03   5.1089744e-01   5.2435897e-01   0.0000000e+00
   1.0252996e-02   5.3076923e-01   5.4230769e-01   0.0000000e+00
   1.0785619e-02   5.5064103e-01   5.6025641e-01   0.0000000e+00
   1.1451398e-02   5.7051282e-01   5.7820513e-01   0.0000000e+00
   1.1984021e-02   5.9038462e-01   5.9615385e-01   0.0000000e+00
   1.2383489e-02   6.1025641e-01   6.1410256e-01   0.0000000e+00
   1.3182423e-02   6.3012821e-01   6.3205128e-01   0.0000000e+00
   3.1158455e-02   6.5000000e-01   6.5000000e-01   1.6666667e-01
   8.9081225e-02   6.1666667e-01   6.6666667e-01   1.6666667e-01
   2.0399467e-01   5.0000000e-01   6.8333333e-01   1.6666667e-01
   3.1011984e-01   4.8333333e-01   6.8333333e-01   1.6666667e-01
   3.3861518e-01   5.0000000e-01   7.0000000e-01   1.6666667e-01
   3.1664447e-01   5.1666667e-01   7.0000000e-01   1.6666667e-01
   2.8774967e-01   5.3333333e-01   7.0000000e-01   1.6666667e-01
   2.5352863e-01   5.5000000e-01   7.0000000e-01   1.6666667e-01
   2.1557923e-01   5.6666667e-01   7.0000000e-01   1.6666667e-01
   1.7949401e-01   5.8333333e-01   7.0000000e-01   1.6666667e-01
   1.3794940e-01   6.0000000e-01   7.0000000e-01   1.6666667e-01
   9.6537949e-02   6.1666667e-01   6.8333333e-01   1.6666667e-01
   6.2982690e-02   6.5000000e-01   6.6666667e-01   1.6666667e-01
   3.7683089e-02   6.6666667e-01   6.6666667e-01   1.6666667e-01
