   2.7600000e+02
   6.0117302e-02   4.8275862e-01   5.2873563e-01   0.0000000e+00
   1.4827713e-01   4.8275862e-01   5.2873563e-01   1.6666667e-01
   2.6612903e-01   4.5977011e-01   5.5172414e-01   1.6666667e-01
   4.0542522e-01   4.4827586e-01   5.7471264e-01   1.6666667e-01
   5.2657625e-01   4.3678161e-01   5.8620690e-01   1.6666667e-01
   6.3343109e-01   4.1379310e-01   5.9770115e-01   1.6666667e-01
   6.8786657e-01   4.0229885e-01   5.9770115e-01   1.6666667e-01
   7.1627566e-01   3.9080460e-01   6.0919540e-01   1.6666667e-01
   6.7925220e-01   3.9080460e-01   6.0919540e-01   1.6666667e-01
   6.0428886e-01   3.9080460e-01   6.2068966e-01   1.6666667e-01
   5.2694282e-01   4.0229885e-01   6.2068966e-01   1.6666667e-01
   4.5252933e-01   4.1379310e-01   6.2068966e-01   1.6666667e-01
   3.7133431e-01   4.5977011e-01   6.3218391e-01   1.6666667e-01
   2.8354106e-01   5.7471264e-01   6.3218391e-01   1.6666667e-01
   1.7668622e-01   5.8620690e-01   6.3218391e-01   1.6666667e-01
   1.6623900e-01   5.8620690e-01   6.3218391e-01   1.6666667e-01
   1.5835777e-01   5.8620690e-01   6.3218391e-01   1.6666667e-01
   1.5285924e-01   5.8620690e-01   6.3218391e-01   1.6666667e-01
   1.4644428e-01   5.8620690e-01   6.3218391e-01   1.6666667e-01
   1.3801320e-01   5.7471264e-01   6.3218391e-01   1.6666667e-01
   1.3691349e-01   5.7471264e-01   6.2068966e-01   1.6666667e-01
   1.3306452e-01   5.6321839e-01   6.0919540e-01   1.6666667e-01
   1.3544721e-01   5.5172414e-01   6.0919540e-01   1.6666667e-01
   1.5120968e-01   5.4022989e-01   5.9770115e-01   1.6666667e-01
   1.7925220e-01   5.2873563e-01   5.9770115e-01   1.6666667e-01
   2.1774194e-01   5.0574713e-01   5.8620690e-01   1.6666667e-01
   2.7126100e-01   4.8275862e-01   5.7471264e-01   1.6666667e-01
   3.1671554e-01   4.7126437e-01   5.7471264e-01   1.6666667e-01
   3.5593842e-01   4.7126437e-01   5.7471264e-01   1.6666667e-01
   3.7078446e-01   4.7126437e-01   5.7471264e-01   1.6666667e-01
   3.9406158e-01   4.5977011e-01   5.8620690e-01   1.6666667e-01
   4.1330645e-01   4.7126437e-01   5.8620690e-01   1.6666667e-01
   4.1184018e-01   4.7126437e-01   5.9770115e-01   1.6666667e-01
   3.8269795e-01   4.8275862e-01   6.0919540e-01   1.6666667e-01
   3.3266129e-01   4.9425287e-01   6.2068966e-01   1.6666667e-01
   2.9087243e-01   5.0574713e-01   6.2068966e-01   1.6666667e-01
   2.4486804e-01   5.1724138e-01   6.3218391e-01   1.6666667e-01
   2.0307918e-01   5.6321839e-01   6.3218391e-01   1.6666667e-01
   1.7393695e-01   5.8620690e-01   6.3218391e-01   1.6666667e-01
   1.5047654e-01   5.9770115e-01   6.4367816e-01   1.6666667e-01
   1.4882698e-01   6.0919540e-01   6.4367816e-01   1.6666667e-01
   1.7082111e-01   5.9770115e-01   6.4367816e-01   1.6666667e-01
   2.4266862e-01   4.8275862e-01   6.5517241e-01   3.3333333e-01
   3.7316716e-01   4.8275862e-01   6.5517241e-01   3.3333333e-01
   4.7873900e-01   4.7126437e-01   6.5517241e-01   1.6666667e-01
   5.0623167e-01   4.7126437e-01   6.5517241e-01   1.6666667e-01
   4.5986070e-01   4.8275862e-01   6.5517241e-01   1.6666667e-01
   3.8599707e-01   4.8275862e-01   6.5517241e-01   1.6666667e-01
   3.1964809e-01   4.8275862e-01   6.4367816e-01   1.6666667e-01
   2.5714809e-01   4.9425287e-01   6.3218391e-01   1.6666667e-01
   1.7906891e-01   5.0574713e-01   6.2068966e-01   1.6666667e-01
   1.1125367e-01   5.0845166e-01   6.1663286e-01   0.0000000e+00
   2.1627566e-02   5.1115619e-01   6.1257606e-01   0.0000000e+00
   2.3826979e-03   5.1386072e-01   6.0851927e-01   0.0000000e+00
   2.9325513e-03   5.1656525e-01   6.0446247e-01   0.0000000e+00
   2.9325513e-03   5.1926978e-01   6.0040568e-01   0.0000000e+00
   2.9325513e-03   5.2197431e-01   5.9634888e-01   0.0000000e+00
   2.9325513e-03   5.2467884e-01   5.9229209e-01   0.0000000e+00
   2.9325513e-03   5.2738337e-01   5.8823529e-01   0.0000000e+00
   2.9325513e-03   5.3008790e-01   5.8417850e-01   0.0000000e+00
   2.9325513e-03   5.3279243e-01   5.8012170e-01   0.0000000e+00
   2.9325513e-03   5.3549696e-01   5.7606491e-01   0.0000000e+00
   2.9325513e-03   5.3820149e-01   5.7200811e-01   0.0000000e+00
   2.9325513e-03   5.4090602e-01   5.6795132e-01   0.0000000e+00
   2.9325513e-03   5.4361055e-01   5.6389452e-01   0.0000000e+00
   2.9325513e-03   5.4631508e-01   5.5983773e-01   0.0000000e+00
   3.6656891e-03   5.4901961e-01   5.5578093e-01   0.0000000e+00
   4.6370968e-02   5.5172414e-01   5.5172414e-01   1.6666667e-01
   1.4369501e-01   5.4022989e-01   5.8620690e-01   1.6666667e-01
   2.3826979e-01   5.2873563e-01   5.9770115e-01   1.6666667e-01
   3.0938416e-01   5.2873563e-01   6.0919540e-01   1.6666667e-01
   3.4274194e-01   5.1724138e-01   6.2068966e-01   1.6666667e-01
   3.6601906e-01   5.1724138e-01   6.3218391e-01   1.6666667e-01
   3.6931818e-01   5.1724138e-01   6.3218391e-01   1.6666667e-01
   3.5630499e-01   5.1724138e-01   6.4367816e-01   1.6666667e-01
   3.4035924e-01   5.0574713e-01   6.4367816e-01   1.6666667e-01
   3.4127566e-01   5.0574713e-01   6.5517241e-01   1.6666667e-01
   3.2203079e-01   5.0574713e-01   6.5517241e-01   1.6666667e-01
   3.0113636e-01   4.9425287e-01   6.5517241e-01   3.3333333e-01
   2.7089443e-01   4.9425287e-01   6.5517241e-01   3.3333333e-01
   2.5714809e-01   4.9425287e-01   6.6666667e-01   3.3333333e-01
   2.4761730e-01   5.0574713e-01   6.6666667e-01   3.3333333e-01
   2.5201613e-01   5.0574713e-01   6.6666667e-01   3.3333333e-01
   2.5879765e-01   5.0574713e-01   6.5517241e-01   3.3333333e-01
   2.6649560e-01   5.0574713e-01   6.4367816e-01   1.6666667e-01
   2.7401026e-01   5.1724138e-01   6.2068966e-01   1.6666667e-01
   2.6154692e-01   5.1724138e-01   6.2068966e-01   1.6666667e-01
   2.5806452e-01   5.2873563e-01   6.2068966e-01   1.6666667e-01
   2.4725073e-01   5.2873563e-01   6.0919540e-01   1.6666667e-01
   2.4175220e-01   5.2873563e-01   5.9770115e-01   1.6666667e-01
   2.4303519e-01   5.4022989e-01   6.0919540e-01   1.6666667e-01
   2.5513196e-01   5.4022989e-01   6.2068966e-01   1.6666667e-01
   2.4046921e-01   5.4022989e-01   6.2068966e-01   1.6666667e-01
   2.3277126e-01   5.5172414e-01   6.3218391e-01   1.6666667e-01
   2.1352639e-01   5.5172414e-01   6.3218391e-01   1.6666667e-01
   1.9263196e-01   5.7471264e-01   6.4367816e-01   1.6666667e-01
   1.6312317e-01   5.9770115e-01   6.4367816e-01   1.6666667e-01
   1.3874633e-01   6.0919540e-01   6.5517241e-01   1.6666667e-01
   1.3123167e-01   6.2068966e-01   6.5517241e-01   1.6666667e-01
   1.2261730e-01   6.2068966e-01   6.6666667e-01   1.6666667e-01
   1.1858504e-01   6.3218391e-01   6.6666667e-01   1.6666667e-01
   1.2151760e-01   6.4367816e-01   6.7816092e-01   1.6666667e-01
   1.2738270e-01   6.4367816e-01   6.7816092e-01   1.6666667e-01
   1.3728006e-01   6.4367816e-01   6.7816092e-01   1.6666667e-01
   1.4167889e-01   6.4367816e-01   6.8965517e-01   1.6666667e-01
   1.4681085e-01   6.4367816e-01   6.8965517e-01   1.6666667e-01
   1.5267595e-01   6.3218391e-01   6.8965517e-01   1.6666667e-01
   1.6422287e-01   6.3218391e-01   6.8965517e-01   1.6666667e-01
   1.7155425e-01   6.3218391e-01   6.8965517e-01   1.6666667e-01
   1.6880499e-01   6.3218391e-01   6.8965517e-01   1.6666667e-01
   1.5835777e-01   6.2068966e-01   6.8965517e-01   1.6666667e-01
   1.5194282e-01   6.2068966e-01   6.7816092e-01   1.6666667e-01
   1.4516129e-01   6.2068966e-01   6.7816092e-01   1.6666667e-01
   1.3031525e-01   6.2068966e-01   6.7816092e-01   1.6666667e-01
   1.1326979e-01   6.2068966e-01   6.6666667e-01   1.6666667e-01
   1.1033724e-01   6.0919540e-01   6.6666667e-01   1.6666667e-01
   9.7690616e-02   6.0919540e-01   6.5517241e-01   1.6666667e-01
   9.3841642e-02   5.9770115e-01   6.3218391e-01   1.6666667e-01
   1.7796921e-01   5.6321839e-01   9.1954023e-01   3.3333333e-01
   3.2331378e-01   5.5172414e-01   9.4252874e-01   3.3333333e-01
   4.5582845e-01   5.4022989e-01   9.4252874e-01   3.3333333e-01
   5.3464076e-01   5.2873563e-01   9.5402299e-01   3.3333333e-01
   6.2096774e-01   5.2873563e-01   9.6551724e-01   3.3333333e-01
   6.9336510e-01   5.1724138e-01   9.7701149e-01   3.3333333e-01
   7.1994135e-01   5.1724138e-01   9.7701149e-01   3.3333333e-01
   7.3570381e-01   5.0574713e-01   9.8850575e-01   3.3333333e-01
   7.3332111e-01   5.0574713e-01   9.8850575e-01   5.0000000e-01
   7.2269062e-01   5.0574713e-01   9.8850575e-01   5.0000000e-01
   6.9813050e-01   5.0574713e-01   9.8850575e-01   5.0000000e-01
   6.6972141e-01   5.0574713e-01   9.8850575e-01   6.6666667e-01
   6.3123167e-01   5.0574713e-01   1.0000000e+00   6.6666667e-01
   6.1491935e-01   5.0574713e-01   1.0000000e+00   6.6666667e-01
   6.0282258e-01   5.0574713e-01   9.8850575e-01   6.6666667e-01
   6.2041789e-01   5.1724138e-01   9.8850575e-01   5.0000000e-01
   6.4057918e-01   5.1724138e-01   9.7701149e-01   5.0000000e-01
   6.5890762e-01   5.2873563e-01   9.6551724e-01   5.0000000e-01
   6.7430352e-01   5.4022989e-01   9.5402299e-01   5.0000000e-01
   7.8720674e-01   5.4022989e-01   9.4252874e-01   5.0000000e-01
   9.2576979e-01   5.5172414e-01   9.3103448e-01   1.6666667e-01
   9.6719208e-01   5.5172414e-01   9.1954023e-01   1.6666667e-01
   8.7463343e-01   5.6321839e-01   9.0804598e-01   1.6666667e-01
   7.1407625e-01   5.7471264e-01   8.7356322e-01   1.6666667e-01
   5.8211144e-01   5.7471264e-01   8.6206897e-01   1.6666667e-01
   4.7379032e-01   5.8620690e-01   8.6206897e-01   1.6666667e-01
   3.6033724e-01   6.5517241e-01   8.5057471e-01   1.6666667e-01
   2.2855572e-01   6.8965517e-01   7.2413793e-01   1.6666667e-01
   1.1968475e-01   6.7969349e-01   7.1494253e-01   0.0000000e+00
   0.0000000e+00   6.6973180e-01   7.0574713e-01   0.0000000e+00
   2.9325513e-03   6.5977011e-01   6.9655172e-01   0.0000000e+00
   2.9325513e-03   6.4980843e-01   6.8735632e-01   0.0000000e+00
   2.9325513e-03   6.3984674e-01   6.7816092e-01   0.0000000e+00
   2.9325513e-03   6.2988506e-01   6.6896552e-01   0.0000000e+00
   2.9325513e-03   6.1992337e-01   6.5977011e-01   0.0000000e+00
   2.9325513e-03   6.0996169e-01   6.5057471e-01   0.0000000e+00
   2.9325513e-03   6.0000000e-01   6.4137931e-01   0.0000000e+00
   2.9325513e-03   5.9003831e-01   6.3218391e-01   0.0000000e+00
   2.9325513e-03   5.8007663e-01   6.2298851e-01   0.0000000e+00
   2.9325513e-03   5.7011494e-01   6.1379310e-01   0.0000000e+00
   3.6656891e-03   5.6015326e-01   6.0459770e-01   0.0000000e+00
   3.5557185e-02   5.5019157e-01   5.9540230e-01   0.0000000e+00
   1.2243402e-01   5.4022989e-01   5.8620690e-01   1.6666667e-01
   2.3295455e-01   5.2873563e-01   6.0919540e-01   1.6666667e-01
   3.7518328e-01   5.1724138e-01   9.1954023e-01   3.3333333e-01
   4.9578446e-01   5.1724138e-01   9.3103448e-01   3.3333333e-01
   5.8779326e-01   5.1724138e-01   9.4252874e-01   3.3333333e-01
   6.2664956e-01   5.1724138e-01   9.4252874e-01   3.3333333e-01
   6.3966276e-01   5.1724138e-01   9.5402299e-01   3.3333333e-01
   6.5579179e-01   5.1724138e-01   9.5402299e-01   3.3333333e-01
   6.6055718e-01   5.1724138e-01   9.6551724e-01   3.3333333e-01
   6.5322581e-01   5.1724138e-01   9.6551724e-01   6.6666667e-01
   6.4937683e-01   5.1724138e-01   9.6551724e-01   6.6666667e-01
   6.2811584e-01   5.1724138e-01   9.7701149e-01   6.6666667e-01
   6.2353372e-01   5.1724138e-01   9.7701149e-01   6.6666667e-01
   6.3673021e-01   5.1724138e-01   9.7701149e-01   6.6666667e-01
   6.7851906e-01   5.2873563e-01   9.7701149e-01   6.6666667e-01
   7.2892229e-01   5.2873563e-01   9.7701149e-01   3.3333333e-01
   7.7932551e-01   5.2873563e-01   9.6551724e-01   3.3333333e-01
   8.3486070e-01   5.4022989e-01   9.6551724e-01   5.0000000e-01
   9.1440616e-01   5.5172414e-01   9.5402299e-01   3.3333333e-01
   9.8717009e-01   5.5172414e-01   9.4252874e-01   1.6666667e-01
   1.0000000e+00   5.6321839e-01   9.3103448e-01   1.6666667e-01
   8.9937683e-01   5.7471264e-01   9.1954023e-01   1.6666667e-01
   7.4175220e-01   5.8620690e-01   9.0804598e-01   1.6666667e-01
   5.9989003e-01   5.9770115e-01   8.9655172e-01   1.6666667e-01
   4.8808651e-01   6.0919540e-01   8.8505747e-01   1.6666667e-01
   3.6601906e-01   6.3218391e-01   8.2758621e-01   1.6666667e-01
   2.3038856e-01   6.6666667e-01   7.8160920e-01   5.0000000e-01
   1.0758798e-01   6.5862069e-01   7.6781609e-01   0.0000000e+00
   3.6656891e-04   6.5057471e-01   7.5402299e-01   0.0000000e+00
   2.9325513e-03   6.4252874e-01   7.4022989e-01   0.0000000e+00
   2.9325513e-03   6.3448276e-01   7.2643678e-01   0.0000000e+00
   2.9325513e-03   6.2643678e-01   7.1264368e-01   0.0000000e+00
   2.9325513e-03   6.1839080e-01   6.9885057e-01   0.0000000e+00
   2.9325513e-03   6.1034483e-01   6.8505747e-01   0.0000000e+00
   3.4824047e-03   6.0229885e-01   6.7126437e-01   0.0000000e+00
   2.7675953e-02   5.9425287e-01   6.5747126e-01   0.0000000e+00
   1.1326979e-01   5.8620690e-01   6.4367816e-01   1.6666667e-01
   2.4175220e-01   5.7471264e-01   6.6666667e-01   1.6666667e-01
   3.4824047e-01   5.6321839e-01   6.7816092e-01   1.6666667e-01
   4.1587243e-01   5.6321839e-01   6.8965517e-01   1.6666667e-01
   4.4006598e-01   5.5172414e-01   7.0114943e-01   1.6666667e-01
   4.2503666e-01   5.5172414e-01   7.0114943e-01   1.6666667e-01
   4.0322581e-01   5.5172414e-01   7.1264368e-01   1.6666667e-01
   3.9552786e-01   5.5172414e-01   7.1264368e-01   1.6666667e-01
   3.6748534e-01   5.5172414e-01   7.2413793e-01   1.6666667e-01
   3.3944282e-01   5.5172414e-01   7.2413793e-01   3.3333333e-01
   3.4255865e-01   5.5172414e-01   7.2413793e-01   3.3333333e-01
   3.6986804e-01   5.5172414e-01   7.3563218e-01   3.3333333e-01
   4.0945748e-01   5.5172414e-01   7.3563218e-01   1.6666667e-01
   4.2943548e-01   5.5172414e-01   7.3563218e-01   1.6666667e-01
   4.0964076e-01   5.6321839e-01   7.3563218e-01   1.6666667e-01
   3.5978739e-01   5.6321839e-01   7.3563218e-01   1.6666667e-01
   3.2368035e-01   5.7471264e-01   7.3563218e-01   1.6666667e-01
   2.7419355e-01   5.7471264e-01   7.2413793e-01   1.6666667e-01
   2.1847507e-01   5.8620690e-01   7.2413793e-01   3.3333333e-01
   1.7778592e-01   5.8620690e-01   6.0919540e-01   1.6666667e-01
   1.2023460e-01   5.8620690e-01   6.0919540e-01   1.6666667e-01
   8.7793255e-02   5.8620690e-01   6.0919540e-01   1.6666667e-01
   9.0909091e-02   5.8620690e-01   6.0919540e-01   1.6666667e-01
   9.1642229e-02   5.8620690e-01   6.0919540e-01   1.6666667e-01
   9.2192082e-02   5.8620690e-01   6.0919540e-01   1.6666667e-01
   9.4758065e-02   5.8620690e-01   6.0919540e-01   1.6666667e-01
   9.8973607e-02   5.8620690e-01   6.0919540e-01   1.6666667e-01
   1.0208944e-01   5.7471264e-01   6.0919540e-01   1.6666667e-01
   1.1125367e-01   5.7471264e-01   6.0919540e-01   1.6666667e-01
   1.1510264e-01   5.7471264e-01   6.0919540e-01   1.6666667e-01
   1.2133431e-01   5.7471264e-01   6.0919540e-01   1.6666667e-01
   1.3453079e-01   5.6321839e-01   6.0919540e-01   1.6666667e-01
   1.6257331e-01   5.6321839e-01   6.0919540e-01   1.6666667e-01
   2.2342375e-01   5.6321839e-01   6.4367816e-01   1.6666667e-01
   3.2478006e-01   5.6321839e-01   6.6666667e-01   1.6666667e-01
   4.2173754e-01   5.6321839e-01   7.0114943e-01   1.6666667e-01
   4.8332111e-01   5.6321839e-01   7.1264368e-01   1.6666667e-01
   5.0641496e-01   5.6321839e-01   7.2413793e-01   1.6666667e-01
   5.1081378e-01   5.7471264e-01   7.2413793e-01   1.6666667e-01
   4.9596774e-01   5.8620690e-01   7.3563218e-01   1.6666667e-01
   4.8222141e-01   5.8620690e-01   7.3563218e-01   1.6666667e-01
   4.6994135e-01   5.9770115e-01   7.3563218e-01   1.6666667e-01
   4.4941349e-01   5.9770115e-01   7.4712644e-01   1.6666667e-01
   4.0835777e-01   5.9770115e-01   7.4712644e-01   1.6666667e-01
   3.6308651e-01   5.9770115e-01   7.4712644e-01   1.6666667e-01
   3.1763196e-01   5.8620690e-01   7.4712644e-01   1.6666667e-01
   2.7199413e-01   5.8620690e-01   7.2413793e-01   1.6666667e-01
   2.2195748e-01   5.8620690e-01   7.0114943e-01   1.6666667e-01
   1.7631965e-01   5.8620690e-01   6.5517241e-01   1.6666667e-01
   1.4607771e-01   5.7471264e-01   6.2068966e-01   1.6666667e-01
   9.9523460e-02   5.7471264e-01   6.0919540e-01   1.6666667e-01
   1.0300587e-01   5.7471264e-01   6.0919540e-01   1.6666667e-01
   1.0703812e-01   5.7471264e-01   6.0919540e-01   1.6666667e-01
   1.0795455e-01   5.7471264e-01   5.9770115e-01   1.6666667e-01
   1.1711877e-01   5.7471264e-01   6.0919540e-01   1.6666667e-01
   1.3563050e-01   5.7471264e-01   6.0919540e-01   1.6666667e-01
   1.5010997e-01   5.7471264e-01   6.3218391e-01   1.6666667e-01
   1.7137097e-01   5.7471264e-01   6.4367816e-01   1.6666667e-01
   1.8493402e-01   5.8620690e-01   6.5517241e-01   1.6666667e-01
   1.8456745e-01   5.8620690e-01   6.5517241e-01   1.6666667e-01
   1.8401760e-01   5.9770115e-01   6.6666667e-01   1.6666667e-01
   1.7961877e-01   6.0919540e-01   6.7816092e-01   1.6666667e-01
   1.7137097e-01   6.2068966e-01   6.7816092e-01   1.6666667e-01
   1.6055718e-01   6.3218391e-01   6.8965517e-01   1.6666667e-01
   1.5102639e-01   6.4367816e-01   6.8965517e-01   1.6666667e-01
   1.5670821e-01   6.5517241e-01   7.0114943e-01   1.6666667e-01
   1.6422287e-01   6.5517241e-01   7.0114943e-01   1.6666667e-01
   1.7595308e-01   6.5517241e-01   7.0114943e-01   1.6666667e-01
   1.8145161e-01   6.5517241e-01   7.0114943e-01   1.6666667e-01
   1.8438416e-01   6.5517241e-01   7.1264368e-01   1.6666667e-01
   1.9171554e-01   6.4367816e-01   7.1264368e-01   1.6666667e-01
   1.9006598e-01   6.4367816e-01   7.1264368e-01   1.6666667e-01
   1.8236804e-01   6.3218391e-01   7.1264368e-01   1.6666667e-01
   1.7870235e-01   6.3218391e-01   7.0114943e-01   1.6666667e-01
   1.6642229e-01   6.3218391e-01   7.0114943e-01   1.6666667e-01
   1.5084311e-01   6.3218391e-01   6.8965517e-01   1.6666667e-01
   1.2848240e-01   6.3218391e-01   6.8965517e-01   1.6666667e-01
   1.1693548e-01   6.4367816e-01   6.7816092e-01   1.6666667e-01
   8.4494135e-02   6.5517241e-01   6.5517241e-01   1.6666667e-01
   4.9120235e-02   6.5517241e-01   6.5517241e-01   0.0000000e+00
