   6.3400000e+02
   5.0634441e-02   1.4035088e-01   1.4912281e-01   0.0000000e+00
   4.3746224e-02   1.4035088e-01   1.4912281e-01   0.0000000e+00
   3.8549849e-02   1.4035088e-01   1.4912281e-01   0.0000000e+00
   4.2779456e-02   1.4035088e-01   1.4912281e-01   0.0000000e+00
   3.7703927e-02   1.4035088e-01   1.4912281e-01   0.0000000e+00
   3.2507553e-02   1.4035088e-01   1.4912281e-01   0.0000000e+00
   3.2024169e-02   1.4035088e-01   1.4912281e-01   0.0000000e+00
   3.1540785e-02   1.4035088e-01   1.4912281e-01   0.0000000e+00
   3.1057402e-02   1.4035088e-01   1.4912281e-01   0.0000000e+00
   3.0574018e-02   1.4035088e-01   1.4912281e-01   0.0000000e+00
   3.0090634e-02   1.4035088e-01   1.4912281e-01   0.0000000e+00
   2.9607251e-02   1.4035088e-01   1.4912281e-01   0.0000000e+00
   3.3957704e-02   1.4035088e-01   1.4912281e-01   0.0000000e+00
   3.5770393e-02   1.4035088e-01   1.4912281e-01   0.0000000e+00
   4.5679758e-02   1.4035088e-01   1.4912281e-01   1.6666667e-01
   5.2567976e-02   1.4035088e-01   1.4912281e-01   1.6666667e-01
   6.4048338e-02   1.4035088e-01   1.5789474e-01   1.6666667e-01
   6.6706949e-02   1.4035088e-01   1.5789474e-01   1.6666667e-01
   7.2145015e-02   1.4912281e-01   1.6666667e-01   1.6666667e-01
   6.9607251e-02   1.4912281e-01   1.6666667e-01   1.6666667e-01
   7.4924471e-02   1.4912281e-01   1.7543860e-01   1.6666667e-01
   9.8368580e-02   1.5789474e-01   5.2631579e-01   3.3333333e-01
   1.4114804e-01   1.5789474e-01   5.4385965e-01   3.3333333e-01
   1.7280967e-01   1.6666667e-01   5.5263158e-01   3.3333333e-01
   1.9166163e-01   1.7543860e-01   5.5263158e-01   3.3333333e-01
   1.9528701e-01   1.7543860e-01   5.6140351e-01   3.3333333e-01
   1.9697885e-01   1.8421053e-01   5.6140351e-01   3.3333333e-01
   2.0036254e-01   1.8421053e-01   5.7017544e-01   3.3333333e-01
   2.0000000e-01   1.9298246e-01   5.7017544e-01   5.0000000e-01
   1.8731118e-01   2.0175439e-01   5.7017544e-01   5.0000000e-01
   1.7667674e-01   2.0175439e-01   5.7017544e-01   5.0000000e-01
   1.7679758e-01   2.1052632e-01   5.7017544e-01   5.0000000e-01
   1.7788520e-01   2.1052632e-01   5.7017544e-01   5.0000000e-01
   1.9891239e-01   2.1929825e-01   5.7894737e-01   5.0000000e-01
   2.2827795e-01   2.2807018e-01   5.7894737e-01   5.0000000e-01
   3.1456193e-01   2.2807018e-01   5.7894737e-01   5.0000000e-01
   4.8906344e-01   2.3684211e-01   5.7894737e-01   3.3333333e-01
   6.5667674e-01   2.3684211e-01   5.7894737e-01   3.3333333e-01
   8.0858006e-01   2.4561404e-01   5.7017544e-01   5.0000000e-01
   8.9462236e-01   2.4561404e-01   5.7017544e-01   1.6666667e-01
   9.1250755e-01   2.4561404e-01   5.7017544e-01   1.6666667e-01
   8.6006042e-01   2.4561404e-01   5.6140351e-01   1.6666667e-01
   7.8936556e-01   2.3684211e-01   5.5263158e-01   1.6666667e-01
   7.0199396e-01   2.1052632e-01   5.5263158e-01   1.6666667e-01
   5.7607251e-01   2.0175439e-01   5.3508772e-01   1.6666667e-01
   4.4845921e-01   1.9298246e-01   5.0000000e-01   5.0000000e-01
   3.2265861e-01   1.6666667e-01   4.5614035e-01   5.0000000e-01
   2.2984894e-01   1.6666667e-01   4.5614035e-01   5.0000000e-01
   2.1280967e-01   1.5789474e-01   4.4736842e-01   5.0000000e-01
   2.1691843e-01   1.5789474e-01   4.4736842e-01   5.0000000e-01
   2.3589124e-01   1.5789474e-01   4.4736842e-01   5.0000000e-01
   2.7419940e-01   1.5789474e-01   4.6491228e-01   5.0000000e-01
   3.1021148e-01   1.5789474e-01   4.7368421e-01   5.0000000e-01
   3.1673716e-01   1.6666667e-01   4.8245614e-01   5.0000000e-01
   3.0803625e-01   1.6666667e-01   4.9122807e-01   5.0000000e-01
   2.9293051e-01   1.7543860e-01   5.0000000e-01   5.0000000e-01
   2.6308157e-01   1.8421053e-01   5.0000000e-01   5.0000000e-01
   2.3323263e-01   1.8421053e-01   5.0000000e-01   6.6666667e-01
   1.7583082e-01   1.9298246e-01   2.5438596e-01   1.6666667e-01
   1.1504532e-01   2.0175439e-01   2.5438596e-01   1.6666667e-01
   9.5347432e-02   2.1052632e-01   2.5438596e-01   1.6666667e-01
   7.1057402e-02   2.1929825e-01   2.5438596e-01   1.6666667e-01
   3.9758308e-02   2.3684211e-01   2.3684211e-01   1.6666667e-01
   1.3776435e-02   2.6535088e-01   2.6754386e-01   0.0000000e+00
   3.9879154e-03   2.9385965e-01   2.9824561e-01   0.0000000e+00
   3.5045317e-03   3.2236842e-01   3.2894737e-01   0.0000000e+00
   3.0211480e-03   3.5087719e-01   3.5964912e-01   0.0000000e+00
   2.5377644e-03   3.7938596e-01   3.9035088e-01   0.0000000e+00
   2.0543807e-03   4.0789474e-01   4.2105263e-01   0.0000000e+00
   1.5709970e-03   4.3640351e-01   4.5175439e-01   0.0000000e+00
   1.0876133e-03   4.6491228e-01   4.8245614e-01   0.0000000e+00
   6.0422961e-04   4.9342105e-01   5.1315789e-01   0.0000000e+00
   3.6253776e-04   5.2192982e-01   5.4385965e-01   0.0000000e+00
   1.9577039e-02   5.5043860e-01   5.7456140e-01   0.0000000e+00
   4.8217523e-02   5.7894737e-01   6.0526316e-01   1.6666667e-01
   7.4199396e-02   5.7017544e-01   6.0526316e-01   1.6666667e-01
   1.0066465e-01   5.6140351e-01   6.0526316e-01   1.6666667e-01
   1.0283988e-01   5.2631579e-01   5.8771930e-01   1.6666667e-01
   1.0199396e-01   5.1754386e-01   5.5263158e-01   1.6666667e-01
   8.7129909e-02   4.9122807e-01   5.4385965e-01   1.6666667e-01
   8.4471299e-02   4.8245614e-01   5.0877193e-01   1.6666667e-01
   7.5287009e-02   4.5614035e-01   5.0877193e-01   1.6666667e-01
   7.8670695e-02   4.5614035e-01   4.8245614e-01   1.6666667e-01
   7.7583082e-02   4.4736842e-01   4.8245614e-01   1.6666667e-01
   7.4924471e-02   4.4736842e-01   4.8245614e-01   1.6666667e-01
   7.3716012e-02   4.5614035e-01   4.9122807e-01   1.6666667e-01
   6.5377644e-02   4.5614035e-01   4.9122807e-01   1.6666667e-01
   6.5740181e-02   4.7368421e-01   5.0000000e-01   1.6666667e-01
   6.2719033e-02   4.8245614e-01   5.0877193e-01   1.6666667e-01
   1.1444109e-01   4.8245614e-01   5.7017544e-01   3.3333333e-01
   1.7232628e-01   4.9122807e-01   5.7894737e-01   1.6666667e-01
   1.9975831e-01   4.9122807e-01   5.8771930e-01   1.6666667e-01
   2.0229607e-01   5.0000000e-01   5.8771930e-01   1.6666667e-01
   1.8803625e-01   5.0877193e-01   5.9649123e-01   1.6666667e-01
   1.6592145e-01   5.1754386e-01   5.9649123e-01   1.6666667e-01
   1.3172205e-01   5.3508772e-01   6.0526316e-01   1.6666667e-01
   1.0078550e-01   5.7894737e-01   6.0526316e-01   1.6666667e-01
   6.9486405e-02   5.8771930e-01   6.1403509e-01   1.6666667e-01
   6.0906344e-02   5.9649123e-01   6.1403509e-01   1.6666667e-01
   5.8972810e-02   5.9649123e-01   6.1403509e-01   1.6666667e-01
   6.2114804e-02   5.9649123e-01   6.2280702e-01   1.6666667e-01
   6.5377644e-02   6.0526316e-01   6.2280702e-01   1.6666667e-01
   7.0694864e-02   6.0526316e-01   6.2280702e-01   1.6666667e-01
   6.4652568e-02   6.0526316e-01   6.2280702e-01   1.6666667e-01
   5.9697885e-02   6.0526316e-01   6.3157895e-01   1.6666667e-01
   5.4622356e-02   6.0526316e-01   6.3157895e-01   1.6666667e-01
   5.0634441e-02   6.1403509e-01   6.3157895e-01   1.6666667e-01
   4.5679758e-02   6.1403509e-01   6.3157895e-01   1.6666667e-01
   4.0362538e-02   6.1403509e-01   6.3157895e-01   1.6666667e-01
   3.6132931e-02   6.1403509e-01   6.2280702e-01   1.6666667e-01
   3.3716012e-02   6.1403509e-01   6.2280702e-01   1.6666667e-01
   6.5981873e-02   6.0526316e-01   6.2280702e-01   1.6666667e-01
   1.1347432e-01   4.9122807e-01   6.1403509e-01   3.3333333e-01
   1.6314199e-01   4.8245614e-01   6.1403509e-01   3.3333333e-01
   2.0797583e-01   4.7368421e-01   6.1403509e-01   3.3333333e-01
   2.4471299e-01   4.7368421e-01   6.1403509e-01   3.3333333e-01
   2.5184290e-01   4.7368421e-01   5.9649123e-01   1.6666667e-01
   2.4700906e-01   4.7368421e-01   5.9649123e-01   3.3333333e-01
   2.2815710e-01   4.7368421e-01   5.9649123e-01   3.3333333e-01
   2.3117825e-01   4.7368421e-01   5.9649123e-01   3.3333333e-01
   2.5075529e-01   4.7368421e-01   6.0526316e-01   3.3333333e-01
   2.7407855e-01   4.7368421e-01   6.0526316e-01   1.6666667e-01
   2.7806647e-01   4.8245614e-01   6.0526316e-01   1.6666667e-01
   2.6126888e-01   4.9122807e-01   6.0526316e-01   1.6666667e-01
   2.2972810e-01   4.9122807e-01   6.1403509e-01   1.6666667e-01
   1.8912387e-01   5.0877193e-01   6.1403509e-01   1.6666667e-01
   1.4018127e-01   5.1754386e-01   6.1403509e-01   3.3333333e-01
   8.7854985e-02   5.8771930e-01   6.1403509e-01   1.6666667e-01
   5.1359517e-02   5.9649123e-01   6.1403509e-01   1.6666667e-01
   4.8942598e-02   5.9649123e-01   6.1403509e-01   1.6666667e-01
   3.7220544e-02   5.9649123e-01   6.1403509e-01   1.6666667e-01
   2.6586103e-02   5.9649123e-01   6.0526316e-01   1.6666667e-01
   2.8640483e-02   5.9649123e-01   6.0526316e-01   1.6666667e-01
   2.2719033e-02   5.9649123e-01   6.0526316e-01   1.6666667e-01
   2.1631420e-02   5.9649123e-01   5.9649123e-01   1.6666667e-01
   2.2114804e-02   5.9649123e-01   5.9649123e-01   1.6666667e-01
   2.2719033e-02   5.9649123e-01   5.9649123e-01   1.6666667e-01
   2.0785498e-02   5.9649123e-01   5.9649123e-01   1.6666667e-01
   1.8851964e-02   5.8931419e-01   5.9090909e-01   0.0000000e+00
   1.8489426e-02   5.8213716e-01   5.8532695e-01   0.0000000e+00
   1.8006042e-02   5.7496013e-01   5.7974482e-01   0.0000000e+00
   1.1842900e-02   5.6778309e-01   5.7416268e-01   0.0000000e+00
   9.6676737e-03   5.6060606e-01   5.6858054e-01   0.0000000e+00
   9.7885196e-03   5.5342903e-01   5.6299841e-01   0.0000000e+00
   1.0030211e-02   5.4625199e-01   5.5741627e-01   0.0000000e+00
   4.7129909e-03   5.3907496e-01   5.5183413e-01   0.0000000e+00
   1.2084592e-04   5.3189793e-01   5.4625199e-01   0.0000000e+00
   5.5589124e-03   5.2472089e-01   5.4066986e-01   0.0000000e+00
   3.8308157e-02   5.1754386e-01   5.3508772e-01   1.6666667e-01
   8.8821752e-02   5.0877193e-01   5.4385965e-01   1.6666667e-01
   1.3909366e-01   4.9122807e-01   5.5263158e-01   1.6666667e-01
   1.7003021e-01   4.8245614e-01   5.6140351e-01   1.6666667e-01
   1.9770393e-01   4.8245614e-01   5.6140351e-01   1.6666667e-01
   2.0894260e-01   4.7368421e-01   5.7017544e-01   1.6666667e-01
   2.1667674e-01   4.7368421e-01   5.7894737e-01   1.6666667e-01
   2.0604230e-01   4.7368421e-01   5.7894737e-01   3.3333333e-01
   1.9045317e-01   4.6491228e-01   5.7894737e-01   3.3333333e-01
   1.7003021e-01   4.6491228e-01   5.8771930e-01   3.3333333e-01
   1.6253776e-01   4.6491228e-01   5.8771930e-01   3.3333333e-01
   1.6942598e-01   4.7368421e-01   5.8771930e-01   3.3333333e-01
   1.7522659e-01   4.7368421e-01   5.8771930e-01   3.3333333e-01
   1.7800604e-01   4.8245614e-01   5.9649123e-01   3.3333333e-01
   1.7280967e-01   4.8245614e-01   5.9649123e-01   3.3333333e-01
   1.5552870e-01   4.9122807e-01   5.9649123e-01   3.3333333e-01
   1.3981873e-01   5.0000000e-01   5.9649123e-01   3.3333333e-01
   1.2640483e-01   5.0877193e-01   5.8771930e-01   3.3333333e-01
   1.2398792e-01   5.0877193e-01   5.8771930e-01   3.3333333e-01
   2.0435045e-01   4.9122807e-01   5.7894737e-01   1.6666667e-01
   4.3758308e-01   3.5964912e-01   5.7017544e-01   1.6666667e-01
   6.3202417e-01   3.2456140e-01   5.6140351e-01   1.6666667e-01
   7.5673716e-01   2.8070175e-01   5.5263158e-01   1.6666667e-01
   8.2767372e-01   2.7192982e-01   5.5263158e-01   1.6666667e-01
   8.6429003e-01   2.7192982e-01   5.6140351e-01   1.6666667e-01
   8.6827795e-01   2.7192982e-01   5.6140351e-01   1.6666667e-01
   8.3238671e-01   2.7192982e-01   5.6140351e-01   1.6666667e-01
   7.3232628e-01   2.7192982e-01   5.7017544e-01   1.6666667e-01
   6.0833837e-01   2.8070175e-01   5.7017544e-01   1.6666667e-01
   4.5764350e-01   2.8070175e-01   5.7894737e-01   3.3333333e-01
   3.1057402e-01   2.9824561e-01   5.7894737e-01   5.0000000e-01
   1.5419940e-01   5.4385965e-01   5.7894737e-01   1.6666667e-01
   8.5921450e-02   5.6140351e-01   5.8771930e-01   1.6666667e-01
   7.4682779e-02   5.6140351e-01   5.8771930e-01   1.6666667e-01
   6.9123867e-02   5.7017544e-01   5.8771930e-01   1.6666667e-01
   7.1782477e-02   5.7017544e-01   5.8771930e-01   1.6666667e-01
   6.3806647e-02   5.7017544e-01   5.8771930e-01   1.6666667e-01
   5.9214502e-02   5.7017544e-01   5.9649123e-01   1.6666667e-01
   5.4138973e-02   5.7017544e-01   5.9649123e-01   1.6666667e-01
   5.0271903e-02   5.7017544e-01   5.9649123e-01   1.6666667e-01
   4.6767372e-02   5.7017544e-01   5.9649123e-01   1.6666667e-01
   4.2054381e-02   5.7894737e-01   5.8771930e-01   1.6666667e-01
   3.6737160e-02   5.7894737e-01   5.8771930e-01   1.6666667e-01
   3.1540785e-02   5.7894737e-01   5.8771930e-01   1.6666667e-01
   2.4652568e-02   5.7017544e-01   5.7894737e-01   1.6666667e-01
   2.3202417e-02   5.7017544e-01   5.7894737e-01   1.6666667e-01
   2.5135952e-02   5.7017544e-01   5.7894737e-01   1.6666667e-01
   1.7885196e-02   5.3508772e-01   5.5555556e-01   0.0000000e+00
   2.0060423e-02   5.0000000e-01   5.3216374e-01   0.0000000e+00
   1.0888218e-01   4.6491228e-01   5.0877193e-01   1.6666667e-01
   2.3105740e-01   4.4736842e-01   5.5263158e-01   1.6666667e-01
   3.1274924e-01   4.4736842e-01   5.6140351e-01   1.6666667e-01
   3.2193353e-01   4.4736842e-01   5.6140351e-01   1.6666667e-01
   3.2495468e-01   4.3859649e-01   5.6140351e-01   1.6666667e-01
   3.3003021e-01   4.3859649e-01   5.7017544e-01   1.6666667e-01
   3.2108761e-01   4.3859649e-01   5.7017544e-01   1.6666667e-01
   3.0755287e-01   4.2982456e-01   5.7894737e-01   3.3333333e-01
   2.9510574e-01   4.2982456e-01   5.7894737e-01   3.3333333e-01
   2.9135952e-01   4.2982456e-01   5.7894737e-01   3.3333333e-01
   2.9667674e-01   4.3859649e-01   5.8771930e-01   1.6666667e-01
   2.8519637e-01   4.3859649e-01   5.8771930e-01   3.3333333e-01
   2.4084592e-01   4.3859649e-01   5.8771930e-01   3.3333333e-01
   2.0302115e-01   4.4736842e-01   5.8771930e-01   3.3333333e-01
   1.5564955e-01   4.5614035e-01   5.8771930e-01   3.3333333e-01
   1.1444109e-01   4.6491228e-01   5.8771930e-01   3.3333333e-01
   7.6253776e-02   4.7368421e-01   5.8771930e-01   3.3333333e-01
   5.3293051e-02   5.7894737e-01   5.8771930e-01   1.6666667e-01
   3.2386707e-02   5.7894737e-01   5.7894737e-01   1.6666667e-01
   2.9969789e-02   5.7017544e-01   5.7017544e-01   0.0000000e+00
   2.8277946e-02   5.6140351e-01   5.6140351e-01   1.6666667e-01
   3.9033233e-02   5.4385965e-01   5.6140351e-01   1.6666667e-01
   4.8459215e-02   5.3508772e-01   5.5263158e-01   1.6666667e-01
   5.2205438e-02   5.3508772e-01   5.5263158e-01   1.6666667e-01
   5.5589124e-02   5.1754386e-01   5.5263158e-01   1.6666667e-01
   5.6797583e-02   5.1754386e-01   5.4385965e-01   1.6666667e-01
   5.8368580e-02   5.0877193e-01   5.3508772e-01   1.6666667e-01
   6.0785498e-02   5.0000000e-01   5.2631579e-01   1.6666667e-01
   6.2839879e-02   4.8245614e-01   5.1754386e-01   1.6666667e-01
   6.5498489e-02   4.7368421e-01   5.0877193e-01   1.6666667e-01
   6.1027190e-02   4.7368421e-01   4.9122807e-01   1.6666667e-01
   6.6948640e-02   4.6491228e-01   4.9122807e-01   1.6666667e-01
   6.8761329e-02   4.6491228e-01   4.9122807e-01   1.6666667e-01
   7.5166163e-02   4.7368421e-01   5.0000000e-01   1.6666667e-01
   1.0574018e-01   4.7368421e-01   5.0000000e-01   1.6666667e-01
   1.4211480e-01   4.7368421e-01   5.6140351e-01   1.6666667e-01
   1.7474320e-01   4.8245614e-01   5.7017544e-01   1.6666667e-01
   1.8416918e-01   4.8245614e-01   5.7017544e-01   1.6666667e-01
   1.7063444e-01   4.9122807e-01   5.7894737e-01   1.6666667e-01
   1.4211480e-01   5.1754386e-01   5.7894737e-01   1.6666667e-01
   1.2012085e-01   5.4385965e-01   5.8771930e-01   1.6666667e-01
   8.7250755e-02   5.5263158e-01   5.8771930e-01   1.6666667e-01
   7.1782477e-02   5.6140351e-01   5.8771930e-01   1.6666667e-01
   6.4048338e-02   5.7017544e-01   5.8771930e-01   1.6666667e-01
   5.4259819e-02   5.7017544e-01   5.9649123e-01   1.6666667e-01
   5.0634441e-02   5.7017544e-01   5.9649123e-01   1.6666667e-01
   4.7250755e-02   5.7017544e-01   5.8771930e-01   1.6666667e-01
   4.8338369e-02   5.7017544e-01   5.8771930e-01   1.6666667e-01
   4.4471299e-02   5.7017544e-01   5.8771930e-01   1.6666667e-01
   3.7099698e-02   5.7017544e-01   5.7894737e-01   1.6666667e-01
   3.3957704e-02   5.7017544e-01   5.7894737e-01   1.6666667e-01
   3.0211480e-02   5.7017544e-01   5.7894737e-01   1.6666667e-01
   2.8277946e-02   5.7017544e-01   5.7017544e-01   1.6666667e-01
   2.8157100e-02   5.6140351e-01   5.7017544e-01   1.6666667e-01
   2.1873112e-02   5.6140351e-01   5.6140351e-01   1.6666667e-01
   2.0181269e-02   5.5701754e-01   5.5701754e-01   0.0000000e+00
   2.1510574e-02   5.5263158e-01   5.5263158e-01   1.6666667e-01
   2.3444109e-02   5.5263158e-01   5.5263158e-01   1.6666667e-01
   2.4410876e-02   5.4385965e-01   5.5263158e-01   1.6666667e-01
   4.7854985e-02   2.5438596e-01   5.5263158e-01   3.3333333e-01
   9.6435045e-02   2.4561404e-01   5.5263158e-01   3.3333333e-01
   1.5045317e-01   2.4561404e-01   5.4385965e-01   3.3333333e-01
   2.1583082e-01   2.4561404e-01   5.5263158e-01   3.3333333e-01
   2.8386707e-01   2.4561404e-01   5.6140351e-01   3.3333333e-01
   3.3317221e-01   2.4561404e-01   5.7017544e-01   3.3333333e-01
   3.6302115e-01   2.4561404e-01   5.7894737e-01   3.3333333e-01
   3.7015106e-01   2.5438596e-01   5.7894737e-01   3.3333333e-01
   3.4537764e-01   2.6315789e-01   5.8771930e-01   3.3333333e-01
   3.0574018e-01   2.6315789e-01   5.8771930e-01   3.3333333e-01
   2.5728097e-01   2.8070175e-01   5.9649123e-01   3.3333333e-01
   2.0410876e-01   4.9122807e-01   5.9649123e-01   1.6666667e-01
   1.5069486e-01   5.0000000e-01   6.0526316e-01   3.3333333e-01
   9.8610272e-02   5.7894737e-01   6.0526316e-01   1.6666667e-01
   6.9365559e-02   5.8771930e-01   6.0526316e-01   1.6666667e-01
   5.8489426e-02   5.8771930e-01   6.1403509e-01   1.6666667e-01
   5.6676737e-02   5.9649123e-01   6.1403509e-01   1.6666667e-01
   5.5468278e-02   5.9649123e-01   6.1403509e-01   1.6666667e-01
   5.5830816e-02   5.9649123e-01   6.1403509e-01   1.6666667e-01
   5.6072508e-02   5.9649123e-01   6.2280702e-01   1.6666667e-01
   5.4864048e-02   5.9649123e-01   6.2280702e-01   1.6666667e-01
   5.1963746e-02   6.0526316e-01   6.2280702e-01   1.6666667e-01
   5.2809668e-02   6.0526316e-01   6.2280702e-01   1.6666667e-01
   4.4954683e-02   6.0526316e-01   6.2280702e-01   1.6666667e-01
   4.3141994e-02   6.0526316e-01   6.2280702e-01   1.6666667e-01
   4.3262840e-02   6.0526316e-01   6.2280702e-01   1.6666667e-01
   4.3625378e-02   5.9649123e-01   6.2280702e-01   1.6666667e-01
   4.6283988e-02   5.9649123e-01   6.1403509e-01   1.6666667e-01
   4.3383686e-02   5.9649123e-01   6.1403509e-01   1.6666667e-01
   4.2779456e-02   5.8771930e-01   6.1403509e-01   1.6666667e-01
   4.6888218e-02   5.8771930e-01   6.0526316e-01   1.6666667e-01
   5.4984894e-02   5.7894737e-01   6.0526316e-01   1.6666667e-01
   5.2809668e-02   5.7894737e-01   5.9649123e-01   1.6666667e-01
   5.3172205e-02   5.7017544e-01   5.9649123e-01   1.6666667e-01
   5.5226586e-02   5.7017544e-01   5.9649123e-01   1.6666667e-01
   5.1601208e-02   5.7017544e-01   5.9649123e-01   1.6666667e-01
   5.3172205e-02   5.6140351e-01   5.7894737e-01   1.6666667e-01
   6.6948640e-02   5.5263158e-01   5.7894737e-01   1.6666667e-01
   1.0211480e-01   5.3508772e-01   5.7894737e-01   1.6666667e-01
   1.4223565e-01   5.2631579e-01   5.7894737e-01   1.6666667e-01
   1.7522659e-01   5.2631579e-01   5.7894737e-01   1.6666667e-01
   2.0132931e-01   5.1754386e-01   5.8771930e-01   1.6666667e-01
   2.3287009e-01   5.1754386e-01   5.9649123e-01   1.6666667e-01
   2.6018127e-01   5.0877193e-01   5.9649123e-01   1.6666667e-01
   2.8519637e-01   5.0000000e-01   6.0526316e-01   1.6666667e-01
   2.9329305e-01   5.0000000e-01   6.0526316e-01   1.6666667e-01
   2.8302115e-01   5.0000000e-01   6.0526316e-01   1.6666667e-01
   2.6247734e-01   5.0000000e-01   6.1403509e-01   1.6666667e-01
   2.3274924e-01   5.0000000e-01   6.1403509e-01   1.6666667e-01
   2.0906344e-01   5.0000000e-01   6.1403509e-01   3.3333333e-01
   1.7595166e-01   5.0000000e-01   6.2280702e-01   3.3333333e-01
   1.5468278e-01   5.0000000e-01   6.2280702e-01   3.3333333e-01
   1.5504532e-01   5.0000000e-01   6.2280702e-01   3.3333333e-01
   1.5033233e-01   5.0877193e-01   6.2280702e-01   3.3333333e-01
   1.3643505e-01   5.0877193e-01   6.3157895e-01   3.3333333e-01
   1.2652568e-01   5.1754386e-01   6.3157895e-01   3.3333333e-01
   1.0513595e-01   5.1754386e-01   6.3157895e-01   3.3333333e-01
   9.4743202e-02   5.2631579e-01   6.3157895e-01   3.3333333e-01
   7.3232628e-02   5.3508772e-01   6.3157895e-01   3.3333333e-01
   5.6676737e-02   6.0526316e-01   6.2280702e-01   1.6666667e-01
   4.4592145e-02   6.0526316e-01   6.2280702e-01   1.6666667e-01
   3.8549849e-02   5.9649123e-01   6.1403509e-01   1.6666667e-01
   3.6374622e-02   5.9649123e-01   6.1403509e-01   1.6666667e-01
   3.8187311e-02   5.9649123e-01   6.1403509e-01   1.6666667e-01
   3.2145015e-02   5.9649123e-01   6.0526316e-01   1.6666667e-01
   3.2024169e-02   5.9649123e-01   6.0526316e-01   1.6666667e-01
   2.6465257e-02   5.9649123e-01   6.0526316e-01   1.6666667e-01
   2.8277946e-02   5.9649123e-01   5.9649123e-01   1.6666667e-01
   3.1178248e-02   5.8771930e-01   5.9210526e-01   0.0000000e+00
   2.8640483e-02   5.7894737e-01   5.8771930e-01   1.6666667e-01
   3.6253776e-02   5.7017544e-01   5.8771930e-01   1.6666667e-01
   3.2870091e-02   5.7017544e-01   5.7894737e-01   1.6666667e-01
   3.1057402e-02   5.7017544e-01   5.7894737e-01   1.6666667e-01
   2.6948640e-02   5.7017544e-01   5.7017544e-01   1.6666667e-01
   2.3444109e-02   5.5847953e-01   5.6140351e-01   0.0000000e+00
   2.9123867e-02   5.4678363e-01   5.5263158e-01   0.0000000e+00
   4.1329305e-02   5.3508772e-01   5.4385965e-01   1.6666667e-01
   4.8338369e-02   5.2631579e-01   5.4385965e-01   1.6666667e-01
   4.6283988e-02   5.2631579e-01   5.4385965e-01   1.6666667e-01
   4.9425982e-02   5.2631579e-01   5.4385965e-01   1.6666667e-01
   6.8519637e-02   4.9122807e-01   5.4385965e-01   3.3333333e-01
   1.0513595e-01   4.7368421e-01   5.2631579e-01   1.6666667e-01
   1.5033233e-01   4.7368421e-01   5.2631579e-01   1.6666667e-01
   2.4036254e-01   3.7719298e-01   5.2631579e-01   3.3333333e-01
   5.2870091e-01   3.5964912e-01   6.4035088e-01   1.6666667e-01
   8.2356495e-01   2.8947368e-01   6.4912281e-01   3.3333333e-01
   9.6362538e-01   2.4561404e-01   6.4912281e-01   1.6666667e-01
   1.0000000e+00   2.1929825e-01   6.5789474e-01   1.6666667e-01
   9.8924471e-01   2.1052632e-01   6.5789474e-01   3.3333333e-01
   9.2761329e-01   2.1052632e-01   6.5789474e-01   3.3333333e-01
   8.4628399e-01   2.1052632e-01   6.6666667e-01   3.3333333e-01
   7.7172205e-01   2.1052632e-01   6.6666667e-01   3.3333333e-01
   7.2845921e-01   2.1052632e-01   6.6666667e-01   3.3333333e-01
   6.9425982e-01   2.1929825e-01   6.5789474e-01   3.3333333e-01
   6.6791541e-01   2.2807018e-01   6.4035088e-01   5.0000000e-01
   6.3987915e-01   2.2807018e-01   6.2280702e-01   6.6666667e-01
   5.8888218e-01   2.3684211e-01   5.8771930e-01   5.0000000e-01
   5.1601208e-01   2.4561404e-01   5.7017544e-01   3.3333333e-01
   4.5329305e-01   2.5438596e-01   5.7017544e-01   3.3333333e-01
   4.1317221e-01   2.6315789e-01   5.7017544e-01   3.3333333e-01
   4.0060423e-01   2.8070175e-01   5.7894737e-01   5.0000000e-01
   3.9589124e-01   2.8947368e-01   5.7894737e-01   3.3333333e-01
   3.9117825e-01   4.6491228e-01   5.9649123e-01   1.6666667e-01
   3.8561934e-01   4.7368421e-01   6.0526316e-01   1.6666667e-01
   3.7293051e-01   4.7368421e-01   6.1403509e-01   1.6666667e-01
   3.5021148e-01   4.8245614e-01   6.2280702e-01   1.6666667e-01
   3.1613293e-01   4.8245614e-01   6.2280702e-01   1.6666667e-01
   2.6900302e-01   5.0000000e-01   6.3157895e-01   3.3333333e-01
   2.1691843e-01   5.1754386e-01   6.3157895e-01   3.3333333e-01
   1.6543807e-01   5.7894737e-01   6.4035088e-01   1.6666667e-01
   1.2858006e-01   5.9649123e-01   6.4035088e-01   1.6666667e-01
   1.0513595e-01   6.0526316e-01   6.4035088e-01   1.6666667e-01
   8.5558912e-02   6.1403509e-01   6.4912281e-01   1.6666667e-01
   6.9123867e-02   6.2280702e-01   6.4912281e-01   1.6666667e-01
   5.4138973e-02   6.3157895e-01   6.4912281e-01   1.6666667e-01
   4.6525680e-02   6.3157895e-01   6.4912281e-01   1.6666667e-01
   4.0845921e-02   6.4035088e-01   6.4912281e-01   1.6666667e-01
   3.5287009e-02   6.4035088e-01   6.4912281e-01   1.6666667e-01
   3.2024169e-02   6.4035088e-01   6.4912281e-01   1.6666667e-01
   3.0936556e-02   6.4035088e-01   6.4912281e-01   1.6666667e-01
   3.1057402e-02   6.3157895e-01   6.4035088e-01   1.6666667e-01
   3.2145015e-02   6.3157895e-01   6.4035088e-01   1.6666667e-01
   3.8066465e-02   6.2280702e-01   6.4035088e-01   1.6666667e-01
   4.0604230e-02   6.2280702e-01   6.4035088e-01   1.6666667e-01
   4.7975831e-02   6.2280702e-01   6.4035088e-01   1.6666667e-01
   4.4229607e-02   6.1403509e-01   6.3157895e-01   1.6666667e-01
   4.6042296e-02   6.1403509e-01   6.3157895e-01   1.6666667e-01
   4.3867069e-02   6.0526316e-01   6.2280702e-01   1.6666667e-01
   4.2175227e-02   5.9649123e-01   6.1403509e-01   1.6666667e-01
   3.4441088e-02   5.9649123e-01   6.0526316e-01   1.6666667e-01
   1.0465257e-01   5.0000000e-01   5.1754386e-01   1.6666667e-01
   1.6604230e-01   4.9122807e-01   5.5263158e-01   1.6666667e-01
   2.1957704e-01   4.8245614e-01   5.7017544e-01   1.6666667e-01
   2.4410876e-01   4.8245614e-01   5.7017544e-01   1.6666667e-01
   2.3649547e-01   4.8245614e-01   5.6140351e-01   1.6666667e-01
   2.1099698e-01   4.8245614e-01   5.6140351e-01   1.6666667e-01
   1.8900302e-01   4.8245614e-01   5.6140351e-01   1.6666667e-01
   1.6809668e-01   4.9122807e-01   5.7017544e-01   1.6666667e-01
   1.4429003e-01   5.0000000e-01   5.7894737e-01   1.6666667e-01
   1.3184290e-01   5.4385965e-01   5.7894737e-01   1.6666667e-01
   1.3764350e-01   5.5263158e-01   5.9649123e-01   1.6666667e-01
   2.0060423e-01   5.5263158e-01   6.4912281e-01   3.3333333e-01
   2.6610272e-01   5.6140351e-01   6.6666667e-01   1.6666667e-01
   2.8640483e-01   5.7017544e-01   6.7543860e-01   1.6666667e-01
   2.7323263e-01   5.7017544e-01   6.7543860e-01   1.6666667e-01
   2.3867069e-01   5.7894737e-01   6.7543860e-01   1.6666667e-01
   1.9407855e-01   5.8771930e-01   6.7543860e-01   1.6666667e-01
   1.4634441e-01   5.9649123e-01   6.6666667e-01   1.6666667e-01
   1.0114804e-01   6.0526316e-01   6.5789474e-01   1.6666667e-01
   5.7160121e-02   6.1403509e-01   6.3157895e-01   1.6666667e-01
   2.0302115e-02   6.1549708e-01   6.3011696e-01   0.0000000e+00
   0.0000000e+00   6.1695906e-01   6.2865497e-01   0.0000000e+00
   1.2084592e-04   6.1842105e-01   6.2719298e-01   0.0000000e+00
   1.2084592e-04   6.1988304e-01   6.2573099e-01   0.0000000e+00
   3.6253776e-04   6.2134503e-01   6.2426901e-01   0.0000000e+00
   1.5226586e-02   6.2280702e-01   6.2280702e-01   1.6666667e-01
   3.4320242e-02   6.1403509e-01   6.2280702e-01   1.6666667e-01
   4.8580060e-02   6.0526316e-01   6.3157895e-01   1.6666667e-01
   6.5256798e-02   5.9649123e-01   6.3157895e-01   1.6666667e-01
   7.2749245e-02   5.8771930e-01   6.3157895e-01   1.6666667e-01
   6.5740181e-02   5.7894737e-01   6.1403509e-01   1.6666667e-01
   5.8247734e-02   5.7894737e-01   6.0526316e-01   1.6666667e-01
   6.3081571e-02   5.7894737e-01   6.0526316e-01   1.6666667e-01
   6.8157100e-02   5.5263158e-01   5.9649123e-01   1.6666667e-01
   9.0151057e-02   5.4385965e-01   5.8771930e-01   1.6666667e-01
   1.2640483e-01   5.3508772e-01   5.7894737e-01   1.6666667e-01
   2.3287009e-01   4.6491228e-01   5.7894737e-01   3.3333333e-01
   3.7848943e-01   4.4736842e-01   5.8771930e-01   1.6666667e-01
   5.0876133e-01   4.2105263e-01   6.0526316e-01   1.6666667e-01
   6.1486405e-01   4.1228070e-01   6.2280702e-01   1.6666667e-01
   6.7528701e-01   3.7719298e-01   6.2280702e-01   1.6666667e-01
   7.0187311e-01   3.6842105e-01   6.3157895e-01   1.6666667e-01
   7.5564955e-01   3.6842105e-01   6.4035088e-01   1.6666667e-01
   7.6169184e-01   2.8070175e-01   6.4912281e-01   3.3333333e-01
   6.9317221e-01   2.7192982e-01   6.4912281e-01   3.3333333e-01
   5.7824773e-01   2.8070175e-01   6.5789474e-01   5.0000000e-01
   4.3915408e-01   4.8245614e-01   6.5789474e-01   1.6666667e-01
   3.2132931e-01   1.6666667e-01   6.5789474e-01   5.0000000e-01
   2.5885196e-01   1.5789474e-01   6.6666667e-01   3.3333333e-01
   2.0386707e-01   1.5789474e-01   6.6666667e-01   3.3333333e-01
   1.7365559e-01   1.5789474e-01   6.6666667e-01   3.3333333e-01
   1.7099698e-01   1.5789474e-01   6.6666667e-01   3.3333333e-01
   1.8743202e-01   1.5789474e-01   6.7543860e-01   3.3333333e-01
   2.5812689e-01   1.5789474e-01   6.7543860e-01   5.0000000e-01
   3.2374622e-01   1.6666667e-01   6.6666667e-01   5.0000000e-01
   3.6120846e-01   1.7543860e-01   6.6666667e-01   3.3333333e-01
   4.1788520e-01   1.8421053e-01   6.6666667e-01   5.0000000e-01
   4.1256798e-01   1.9298246e-01   6.5789474e-01   6.6666667e-01
   3.6157100e-01   2.1929825e-01   5.9649123e-01   6.6666667e-01
   2.5208459e-01   2.6315789e-01   5.8771930e-01   5.0000000e-01
   1.5842900e-01   3.3333333e-01   5.8771930e-01   3.3333333e-01
   7.3716012e-02   5.6140351e-01   5.8771930e-01   1.6666667e-01
   5.0634441e-02   5.7017544e-01   5.8771930e-01   1.6666667e-01
   4.3867069e-02   5.7017544e-01   5.8771930e-01   1.6666667e-01
   4.6042296e-02   5.7017544e-01   5.8771930e-01   1.6666667e-01
   4.2900302e-02   5.7017544e-01   5.8771930e-01   1.6666667e-01
   3.9154079e-02   5.7894737e-01   5.8771930e-01   1.6666667e-01
   3.3353474e-02   5.7894737e-01   5.8771930e-01   1.6666667e-01
   2.7673716e-02   5.7894737e-01   5.8771930e-01   1.6666667e-01
   2.3444109e-02   5.7894737e-01   5.7894737e-01   1.6666667e-01
   3.4682779e-02   5.7017544e-01   5.8771930e-01   1.6666667e-01
   6.6102719e-02   5.7017544e-01   5.8771930e-01   1.6666667e-01
   1.0489426e-01   5.7017544e-01   5.9649123e-01   1.6666667e-01
   1.6084592e-01   5.6140351e-01   6.2280702e-01   1.6666667e-01
   2.1534743e-01   5.6140351e-01   6.4035088e-01   1.6666667e-01
   2.4882175e-01   5.6140351e-01   6.4912281e-01   1.6666667e-01
   2.6018127e-01   5.6140351e-01   6.4912281e-01   1.6666667e-01
   2.5570997e-01   5.6140351e-01   6.5789474e-01   1.6666667e-01
   2.2719033e-01   5.7017544e-01   6.5789474e-01   1.6666667e-01
   1.9540785e-01   5.7894737e-01   6.5789474e-01   1.6666667e-01
   1.5540785e-01   5.8771930e-01   6.6666667e-01   1.6666667e-01
   1.1577039e-01   6.1403509e-01   6.6666667e-01   1.6666667e-01
   8.3262840e-02   6.4035088e-01   6.6666667e-01   1.6666667e-01
   6.1510574e-02   6.4912281e-01   6.6666667e-01   1.6666667e-01
   5.8247734e-02   6.4912281e-01   6.7543860e-01   1.6666667e-01
   5.7401813e-02   6.4912281e-01   6.7543860e-01   1.6666667e-01
   5.7280967e-02   6.4912281e-01   6.7543860e-01   1.6666667e-01
   5.5589124e-02   6.4912281e-01   6.7543860e-01   1.6666667e-01
   5.2205438e-02   6.4912281e-01   6.6666667e-01   1.6666667e-01
   5.1963746e-02   6.4035088e-01   6.6666667e-01   1.6666667e-01
   4.1329305e-02   6.4035088e-01   6.5789474e-01   1.6666667e-01
   5.2930514e-02   6.4035088e-01   6.4912281e-01   1.6666667e-01
   9.1117825e-02   5.7894737e-01   6.4035088e-01   3.3333333e-01
   1.4598187e-01   5.7017544e-01   6.4035088e-01   3.3333333e-01
   1.9238671e-01   5.6140351e-01   6.2280702e-01   1.6666667e-01
   2.1015106e-01   5.5263158e-01   6.2280702e-01   1.6666667e-01
   2.2839879e-01   5.5263158e-01   6.3157895e-01   1.6666667e-01
   2.3009063e-01   5.5263158e-01   6.4035088e-01   1.6666667e-01
   2.1365559e-01   5.5263158e-01   6.4035088e-01   1.6666667e-01
   1.9552870e-01   5.5263158e-01   6.4912281e-01   1.6666667e-01
   1.6253776e-01   5.6140351e-01   6.4912281e-01   1.6666667e-01
   1.3087613e-01   6.1403509e-01   6.4912281e-01   1.6666667e-01
   9.1359517e-02   6.2280702e-01   6.5789474e-01   1.6666667e-01
   7.3474320e-02   6.3157895e-01   6.5789474e-01   1.6666667e-01
   6.6706949e-02   6.4035088e-01   6.5789474e-01   1.6666667e-01
   6.1510574e-02   6.4035088e-01   6.5789474e-01   1.6666667e-01
   5.3172205e-02   6.4035088e-01   6.6666667e-01   1.6666667e-01
   5.0392749e-02   6.4035088e-01   6.6666667e-01   1.6666667e-01
   4.8338369e-02   6.4035088e-01   6.6666667e-01   1.6666667e-01
   5.0151057e-02   6.4035088e-01   6.6666667e-01   1.6666667e-01
   4.4712991e-02   6.4035088e-01   6.5789474e-01   1.6666667e-01
   3.6858006e-02   6.4035088e-01   6.5789474e-01   1.6666667e-01
   3.6737160e-02   6.3157895e-01   6.4473684e-01   0.0000000e+00
   2.8036254e-02   6.2280702e-01   6.3157895e-01   0.0000000e+00
   2.7794562e-02   6.1403509e-01   6.1842105e-01   0.0000000e+00
   2.7069486e-02   6.0526316e-01   6.0526316e-01   1.6666667e-01
   4.0725076e-02   5.8771930e-01   5.9649123e-01   0.0000000e+00
   5.1842900e-02   5.7017544e-01   5.8771930e-01   1.6666667e-01
   6.4048338e-02   5.6140351e-01   5.7894737e-01   1.6666667e-01
   8.5679758e-02   5.6140351e-01   5.8771930e-01   1.6666667e-01
   1.0380665e-01   5.6140351e-01   5.9649123e-01   1.6666667e-01
   1.2096677e-01   5.6140351e-01   5.9649123e-01   1.6666667e-01
   1.4682779e-01   5.6140351e-01   6.0526316e-01   1.6666667e-01
   1.6652568e-01   5.6140351e-01   6.4035088e-01   1.6666667e-01
   1.8078550e-01   5.7017544e-01   6.4912281e-01   1.6666667e-01
   1.7824773e-01   5.7894737e-01   6.5789474e-01   1.6666667e-01
   1.6398792e-01   5.8771930e-01   6.5789474e-01   1.6666667e-01
   1.3957704e-01   5.9649123e-01   6.6666667e-01   1.6666667e-01
   1.1625378e-01   6.2280702e-01   6.6666667e-01   1.6666667e-01
   8.9788520e-02   6.4035088e-01   6.7543860e-01   1.6666667e-01
   7.2024169e-02   6.4912281e-01   6.7543860e-01   1.6666667e-01
   6.5498489e-02   6.5789474e-01   6.7543860e-01   1.6666667e-01
   5.7401813e-02   6.5789474e-01   6.8421053e-01   1.6666667e-01
   5.2809668e-02   6.6666667e-01   6.8421053e-01   1.6666667e-01
   5.2930514e-02   6.6666667e-01   6.8421053e-01   1.6666667e-01
   5.0996979e-02   6.6666667e-01   6.8421053e-01   1.6666667e-01
   5.0876133e-02   6.6666667e-01   6.8421053e-01   1.6666667e-01
   5.3172205e-02   6.6666667e-01   6.8421053e-01   1.6666667e-01
   5.8368580e-02   6.5789474e-01   6.8421053e-01   1.6666667e-01
   6.0302115e-02   6.5789474e-01   6.8421053e-01   1.6666667e-01
   6.7673716e-02   6.5789474e-01   6.8421053e-01   1.6666667e-01
   5.9939577e-02   6.5789474e-01   6.8421053e-01   1.6666667e-01
   5.4380665e-02   6.5789474e-01   6.8421053e-01   1.6666667e-01
   5.4501511e-02   6.5789474e-01   6.8421053e-01   1.6666667e-01
   5.3293051e-02   6.5789474e-01   6.8421053e-01   1.6666667e-01
   4.2779456e-02   6.5789474e-01   6.7543860e-01   1.6666667e-01
   4.3383686e-02   6.4912281e-01   6.6666667e-01   1.6666667e-01
   4.0725076e-02   6.4035088e-01   6.5789474e-01   1.6666667e-01
   4.5317221e-02   6.4035088e-01   6.5789474e-01   1.6666667e-01
   4.9909366e-02   6.4035088e-01   6.5789474e-01   1.6666667e-01
   5.1722054e-02   6.4035088e-01   6.5789474e-01   1.6666667e-01
   5.1722054e-02   6.3157895e-01   6.5789474e-01   1.6666667e-01
   5.2326284e-02   6.3157895e-01   6.5789474e-01   1.6666667e-01
   5.3534743e-02   6.3157895e-01   6.4912281e-01   1.6666667e-01
   5.2930514e-02   6.3157895e-01   6.4912281e-01   1.6666667e-01
   5.1359517e-02   6.2280702e-01   6.4912281e-01   1.6666667e-01
   5.1238671e-02   6.2280702e-01   6.4912281e-01   1.6666667e-01
   5.8610272e-02   6.1403509e-01   6.4035088e-01   1.6666667e-01
   6.9486405e-02   6.0526316e-01   6.4035088e-01   1.6666667e-01
   9.2567976e-02   6.0526316e-01   6.4035088e-01   1.6666667e-01
   1.1009063e-01   5.9649123e-01   6.3157895e-01   1.6666667e-01
   1.5516616e-01   5.8771930e-01   6.4035088e-01   1.6666667e-01
   2.4084592e-01   5.8771930e-01   9.8245614e-01   3.3333333e-01
   3.4235650e-01   5.7894737e-01   9.9122807e-01   3.3333333e-01
   4.2984894e-01   5.7017544e-01   9.9122807e-01   3.3333333e-01
   4.9764350e-01   5.6140351e-01   9.9122807e-01   3.3333333e-01
   5.4211480e-01   5.6140351e-01   1.0000000e+00   3.3333333e-01
   5.7317221e-01   5.6140351e-01   1.0000000e+00   3.3333333e-01
   5.6495468e-01   5.5263158e-01   1.0000000e+00   3.3333333e-01
   5.3534743e-01   5.5263158e-01   1.0000000e+00   5.0000000e-01
   4.9679758e-01   5.5263158e-01   1.0000000e+00   6.6666667e-01
   4.5800604e-01   5.5263158e-01   9.9122807e-01   6.6666667e-01
   4.2634441e-01   5.5263158e-01   9.9122807e-01   6.6666667e-01
   4.2006042e-01   5.5263158e-01   9.8245614e-01   6.6666667e-01
   4.2876133e-01   5.6140351e-01   9.8245614e-01   6.6666667e-01
   4.7975831e-01   5.6140351e-01   9.8245614e-01   6.6666667e-01
   5.4489426e-01   5.6140351e-01   9.7368421e-01   6.6666667e-01
   6.1933535e-01   5.7017544e-01   9.6491228e-01   5.0000000e-01
   6.8422961e-01   5.7017544e-01   9.6491228e-01   5.0000000e-01
   7.3474320e-01   5.7894737e-01   9.5614035e-01   5.0000000e-01
   7.8731118e-01   5.7894737e-01   9.5614035e-01   3.3333333e-01
   8.2332326e-01   5.8771930e-01   9.4736842e-01   3.3333333e-01
   7.9601208e-01   5.9649123e-01   9.3859649e-01   1.6666667e-01
   7.0199396e-01   6.0526316e-01   9.2105263e-01   1.6666667e-01
   5.9444109e-01   6.1403509e-01   9.0350877e-01   1.6666667e-01
   4.8821752e-01   6.2280702e-01   8.8596491e-01   1.6666667e-01
   3.7244713e-01   6.3157895e-01   8.5964912e-01   3.3333333e-01
   2.5595166e-01   7.0175439e-01   7.8070175e-01   3.3333333e-01
   1.5021148e-01   7.1052632e-01   7.4561404e-01   1.6666667e-01
   8.4954683e-02   7.1052632e-01   7.4561404e-01   1.6666667e-01
   6.2235650e-02   7.1929825e-01   7.4561404e-01   1.6666667e-01
   4.4954683e-02   7.2807018e-01   7.3684211e-01   1.6666667e-01
   3.9395770e-02   7.1461988e-01   7.2631579e-01   0.0000000e+00
   3.2024169e-02   7.0116959e-01   7.1578947e-01   0.0000000e+00
   4.4712991e-02   6.8771930e-01   7.0526316e-01   0.0000000e+00
   4.6042296e-02   6.7426901e-01   6.9473684e-01   0.0000000e+00
   4.0241692e-02   6.6081871e-01   6.8421053e-01   0.0000000e+00
   2.8277946e-02   6.4736842e-01   6.7368421e-01   0.0000000e+00
   1.7401813e-02   6.3391813e-01   6.6315789e-01   0.0000000e+00
   1.0755287e-02   6.2046784e-01   6.5263158e-01   0.0000000e+00
   6.8882175e-03   6.0701754e-01   6.4210526e-01   0.0000000e+00
   1.6918429e-02   5.9356725e-01   6.3157895e-01   0.0000000e+00
   1.8247734e-02   5.8011696e-01   6.2105263e-01   0.0000000e+00
   1.7764350e-02   5.6666667e-01   6.1052632e-01   0.0000000e+00
   9.0634441e-03   5.5321637e-01   6.0000000e-01   0.0000000e+00
   3.8308157e-02   5.3976608e-01   5.8947368e-01   0.0000000e+00
   1.3716012e-01   5.2631579e-01   5.7894737e-01   1.6666667e-01
   3.2604230e-01   4.5614035e-01   6.0526316e-01   1.6666667e-01
   5.3824773e-01   4.4736842e-01   6.5789474e-01   1.6666667e-01
   7.0429003e-01   4.4736842e-01   6.7543860e-01   1.6666667e-01
   7.8018127e-01   3.6842105e-01   6.8421053e-01   3.3333333e-01
   7.8682779e-01   3.7719298e-01   6.9298246e-01   1.6666667e-01
   7.4453172e-01   3.8596491e-01   6.9298246e-01   1.6666667e-01
   6.8108761e-01   4.4736842e-01   7.0175439e-01   1.6666667e-01
   5.9480363e-01   4.5614035e-01   7.0175439e-01   1.6666667e-01
   5.1842900e-01   4.8245614e-01   7.0175439e-01   1.6666667e-01
   4.4181269e-01   5.7017544e-01   7.0175439e-01   1.6666667e-01
   3.3015106e-01   5.8771930e-01   7.1052632e-01   1.6666667e-01
   2.5945619e-01   5.9649123e-01   7.0175439e-01   1.6666667e-01
   2.0132931e-01   5.9649123e-01   7.0175439e-01   1.6666667e-01
   1.5214502e-01   5.8771930e-01   6.4912281e-01   1.6666667e-01
   1.0960725e-01   5.8771930e-01   6.3157895e-01   1.6666667e-01
   9.7643505e-02   5.7894737e-01   6.0526316e-01   1.6666667e-01
   9.4984894e-02   5.7894737e-01   6.0526316e-01   1.6666667e-01
   1.0888218e-01   5.7894737e-01   6.1403509e-01   1.6666667e-01
   1.1444109e-01   5.8771930e-01   6.2280702e-01   1.6666667e-01
   1.1963746e-01   5.8771930e-01   6.3157895e-01   1.6666667e-01
   1.2833837e-01   5.9649123e-01   6.4035088e-01   1.6666667e-01
   1.2966767e-01   6.0526316e-01   6.4912281e-01   1.6666667e-01
   1.2882175e-01   6.1403509e-01   6.4912281e-01   1.6666667e-01
   1.2217523e-01   6.2280702e-01   6.5789474e-01   1.6666667e-01
   1.1589124e-01   6.2280702e-01   6.5789474e-01   1.6666667e-01
   1.1129909e-01   6.3157895e-01   6.6666667e-01   1.6666667e-01
   1.0320242e-01   6.4035088e-01   6.6666667e-01   1.6666667e-01
   9.1963746e-02   6.4912281e-01   6.7543860e-01   1.6666667e-01
   8.5558912e-02   6.4912281e-01   6.7543860e-01   1.6666667e-01
   9.1238671e-02   6.5789474e-01   6.7543860e-01   1.6666667e-01
   8.8459215e-02   6.5789474e-01   6.8421053e-01   1.6666667e-01
   8.8338369e-02   6.6666667e-01   6.8421053e-01   1.6666667e-01
   8.8338369e-02   6.6666667e-01   6.8421053e-01   1.6666667e-01
   8.3867069e-02   6.6666667e-01   6.9298246e-01   1.6666667e-01
   8.3625378e-02   6.6666667e-01   6.9298246e-01   1.6666667e-01
   8.4954683e-02   6.6666667e-01   6.9298246e-01   1.6666667e-01
   8.8821752e-02   6.5789474e-01   6.8421053e-01   1.6666667e-01
   8.9184290e-02   6.5789474e-01   6.8421053e-01   1.6666667e-01
   7.9516616e-02   6.5789474e-01   6.8421053e-01   1.6666667e-01
   5.8610272e-02   6.6666667e-01   6.7543860e-01   1.6666667e-01
   4.2658610e-02   6.7543860e-01   6.7543860e-01   1.6666667e-01
