   1.1300000e+02
   6.5708124e-02   1.3043478e-01   1.9565217e-01   3.3333333e-01
   1.4536305e-01   9.7826087e-02   2.0652174e-01   3.3333333e-01
   2.0100647e-01   8.6956522e-02   2.0652174e-01   1.6666667e-01
   2.2818116e-01   7.6086957e-02   2.7173913e-01   5.0000000e-01
   2.6959022e-01   7.6086957e-02   5.4347826e-01   5.0000000e-01
   3.1545651e-01   6.5217391e-02   5.5434783e-01   5.0000000e-01
   3.5758447e-01   6.5217391e-02   5.6521739e-01   5.0000000e-01
   3.8734723e-01   5.4347826e-02   5.7608696e-01   5.0000000e-01
   4.2789360e-01   4.3478261e-02   5.8695652e-01   6.6666667e-01
   4.4874191e-01   4.3478261e-02   5.9782609e-01   6.6666667e-01
   4.7246585e-01   4.3478261e-02   6.0869565e-01   6.6666667e-01
   5.2192667e-01   1.5217391e-01   6.0869565e-01   5.0000000e-01
   5.5614666e-01   1.6304348e-01   6.0869565e-01   3.3333333e-01
   5.5830338e-01   1.0869565e-02   6.1956522e-01   5.0000000e-01
   5.5168943e-01   1.0869565e-02   6.1956522e-01   5.0000000e-01
   5.6578001e-01   1.0869565e-02   6.1956522e-01   5.0000000e-01
   6.2674335e-01   0.0000000e+00   6.3043478e-01   5.0000000e-01
   6.5650611e-01   0.0000000e+00   6.3043478e-01   3.3333333e-01
   6.5190510e-01   0.0000000e+00   6.3043478e-01   3.3333333e-01
   6.3637671e-01   0.0000000e+00   6.1956522e-01   3.3333333e-01
   6.2358016e-01   0.0000000e+00   6.1956522e-01   5.0000000e-01
   6.1193386e-01   0.0000000e+00   6.1956522e-01   5.0000000e-01
   6.0215672e-01   0.0000000e+00   6.1956522e-01   5.0000000e-01
   6.0805176e-01   0.0000000e+00   6.0869565e-01   5.0000000e-01
   7.1890726e-01   0.0000000e+00   6.0869565e-01   5.0000000e-01
   8.6196981e-01   0.0000000e+00   6.0869565e-01   5.0000000e-01
   9.6002876e-01   1.0869565e-02   5.9782609e-01   3.3333333e-01
   9.9554277e-01   1.0869565e-02   5.9782609e-01   3.3333333e-01
   1.0000000e+00   1.0869565e-02   5.6521739e-01   3.3333333e-01
   9.3328541e-01   1.0869565e-02   5.6521739e-01   5.0000000e-01
   8.3321352e-01   1.0869565e-02   5.4347826e-01   5.0000000e-01
   7.3989935e-01   2.1739130e-02   5.3260870e-01   5.0000000e-01
   6.2458663e-01   2.1739130e-02   5.3260870e-01   5.0000000e-01
   5.2135155e-01   3.2608696e-02   4.7826087e-01   5.0000000e-01
   3.9525521e-01   3.2608696e-02   3.0434783e-01   3.3333333e-01
   3.3831776e-01   4.3478261e-02   3.0434783e-01   3.3333333e-01
   3.0165349e-01   5.4347826e-02   3.0434783e-01   3.3333333e-01
   2.9029475e-01   5.4347826e-02   3.1521739e-01   3.3333333e-01
   2.9906542e-01   6.5217391e-02   3.1521739e-01   3.3333333e-01
   3.3601725e-01   7.6086957e-02   3.1521739e-01   3.3333333e-01
   4.3795830e-01   8.6956522e-02   4.2391304e-01   5.0000000e-01
   5.5916607e-01   9.7826087e-02   4.2391304e-01   3.3333333e-01
   6.2444285e-01   1.0869565e-01   4.3478261e-01   3.3333333e-01
   6.0948958e-01   1.1956522e-01   4.3478261e-01   3.3333333e-01
   5.6678648e-01   1.3043478e-01   4.3478261e-01   3.3333333e-01
   5.3256650e-01   1.4130435e-01   6.0869565e-01   5.0000000e-01
   4.7260963e-01   1.5217391e-01   6.1956522e-01   5.0000000e-01
   3.8749101e-01   1.6304348e-01   6.1956522e-01   5.0000000e-01
   2.9618979e-01   1.7391304e-01   6.1956522e-01   3.3333333e-01
   2.1682243e-01   1.9565217e-01   6.3043478e-01   3.3333333e-01
   1.3199137e-01   2.2826087e-01   6.3043478e-01   3.3333333e-01
   6.0388210e-02   6.0869565e-01   6.3043478e-01   1.6666667e-01
   2.8181165e-02   6.1956522e-01   6.3043478e-01   1.6666667e-01
   9.0582315e-03   6.3043478e-01   6.3043478e-01   1.6666667e-01
   5.0323508e-03   5.8695652e-01   6.0326087e-01   0.0000000e+00
   4.2846873e-02   5.4347826e-01   5.7608696e-01   1.6666667e-01
   8.3249461e-02   5.3260870e-01   5.8695652e-01   1.6666667e-01
   1.1545651e-01   5.1086957e-01   5.9782609e-01   1.6666667e-01
   1.4493170e-01   5.0000000e-01   5.9782609e-01   1.6666667e-01
   1.4938893e-01   4.8913043e-01   5.8695652e-01   1.6666667e-01
   1.4234364e-01   4.8913043e-01   5.7608696e-01   1.6666667e-01
   1.3227894e-01   4.7826087e-01   5.5434783e-01   1.6666667e-01
   1.2753415e-01   4.6739130e-01   5.4347826e-01   1.6666667e-01
   1.2480230e-01   4.5652174e-01   5.3260870e-01   1.6666667e-01
   1.1243710e-01   4.4565217e-01   5.2173913e-01   1.6666667e-01
   1.0625449e-01   4.4565217e-01   5.0000000e-01   1.6666667e-01
   1.1560029e-01   4.3478261e-01   6.0869565e-01   3.3333333e-01
   1.5355859e-01   4.2391304e-01   6.1956522e-01   3.3333333e-01
   2.0258807e-01   4.2391304e-01   6.3043478e-01   3.3333333e-01
   2.2674335e-01   4.1304348e-01   6.4130435e-01   3.3333333e-01
   2.3824587e-01   4.1304348e-01   6.5217391e-01   3.3333333e-01
   2.4960460e-01   4.0217391e-01   6.5217391e-01   3.3333333e-01
   3.5025162e-01   2.2826087e-01   6.5217391e-01   5.0000000e-01
   5.1818835e-01   1.8478261e-01   6.6304348e-01   5.0000000e-01
   6.6570812e-01   1.8478261e-01   6.6304348e-01   5.0000000e-01
   7.8087707e-01   7.6086957e-02   6.6304348e-01   5.0000000e-01
   8.0718907e-01   7.6086957e-02   6.7391304e-01   3.3333333e-01
   8.1797268e-01   8.6956522e-02   6.7391304e-01   3.3333333e-01
   8.2803738e-01   1.4130435e-01   6.7391304e-01   3.3333333e-01
   8.4342200e-01   1.9565217e-01   6.7391304e-01   3.3333333e-01
   8.9633357e-01   2.5000000e-01   6.7391304e-01   3.3333333e-01
   9.6089145e-01   2.7173913e-01   6.7391304e-01   1.6666667e-01
   9.6175413e-01   2.8260870e-01   6.7391304e-01   1.6666667e-01
   8.8856937e-01   2.8260870e-01   6.6304348e-01   1.6666667e-01
   8.0000000e-01   2.9347826e-01   6.6304348e-01   3.3333333e-01
   6.5478073e-01   3.8043478e-01   6.5217391e-01   1.6666667e-01
   5.1761323e-01   4.0217391e-01   6.4130435e-01   1.6666667e-01
   3.9755572e-01   4.2391304e-01   6.3043478e-01   1.6666667e-01
   2.8612509e-01   4.4565217e-01   6.3043478e-01   1.6666667e-01
   1.8447160e-01   4.8913043e-01   6.0869565e-01   1.6666667e-01
   8.7131560e-02   5.2173913e-01   5.6521739e-01   1.6666667e-01
   2.1423436e-02   5.2898551e-01   5.7028986e-01   0.0000000e+00
   0.0000000e+00   5.3623188e-01   5.7536232e-01   0.0000000e+00
   3.3069734e-03   5.4347826e-01   5.8043478e-01   0.0000000e+00
   3.8820992e-03   5.5072464e-01   5.8550725e-01   0.0000000e+00
   4.4572250e-03   5.5797101e-01   5.9057971e-01   0.0000000e+00
   5.0323508e-03   5.6521739e-01   5.9565217e-01   0.0000000e+00
   5.6074766e-03   5.7246377e-01   6.0072464e-01   0.0000000e+00
   6.1826024e-03   5.7971014e-01   6.0579710e-01   0.0000000e+00
   6.7577283e-03   5.8695652e-01   6.1086957e-01   0.0000000e+00
   7.3328541e-03   5.9420290e-01   6.1594203e-01   0.0000000e+00
   8.0517613e-03   6.0144928e-01   6.2101449e-01   0.0000000e+00
   8.6268871e-03   6.0869565e-01   6.2608696e-01   0.0000000e+00
   8.3393242e-03   6.1594203e-01   6.3115942e-01   0.0000000e+00
   1.5672178e-02   6.2318841e-01   6.3623188e-01   0.0000000e+00
   3.2782171e-02   6.3043478e-01   6.4130435e-01   1.6666667e-01
   6.2832495e-02   6.3043478e-01   6.4130435e-01   1.6666667e-01
   8.4974838e-02   6.3043478e-01   6.5217391e-01   1.6666667e-01
   8.6412653e-02   6.3043478e-01   6.5217391e-01   1.6666667e-01
   8.0517613e-02   6.3043478e-01   6.6304348e-01   1.6666667e-01
   7.2465852e-02   6.3043478e-01   6.6304348e-01   1.6666667e-01
   6.2113587e-02   6.4130435e-01   6.6304348e-01   1.6666667e-01
   4.1121495e-02   6.5217391e-01   6.6304348e-01   1.6666667e-01
