   7.8000000e+01
   3.2190760e-02   2.5974026e-01   4.2857143e-01   0.0000000e+00
   2.3546945e-01   2.5974026e-01   4.2857143e-01   3.3333333e-01
   4.5543964e-01   1.5584416e-01   4.5454545e-01   1.6666667e-01
   5.9076006e-01   1.4285714e-01   4.5454545e-01   1.6666667e-01
   6.0402385e-01   1.4285714e-01   4.2857143e-01   1.6666667e-01
   6.0998510e-01   1.4285714e-01   4.1558442e-01   1.6666667e-01
   6.7168405e-01   1.4285714e-01   4.4155844e-01   1.6666667e-01
   7.5305514e-01   1.5584416e-01   4.9350649e-01   1.6666667e-01
   8.7138599e-01   1.5584416e-01   5.9740260e-01   1.6666667e-01
   9.5394933e-01   1.6883117e-01   6.4935065e-01   1.6666667e-01
   9.3129657e-01   1.9480519e-01   6.6233766e-01   1.6666667e-01
   8.4932936e-01   2.7272727e-01   6.6233766e-01   1.6666667e-01
   7.7436662e-01   3.1168831e-01   6.6233766e-01   1.6666667e-01
   7.9403875e-01   2.2077922e-01   6.7532468e-01   1.6666667e-01
   9.1520119e-01   1.9480519e-01   6.7532468e-01   1.6666667e-01
   9.9225037e-01   1.6883117e-01   6.7532468e-01   3.3333333e-01
   1.0000000e+00   1.2987013e-01   6.7532468e-01   3.3333333e-01
   9.9672131e-01   1.0389610e-01   6.7532468e-01   3.3333333e-01
   9.7540984e-01   7.7922078e-02   6.6233766e-01   5.0000000e-01
   9.2712370e-01   7.7922078e-02   4.8051948e-01   1.6666667e-01
   8.8837556e-01   6.4935065e-02   4.9350649e-01   1.6666667e-01
   8.4828614e-01   5.1948052e-02   5.0649351e-01   1.6666667e-01
   7.6035768e-01   5.1948052e-02   5.1948052e-01   1.6666667e-01
   6.2950820e-01   5.1948052e-02   5.3246753e-01   3.3333333e-01
   4.9478390e-01   5.1948052e-02   5.4545455e-01   3.3333333e-01
   4.0163934e-01   2.5974026e-02   5.4545455e-01   3.3333333e-01
   3.6035768e-01   1.2987013e-02   5.5844156e-01   3.3333333e-01
   3.3144560e-01   1.2987013e-02   5.7142857e-01   3.3333333e-01
   3.0640835e-01   1.2987013e-02   5.7142857e-01   3.3333333e-01
   2.9716841e-01   0.0000000e+00   5.8441558e-01   3.3333333e-01
   3.1162444e-01   0.0000000e+00   5.9740260e-01   3.3333333e-01
   3.7630402e-01   0.0000000e+00   5.9740260e-01   3.3333333e-01
   4.5573770e-01   1.2987013e-02   6.1038961e-01   3.3333333e-01
   4.8643815e-01   1.2987013e-02   6.1038961e-01   3.3333333e-01
   4.9210134e-01   2.5974026e-02   6.1038961e-01   3.3333333e-01
   4.8241431e-01   3.6363636e-01   6.2337662e-01   1.6666667e-01
   4.4038748e-01   3.6363636e-01   6.2337662e-01   1.6666667e-01
   3.8301043e-01   3.6363636e-01   6.2337662e-01   3.3333333e-01
   3.0611028e-01   3.7662338e-01   6.3636364e-01   3.3333333e-01
   2.5871833e-01   3.7662338e-01   6.3636364e-01   3.3333333e-01
   2.3502235e-01   3.7662338e-01   6.3636364e-01   3.3333333e-01
   2.1385991e-01   3.8961039e-01   6.3636364e-01   3.3333333e-01
   1.9508197e-01   3.8961039e-01   6.3636364e-01   3.3333333e-01
   1.8658718e-01   4.0259740e-01   6.3636364e-01   3.3333333e-01
   1.9284650e-01   4.0259740e-01   6.3636364e-01   3.3333333e-01
   2.0745156e-01   4.1558442e-01   6.3636364e-01   3.3333333e-01
   2.5350224e-01   4.1558442e-01   6.3636364e-01   3.3333333e-01
   3.1326379e-01   4.2857143e-01   6.3636364e-01   1.6666667e-01
   3.1177347e-01   4.4155844e-01   6.3636364e-01   1.6666667e-01
   2.7064083e-01   4.5454545e-01   6.3636364e-01   1.6666667e-01
   2.2146051e-01   4.8051948e-01   6.2337662e-01   1.6666667e-01
   1.5439642e-01   5.0649351e-01   6.2337662e-01   1.6666667e-01
   8.1371088e-02   5.4545455e-01   5.9740260e-01   1.6666667e-01
   2.9359165e-02   5.5266955e-01   5.9884560e-01   0.0000000e+00
   0.0000000e+00   5.5988456e-01   6.0028860e-01   0.0000000e+00
   2.2354694e-03   5.6709957e-01   6.0173160e-01   0.0000000e+00
   2.9806259e-03   5.7431457e-01   6.0317460e-01   0.0000000e+00
   3.5767511e-03   5.8152958e-01   6.0461760e-01   0.0000000e+00
   4.3219076e-03   5.8874459e-01   6.0606061e-01   0.0000000e+00
   4.4709389e-03   5.9595960e-01   6.0750361e-01   0.0000000e+00
   7.8986587e-03   6.0317460e-01   6.0894661e-01   0.0000000e+00
   3.1743666e-02   6.1038961e-01   6.1038961e-01   1.6666667e-01
   7.8390462e-02   5.9740260e-01   6.2337662e-01   1.6666667e-01
   1.2593145e-01   5.9740260e-01   6.3636364e-01   1.6666667e-01
   1.4962742e-01   5.9740260e-01   6.4935065e-01   1.6666667e-01
   1.5827124e-01   5.9740260e-01   6.4935065e-01   1.6666667e-01
   1.6035768e-01   5.9740260e-01   6.4935065e-01   1.6666667e-01
   1.5260805e-01   5.9740260e-01   6.6233766e-01   1.6666667e-01
   1.2980626e-01   6.1038961e-01   6.6233766e-01   1.6666667e-01
   9.8360656e-02   6.2337662e-01   6.6233766e-01   1.6666667e-01
   6.8554396e-02   6.2337662e-01   6.6233766e-01   1.6666667e-01
   4.3815201e-02   6.4935065e-01   6.6233766e-01   1.6666667e-01
   2.2056632e-02   6.4935065e-01   6.5800866e-01   0.0000000e+00
   1.9076006e-02   6.4935065e-01   6.5367965e-01   0.0000000e+00
   2.8464978e-02   6.4935065e-01   6.4935065e-01   1.6666667e-01
   4.2622951e-02   6.4935065e-01   6.4935065e-01   1.6666667e-01
   4.1579732e-02   6.4935065e-01   6.4935065e-01   1.6666667e-01
   3.3681073e-02   6.4935065e-01   6.4935065e-01   1.6666667e-01
