   3.2500000e+02
   7.7410654e-02   5.3030303e-01   5.7575758e-01   1.6666667e-01
   1.6587997e-01   5.1515152e-01   6.0606061e-01   1.6666667e-01
   2.4868510e-01   5.0000000e-01   6.3636364e-01   1.6666667e-01
   3.0721510e-01   4.8484848e-01   6.3636364e-01   1.6666667e-01
   3.3256912e-01   4.6969697e-01   6.5151515e-01   1.6666667e-01
   3.4106541e-01   4.6969697e-01   6.6666667e-01   1.6666667e-01
   3.2258935e-01   4.6969697e-01   6.6666667e-01   1.6666667e-01
   2.9588672e-01   4.6969697e-01   6.8181818e-01   1.6666667e-01
   2.6325017e-01   4.5454545e-01   6.8181818e-01   1.6666667e-01
   2.2063385e-01   4.5454545e-01   6.9696970e-01   3.3333333e-01
   1.6857721e-01   4.5454545e-01   6.9696970e-01   3.3333333e-01
   1.3202967e-01   4.6969697e-01   6.9696970e-01   3.3333333e-01
   1.0815914e-01   4.6969697e-01   6.9696970e-01   3.3333333e-01
   9.0896831e-02   4.6969697e-01   6.9696970e-01   3.3333333e-01
   7.9838166e-02   4.8484848e-01   7.1212121e-01   3.3333333e-01
   6.6756575e-02   4.8484848e-01   7.1212121e-01   3.3333333e-01
   7.8084963e-02   5.0000000e-01   6.9696970e-01   3.3333333e-01
   9.5886716e-02   5.1515152e-01   5.6060606e-01   1.6666667e-01
   1.3836817e-01   5.1515152e-01   6.2121212e-01   3.3333333e-01
   1.8907620e-01   5.1515152e-01   6.3636364e-01   1.6666667e-01
   2.1443021e-01   5.1515152e-01   6.5151515e-01   1.6666667e-01
   2.2697235e-01   5.1515152e-01   6.6666667e-01   1.6666667e-01
   2.2387053e-01   5.1515152e-01   7.2727273e-01   1.6666667e-01
   2.4167229e-01   5.1515152e-01   7.4242424e-01   1.6666667e-01
   2.1389076e-01   5.3030303e-01   7.5757576e-01   1.6666667e-01
   1.5563048e-01   6.3636364e-01   8.0303030e-01   5.0000000e-01
   7.7680378e-02   7.2727273e-01   7.2727273e-01   1.6666667e-01
   1.3216453e-02   7.0454545e-01   7.1060606e-01   0.0000000e+00
   0.0000000e+00   6.8181818e-01   6.9393939e-01   0.0000000e+00
   5.3944707e-04   6.5909091e-01   6.7727273e-01   0.0000000e+00
   5.3944707e-04   6.3636364e-01   6.6060606e-01   0.0000000e+00
   5.3944707e-04   6.1363636e-01   6.4393939e-01   0.0000000e+00
   5.3944707e-04   5.9090909e-01   6.2727273e-01   0.0000000e+00
   5.3944707e-04   5.6818182e-01   6.1060606e-01   0.0000000e+00
   8.0917060e-04   5.4545455e-01   5.9393939e-01   0.0000000e+00
   1.2677006e-02   5.2272727e-01   5.7727273e-01   0.0000000e+00
   8.3209710e-02   5.0000000e-01   5.6060606e-01   1.6666667e-01
   1.6749831e-01   4.8484848e-01   5.9090909e-01   1.6666667e-01
   2.3708699e-01   4.8484848e-01   6.2121212e-01   1.6666667e-01
   2.7080243e-01   4.8484848e-01   6.3636364e-01   1.6666667e-01
   2.8118678e-01   4.8484848e-01   6.5151515e-01   1.6666667e-01
   2.6405934e-01   5.0000000e-01   6.6666667e-01   1.6666667e-01
   2.3155765e-01   5.1515152e-01   6.6666667e-01   1.6666667e-01
   1.9608901e-01   5.3030303e-01   6.8181818e-01   1.6666667e-01
   1.5954147e-01   5.6060606e-01   6.8181818e-01   1.6666667e-01
   1.1989211e-01   6.0606061e-01   6.9696970e-01   1.6666667e-01
   8.7255563e-02   6.3636364e-01   6.9696970e-01   1.6666667e-01
   7.3229939e-02   6.5151515e-01   6.9696970e-01   1.6666667e-01
   7.1207013e-02   6.5151515e-01   6.9696970e-01   1.6666667e-01
   6.9453810e-02   6.5151515e-01   6.9696970e-01   1.6666667e-01
   6.8240054e-02   6.5151515e-01   6.9696970e-01   1.6666667e-01
   6.5947404e-02   6.5151515e-01   6.9696970e-01   1.6666667e-01
   5.7316251e-02   6.5151515e-01   6.9696970e-01   1.6666667e-01
   4.5987862e-02   6.5151515e-01   6.6666667e-01   1.6666667e-01
   4.3290627e-02   5.9848485e-01   6.2878788e-01   0.0000000e+00
   7.8894134e-02   5.4545455e-01   5.9090909e-01   1.6666667e-01
   1.3310856e-01   5.1515152e-01   5.9090909e-01   1.6666667e-01
   1.9339177e-01   4.8484848e-01   6.0606061e-01   1.6666667e-01
   2.3263655e-01   4.8484848e-01   6.0606061e-01   1.6666667e-01
   2.3884019e-01   4.8484848e-01   6.0606061e-01   1.6666667e-01
   2.3964936e-01   4.8484848e-01   6.0606061e-01   1.6666667e-01
   2.3277141e-01   4.8484848e-01   6.2121212e-01   1.6666667e-01
   2.2009440e-01   5.0000000e-01   6.2121212e-01   1.6666667e-01
   2.0040459e-01   5.0000000e-01   6.3636364e-01   1.6666667e-01
   1.7734322e-01   5.1515152e-01   6.3636364e-01   1.6666667e-01
   1.4605529e-01   5.6060606e-01   6.3636364e-01   1.6666667e-01
   1.1854349e-01   5.7575758e-01   6.5151515e-01   1.6666667e-01
   1.0438301e-01   5.9090909e-01   6.5151515e-01   1.6666667e-01
   9.0357384e-02   6.0606061e-01   6.5151515e-01   1.6666667e-01
   8.1995954e-02   6.0606061e-01   6.5151515e-01   1.6666667e-01
   7.3095078e-02   6.2121212e-01   6.6666667e-01   1.6666667e-01
   5.9743763e-02   6.2121212e-01   6.6666667e-01   1.6666667e-01
   5.2865813e-02   6.2121212e-01   6.6666667e-01   1.6666667e-01
   4.8280512e-02   6.3636364e-01   6.6666667e-01   1.6666667e-01
   4.6257586e-02   6.3636364e-01   6.6666667e-01   1.6666667e-01
   3.5468645e-02   6.3636364e-01   6.6666667e-01   1.6666667e-01
   3.1422792e-02   6.3636364e-01   6.5151515e-01   1.6666667e-01
   2.9669589e-02   6.3636364e-01   6.5151515e-01   1.6666667e-01
   2.9265003e-02   6.3636364e-01   6.3636364e-01   1.6666667e-01
   2.3870533e-02   6.3636364e-01   6.3636364e-01   1.6666667e-01
   2.1308159e-02   6.2703963e-01   6.3286713e-01   0.0000000e+00
   1.6722859e-02   6.1771562e-01   6.2937063e-01   0.0000000e+00
   4.7201618e-03   6.0839161e-01   6.2587413e-01   0.0000000e+00
   4.0458530e-04   5.9906760e-01   6.2237762e-01   0.0000000e+00
   5.3944707e-04   5.8974359e-01   6.1888112e-01   0.0000000e+00
   5.3944707e-04   5.8041958e-01   6.1538462e-01   0.0000000e+00
   5.3944707e-04   5.7109557e-01   6.1188811e-01   0.0000000e+00
   5.3944707e-04   5.6177156e-01   6.0839161e-01   0.0000000e+00
   5.3944707e-04   5.5244755e-01   6.0489510e-01   0.0000000e+00
   5.3944707e-04   5.4312354e-01   6.0139860e-01   0.0000000e+00
   1.3486177e-03   5.3379953e-01   5.9790210e-01   0.0000000e+00
   2.4005394e-02   5.2447552e-01   5.9440559e-01   0.0000000e+00
   1.1085637e-01   5.1515152e-01   5.9090909e-01   1.6666667e-01
   2.0512475e-01   5.0000000e-01   6.2121212e-01   1.6666667e-01
   2.6351989e-01   4.8484848e-01   6.2121212e-01   1.6666667e-01
   3.0519218e-01   4.8484848e-01   6.3636364e-01   1.6666667e-01
   3.2690492e-01   4.6969697e-01   6.3636364e-01   1.6666667e-01
   3.3351315e-01   4.6969697e-01   6.5151515e-01   1.6666667e-01
   3.2029670e-01   4.6969697e-01   6.5151515e-01   1.6666667e-01
   3.0087660e-01   4.6969697e-01   6.6666667e-01   1.6666667e-01
   2.7417397e-01   4.6969697e-01   6.6666667e-01   1.6666667e-01
   2.4531355e-01   4.6969697e-01   6.6666667e-01   1.6666667e-01
   2.1564396e-01   4.6969697e-01   6.8181818e-01   3.3333333e-01
   1.7815239e-01   4.6969697e-01   6.8181818e-01   3.3333333e-01
   1.6089009e-01   4.6969697e-01   6.8181818e-01   3.3333333e-01
   1.5859744e-01   4.6969697e-01   6.8181818e-01   3.3333333e-01
   1.5590020e-01   4.6969697e-01   6.9696970e-01   3.3333333e-01
   1.5050573e-01   4.8484848e-01   6.9696970e-01   3.3333333e-01
   1.4524612e-01   4.8484848e-01   6.9696970e-01   3.3333333e-01
   1.4713419e-01   5.0000000e-01   6.9696970e-01   3.3333333e-01
   1.4524612e-01   5.1515152e-01   6.9696970e-01   3.3333333e-01
   1.3931220e-01   5.3030303e-01   6.8181818e-01   3.3333333e-01
   1.3863790e-01   5.3030303e-01   6.8181818e-01   3.3333333e-01
   1.4578557e-01   5.3030303e-01   6.6666667e-01   1.6666667e-01
   1.7060013e-01   5.1515152e-01   6.5151515e-01   1.6666667e-01
   2.4248146e-01   4.3939394e-01   6.3636364e-01   1.6666667e-01
   3.0289953e-01   4.3939394e-01   5.9090909e-01   1.6666667e-01
   3.2204990e-01   4.2424242e-01   5.9090909e-01   1.6666667e-01
   3.3297370e-01   4.2424242e-01   6.0606061e-01   1.6666667e-01
   3.3701955e-01   4.2424242e-01   6.0606061e-01   1.6666667e-01
   3.1449764e-01   4.3939394e-01   6.2121212e-01   1.6666667e-01
   2.7902900e-01   4.3939394e-01   6.3636364e-01   1.6666667e-01
   2.4787593e-01   4.5454545e-01   6.3636364e-01   1.6666667e-01
   2.0026972e-01   4.6969697e-01   6.5151515e-01   1.6666667e-01
   1.4807822e-01   5.7575758e-01   6.5151515e-01   1.6666667e-01
   9.6830748e-02   6.0606061e-01   6.5151515e-01   1.6666667e-01
   1.0209036e-01   3.0303030e-02   6.6666667e-01   3.3333333e-01
   1.1328388e-01   1.5151515e-02   6.6666667e-01   3.3333333e-01
   1.1840863e-01   1.5151515e-02   6.6666667e-01   3.3333333e-01
   1.2245448e-01   3.0303030e-02   6.6666667e-01   3.3333333e-01
   1.0249494e-01   3.0303030e-02   6.6666667e-01   3.3333333e-01
   9.5482131e-02   4.5454545e-02   6.6666667e-01   3.3333333e-01
   8.1591369e-02   6.0606061e-02   6.6666667e-01   3.3333333e-01
   6.0148348e-02   7.5757576e-02   6.5151515e-01   3.3333333e-01
   3.2771409e-02   1.4069264e-01   6.3852814e-01   0.0000000e+00
   2.2117330e-02   2.0562771e-01   6.2554113e-01   0.0000000e+00
   4.9898854e-03   2.7056277e-01   6.1255411e-01   0.0000000e+00
   4.0458530e-04   3.3549784e-01   5.9956710e-01   0.0000000e+00
   8.0917060e-04   4.0043290e-01   5.8658009e-01   0.0000000e+00
   7.9568442e-03   4.6536797e-01   5.7359307e-01   0.0000000e+00
   4.5853001e-02   5.3030303e-01   5.6060606e-01   1.6666667e-01
   1.1840863e-01   5.0000000e-01   5.7575758e-01   1.6666667e-01
   1.9959541e-01   4.5454545e-01   5.9090909e-01   1.6666667e-01
   2.6743088e-01   4.5454545e-01   6.0606061e-01   1.6666667e-01
   3.0384356e-01   4.5454545e-01   6.2121212e-01   1.6666667e-01
   3.0478759e-01   4.5454545e-01   6.3636364e-01   1.6666667e-01
   2.7606204e-01   4.5454545e-01   6.3636364e-01   1.6666667e-01
   2.4935941e-01   4.6969697e-01   6.5151515e-01   1.6666667e-01
   2.1483479e-01   4.6969697e-01   6.5151515e-01   1.6666667e-01
   1.7437626e-01   5.0000000e-01   6.6666667e-01   1.6666667e-01
   1.3027647e-01   6.0606061e-01   6.6666667e-01   1.6666667e-01
   9.1571140e-02   6.2121212e-01   6.6666667e-01   1.6666667e-01
   7.9568442e-02   6.3636364e-01   6.8181818e-01   1.6666667e-01
   7.7410654e-02   6.3636364e-01   6.8181818e-01   1.6666667e-01
   7.7006069e-02   6.3636364e-01   6.8181818e-01   1.6666667e-01
   7.4983142e-02   6.3636364e-01   6.8181818e-01   1.6666667e-01
   7.2960216e-02   6.3636364e-01   6.8181818e-01   1.6666667e-01
   6.8105192e-02   6.2121212e-01   6.8181818e-01   1.6666667e-01
   6.7970330e-02   6.2121212e-01   6.6666667e-01   1.6666667e-01
   6.2306136e-02   6.2121212e-01   6.6666667e-01   1.6666667e-01
   5.5697910e-02   6.2121212e-01   6.5151515e-01   1.6666667e-01
   5.0573163e-02   5.9090909e-01   6.0606061e-01   1.6666667e-01
   4.3695212e-02   5.9090909e-01   5.9090909e-01   1.6666667e-01
   4.2616318e-02   5.6060606e-01   5.6060606e-01   1.6666667e-01
   3.6008092e-02   5.6060606e-01   5.6060606e-01   1.6666667e-01
   3.4389751e-02   5.6060606e-01   5.6060606e-01   1.6666667e-01
   2.8320971e-02   5.4545455e-01   5.4545455e-01   1.6666667e-01
   2.2252192e-02   5.3282828e-01   5.3535354e-01   0.0000000e+00
   2.4679703e-02   5.2020202e-01   5.2525253e-01   0.0000000e+00
   1.7936615e-02   5.0757576e-01   5.1515152e-01   0.0000000e+00
   1.0788941e-02   4.9494949e-01   5.0505051e-01   0.0000000e+00
   1.2002697e-02   4.8232323e-01   4.9494949e-01   0.0000000e+00
   3.0613621e-02   4.6969697e-01   4.8484848e-01   1.6666667e-01
   5.3809845e-02   4.6969697e-01   5.0000000e-01   1.6666667e-01
   7.5522589e-02   4.6969697e-01   5.0000000e-01   1.6666667e-01
   1.0546190e-01   4.6969697e-01   5.3030303e-01   1.6666667e-01
   2.0364127e-01   4.6969697e-01   6.5151515e-01   1.6666667e-01
   2.9278490e-01   4.8484848e-01   6.6666667e-01   1.6666667e-01
   3.3877276e-01   4.8484848e-01   6.8181818e-01   1.6666667e-01
   3.3809845e-01   5.0000000e-01   6.8181818e-01   1.6666667e-01
   3.2029670e-01   5.1515152e-01   6.8181818e-01   1.6666667e-01
   2.8995280e-01   5.1515152e-01   6.9696970e-01   1.6666667e-01
   2.5785570e-01   5.3030303e-01   6.9696970e-01   1.6666667e-01
   2.2346595e-01   5.4545455e-01   6.9696970e-01   1.6666667e-01
   1.7977073e-01   5.4545455e-01   6.8181818e-01   1.6666667e-01
   1.4497640e-01   5.4545455e-01   6.6666667e-01   1.6666667e-01
   1.1085637e-01   5.4545455e-01   6.2121212e-01   1.6666667e-01
   7.7275792e-02   5.6060606e-01   6.0606061e-01   1.6666667e-01
   5.6372218e-02   5.6060606e-01   6.0606061e-01   1.6666667e-01
   4.0053945e-02   5.5492424e-01   5.9469697e-01   0.0000000e+00
   1.8880647e-02   5.4924242e-01   5.8333333e-01   0.0000000e+00
   0.0000000e+00   5.4356061e-01   5.7196970e-01   0.0000000e+00
   5.3944707e-04   5.3787879e-01   5.6060606e-01   0.0000000e+00
   5.3944707e-04   5.3219697e-01   5.4924242e-01   0.0000000e+00
   9.4403237e-04   5.2651515e-01   5.3787879e-01   0.0000000e+00
   1.2542144e-02   5.2083333e-01   5.2651515e-01   0.0000000e+00
   2.2521915e-02   5.1515152e-01   5.1515152e-01   1.6666667e-01
   3.8031018e-02   5.0000000e-01   5.3030303e-01   1.6666667e-01
   6.1362104e-02   5.0000000e-01   5.6060606e-01   1.6666667e-01
   9.1840863e-02   5.1515152e-01   5.7575758e-01   1.6666667e-01
   1.0991234e-01   5.1515152e-01   6.0606061e-01   1.6666667e-01
   1.2178018e-01   5.1515152e-01   6.2121212e-01   1.6666667e-01
   1.2164531e-01   5.3030303e-01   6.3636364e-01   1.6666667e-01
   1.1314902e-01   5.6060606e-01   6.5151515e-01   1.6666667e-01
   9.4133513e-02   5.7575758e-01   6.5151515e-01   1.6666667e-01
   7.5252866e-02   6.0606061e-01   6.5151515e-01   1.6666667e-01
   5.7181389e-02   6.2121212e-01   6.6666667e-01   1.6666667e-01
   4.6931895e-02   6.3636364e-01   6.6666667e-01   1.6666667e-01
   4.4099798e-02   6.5151515e-01   6.6666667e-01   1.6666667e-01
   4.2886042e-02   6.5151515e-01   6.8181818e-01   1.6666667e-01
   4.2616318e-02   6.5151515e-01   6.8181818e-01   1.6666667e-01
   4.1942009e-02   6.5151515e-01   6.8181818e-01   1.6666667e-01
   4.4234659e-02   6.5151515e-01   6.8181818e-01   1.6666667e-01
   3.8570465e-02   6.5151515e-01   6.8181818e-01   1.6666667e-01
   2.7242077e-02   5.9848485e-01   6.2689394e-01   0.0000000e+00
   2.0364127e-02   5.4545455e-01   5.7196970e-01   0.0000000e+00
   4.7201618e-03   4.9242424e-01   5.1704545e-01   0.0000000e+00
   4.0458530e-04   4.3939394e-01   4.6212121e-01   0.0000000e+00
   5.3944707e-04   3.8636364e-01   4.0719697e-01   0.0000000e+00
   6.7430883e-04   3.3333333e-01   3.5227273e-01   0.0000000e+00
   7.0128119e-03   2.8030303e-01   2.9734848e-01   0.0000000e+00
   2.8051247e-02   2.2727273e-01   2.4242424e-01   1.6666667e-01
   6.0957519e-02   2.1212121e-01   2.5757576e-01   1.6666667e-01
   1.8786244e-01   1.9696970e-01   3.3333333e-01   1.6666667e-01
   4.0000000e-01   9.0909091e-02   3.6363636e-01   1.6666667e-01
   6.2993931e-01   6.0606061e-02   5.1515152e-01   1.6666667e-01
   7.8745786e-01   6.0606061e-02   5.3030303e-01   1.6666667e-01
   8.5650708e-01   6.0606061e-02   5.4545455e-01   1.6666667e-01
   8.3857047e-01   6.0606061e-02   5.6060606e-01   1.6666667e-01
   7.8206339e-01   7.5757576e-02   5.7575758e-01   1.6666667e-01
   7.0640593e-01   9.0909091e-02   5.9090909e-01   1.6666667e-01
   6.2670263e-01   1.6666667e-01   5.9090909e-01   1.6666667e-01
   5.2137559e-01   1.9696970e-01   6.0606061e-01   1.6666667e-01
   4.2832097e-01   2.1212121e-01   6.2121212e-01   3.3333333e-01
   3.1463250e-01   2.1212121e-01   6.2121212e-01   3.3333333e-01
   2.3816588e-01   2.1212121e-01   6.2121212e-01   3.3333333e-01
   1.8287256e-01   2.1212121e-01   6.3636364e-01   3.3333333e-01
   1.3351315e-01   2.1212121e-01   6.3636364e-01   3.3333333e-01
   1.0316925e-01   2.1212121e-01   6.3636364e-01   3.3333333e-01
   8.1726231e-02   2.2727273e-01   6.5151515e-01   3.3333333e-01
   7.8084963e-02   2.2727273e-01   6.5151515e-01   3.3333333e-01
   7.4713419e-02   2.2727273e-01   6.5151515e-01   3.3333333e-01
   6.3519892e-02   6.2121212e-01   6.5151515e-01   1.6666667e-01
   5.0573163e-02   6.3636364e-01   6.5151515e-01   1.6666667e-01
   4.2886042e-02   6.3636364e-01   6.6666667e-01   1.6666667e-01
   3.9649359e-02   6.3636364e-01   6.6666667e-01   1.6666667e-01
   3.7626433e-02   6.3636364e-01   6.6666667e-01   1.6666667e-01
   3.6547539e-02   6.3636364e-01   6.5151515e-01   1.6666667e-01
   3.5738368e-02   6.3636364e-01   6.5151515e-01   1.6666667e-01
   3.3310856e-02   6.3636364e-01   6.5151515e-01   1.6666667e-01
   2.9265003e-02   6.3636364e-01   6.3636364e-01   1.6666667e-01
   2.0903574e-02   6.0101010e-01   6.0101010e-01   0.0000000e+00
   1.8476062e-02   5.6565657e-01   5.6565657e-01   0.0000000e+00
   3.7221848e-02   5.3030303e-01   5.3030303e-01   1.6666667e-01
   1.1611598e-01   4.6969697e-01   5.6060606e-01   1.6666667e-01
   1.9379636e-01   4.3939394e-01   5.7575758e-01   1.6666667e-01
   2.3843560e-01   4.2424242e-01   5.9090909e-01   1.6666667e-01
   2.5610249e-01   4.2424242e-01   6.0606061e-01   1.6666667e-01
   2.6446392e-01   4.2424242e-01   6.0606061e-01   1.6666667e-01
   2.7215105e-01   4.0909091e-01   6.0606061e-01   1.6666667e-01
   2.6662171e-01   4.0909091e-01   6.2121212e-01   1.6666667e-01
   2.5987862e-01   4.0909091e-01   6.2121212e-01   3.3333333e-01
   2.5596763e-01   4.2424242e-01   6.3636364e-01   3.3333333e-01
   2.5192178e-01   4.2424242e-01   6.3636364e-01   1.6666667e-01
   2.3897505e-01   4.2424242e-01   6.3636364e-01   1.6666667e-01
   2.2953473e-01   4.3939394e-01   6.3636364e-01   3.3333333e-01
   2.0647336e-01   4.5454545e-01   6.5151515e-01   3.3333333e-01
   1.7612947e-01   4.6969697e-01   6.5151515e-01   3.3333333e-01
   1.5428186e-01   5.0000000e-01   6.5151515e-01   3.3333333e-01
   1.3054619e-01   6.0606061e-01   6.5151515e-01   1.6666667e-01
   1.0586649e-01   6.0606061e-01   6.6666667e-01   1.6666667e-01
   9.7639919e-02   6.0606061e-01   6.6666667e-01   1.6666667e-01
   9.1166554e-02   6.0606061e-01   6.6666667e-01   1.6666667e-01
   8.9278490e-02   6.0606061e-01   6.6666667e-01   1.6666667e-01
   9.0896831e-02   6.0606061e-01   6.6666667e-01   1.6666667e-01
   9.0896831e-02   6.0606061e-01   6.5151515e-01   1.6666667e-01
   9.0492245e-02   5.9090909e-01   6.5151515e-01   1.6666667e-01
   9.4403237e-02   5.9090909e-01   6.5151515e-01   1.6666667e-01
   9.2245448e-02   5.9090909e-01   6.5151515e-01   1.6666667e-01
   8.7120701e-02   5.7575758e-01   6.5151515e-01   1.6666667e-01
   8.5097775e-02   5.7575758e-01   6.3636364e-01   1.6666667e-01
   8.4693189e-02   5.7575758e-01   6.3636364e-01   1.6666667e-01
   7.5118004e-02   5.7575758e-01   6.2121212e-01   1.6666667e-01
   7.3229939e-02   5.7575758e-01   6.2121212e-01   1.6666667e-01
   7.6331760e-02   5.6060606e-01   6.2121212e-01   1.6666667e-01
   7.3904248e-02   5.4545455e-01   6.0606061e-01   1.6666667e-01
   8.5637222e-02   5.4545455e-01   5.9090909e-01   1.6666667e-01
   9.9258260e-02   5.3030303e-01   5.9090909e-01   1.6666667e-01
   1.5118004e-01   4.8484848e-01   5.9090909e-01   1.6666667e-01
   2.1901551e-01   4.5454545e-01   5.9090909e-01   1.6666667e-01
   2.7309508e-01   4.3939394e-01   5.9090909e-01   1.6666667e-01
   3.1368847e-01   4.3939394e-01   5.9090909e-01   1.6666667e-01
   3.2393796e-01   4.2424242e-01   6.0606061e-01   1.6666667e-01
   3.1706001e-01   4.2424242e-01   6.0606061e-01   1.6666667e-01
   3.0209036e-01   4.0909091e-01   6.0606061e-01   1.6666667e-01
   2.8509777e-01   4.0909091e-01   6.2121212e-01   1.6666667e-01
   2.6109238e-01   4.0909091e-01   6.2121212e-01   1.6666667e-01
   2.4598786e-01   4.0909091e-01   6.3636364e-01   3.3333333e-01
   2.1483479e-01   4.0909091e-01   6.3636364e-01   3.3333333e-01
   1.8610924e-01   4.0909091e-01   6.3636364e-01   3.3333333e-01
   1.7734322e-01   4.0909091e-01   6.3636364e-01   3.3333333e-01
   1.6952124e-01   4.0909091e-01   6.3636364e-01   3.3333333e-01
   1.7073500e-01   4.2424242e-01   6.5151515e-01   3.3333333e-01
   1.8381659e-01   4.2424242e-01   6.3636364e-01   3.3333333e-01
   2.0202293e-01   4.2424242e-01   6.3636364e-01   3.3333333e-01
   4.4612272e-01   1.5151515e-01   6.2121212e-01   5.0000000e-01
   7.3944707e-01   1.5151515e-02   6.2121212e-01   3.3333333e-01
   9.4565071e-01   1.5151515e-02   5.9090909e-01   3.3333333e-01
   1.0000000e+00   0.0000000e+00   5.6060606e-01   1.6666667e-01
   9.6871207e-01   0.0000000e+00   5.6060606e-01   1.6666667e-01
   9.0424815e-01   0.0000000e+00   5.7575758e-01   1.6666667e-01
   8.3020904e-01   0.0000000e+00   5.7575758e-01   1.6666667e-01
   7.1867835e-01   1.5151515e-02   5.9090909e-01   1.6666667e-01
   5.8017532e-01   3.0303030e-02   5.9090909e-01   3.3333333e-01
   4.1968982e-01   4.5454545e-02   6.0606061e-01   3.3333333e-01
   2.7660148e-01   4.0909091e-01   6.0606061e-01   1.6666667e-01
   1.7950101e-01   4.8484848e-01   6.0606061e-01   3.3333333e-01
   1.0060688e-01   5.7575758e-01   6.2121212e-01   1.6666667e-01
   5.7046527e-02   5.7575758e-01   6.2121212e-01   1.6666667e-01
   5.2461227e-02   5.9090909e-01   6.2121212e-01   1.6666667e-01
   4.6662171e-02   5.9090909e-01   6.2121212e-01   1.6666667e-01
   3.8165880e-02   5.9090909e-01   6.2121212e-01   1.6666667e-01
   3.4254889e-02   6.0606061e-01   6.2121212e-01   1.6666667e-01
   2.9130142e-02   6.0606061e-01   6.0606061e-01   1.6666667e-01
   2.2926500e-02   6.0606061e-01   6.0606061e-01   0.0000000e+00
