   1.8000000e+02
   5.4890338e-02   1.9444444e-01   2.2222222e-01   1.6666667e-01
   1.3491405e-01   1.6666667e-01   5.6944444e-01   3.3333333e-01
   2.2916420e-01   1.1111111e-01   5.8333333e-01   3.3333333e-01
   3.0337878e-01   9.7222222e-02   5.9722222e-01   3.3333333e-01
   3.5222288e-01   8.3333333e-02   5.9722222e-01   3.3333333e-01
   3.8399526e-01   4.1666667e-02   6.1111111e-01   3.3333333e-01
   3.9490219e-01   1.3888889e-02   6.1111111e-01   5.0000000e-01
   3.8257261e-01   1.3888889e-02   6.2500000e-01   5.0000000e-01
   3.4036752e-01   1.3888889e-02   6.2500000e-01   5.0000000e-01
   3.0171903e-01   0.0000000e+00   6.3888889e-01   5.0000000e-01
   2.6639004e-01   0.0000000e+00   6.5277778e-01   5.0000000e-01
   2.2643746e-01   0.0000000e+00   6.5277778e-01   5.0000000e-01
   2.1398933e-01   0.0000000e+00   6.6666667e-01   5.0000000e-01
   1.9822170e-01   1.3888889e-02   6.6666667e-01   5.0000000e-01
   1.9122703e-01   3.3333333e-01   6.8055556e-01   3.3333333e-01
   2.0320095e-01   0.0000000e+00   6.8055556e-01   5.0000000e-01
   2.6496740e-01   0.0000000e+00   6.8055556e-01   5.0000000e-01
   3.4925904e-01   0.0000000e+00   6.9444444e-01   5.0000000e-01
   4.4481328e-01   0.0000000e+00   6.9444444e-01   5.0000000e-01
   5.1713100e-01   1.3888889e-02   6.9444444e-01   5.0000000e-01
   6.1375222e-01   2.7777778e-02   6.9444444e-01   5.0000000e-01
   7.8601067e-01   4.1666667e-02   6.9444444e-01   3.3333333e-01
   9.3242442e-01   5.5555556e-02   6.9444444e-01   1.6666667e-01
   1.0000000e+00   8.3333333e-02   6.9444444e-01   1.6666667e-01
   9.7451097e-01   1.1111111e-01   6.9444444e-01   1.6666667e-01
   9.1084766e-01   1.3888889e-01   6.9444444e-01   1.6666667e-01
   8.2359218e-01   1.8055556e-01   6.8055556e-01   1.6666667e-01
   6.9033788e-01   2.0833333e-01   6.8055556e-01   1.6666667e-01
   5.4427979e-01   2.3611111e-01   6.8055556e-01   1.6666667e-01
   4.3200948e-01   2.6388889e-01   6.6666667e-01   1.6666667e-01
   3.1962063e-01   3.0555556e-01   6.5277778e-01   1.6666667e-01
   2.0426793e-01   3.7500000e-01   5.8333333e-01   3.3333333e-01
   1.0634262e-01   3.8402778e-01   5.8194444e-01   0.0000000e+00
   0.0000000e+00   3.9305556e-01   5.8055556e-01   0.0000000e+00
   6.6390041e-03   4.0208333e-01   5.7916667e-01   0.0000000e+00
   6.6390041e-03   4.1111111e-01   5.7777778e-01   0.0000000e+00
   6.6390041e-03   4.2013889e-01   5.7638889e-01   0.0000000e+00
   6.6390041e-03   4.2916667e-01   5.7500000e-01   0.0000000e+00
   6.6390041e-03   4.3819444e-01   5.7361111e-01   0.0000000e+00
   6.6390041e-03   4.4722222e-01   5.7222222e-01   0.0000000e+00
   6.6390041e-03   4.5625000e-01   5.7083333e-01   0.0000000e+00
   6.6390041e-03   4.6527778e-01   5.6944444e-01   0.0000000e+00
   6.6390041e-03   4.7430556e-01   5.6805556e-01   0.0000000e+00
   6.6390041e-03   4.8333333e-01   5.6666667e-01   0.0000000e+00
   6.6390041e-03   4.9236111e-01   5.6527778e-01   0.0000000e+00
   6.6390041e-03   5.0138889e-01   5.6388889e-01   0.0000000e+00
   6.6390041e-03   5.1041667e-01   5.6250000e-01   0.0000000e+00
   6.6390041e-03   5.1944444e-01   5.6111111e-01   0.0000000e+00
   6.6390041e-03   5.2847222e-01   5.5972222e-01   0.0000000e+00
   6.0462359e-03   5.3750000e-01   5.5833333e-01   0.0000000e+00
   9.7213989e-03   5.4652778e-01   5.5694444e-01   0.0000000e+00
   4.3509188e-02   5.5555556e-01   5.5555556e-01   1.6666667e-01
   9.6502667e-02   5.1388889e-01   5.9722222e-01   1.6666667e-01
   1.4546532e-01   5.1388889e-01   6.1111111e-01   1.6666667e-01
   1.6265560e-01   5.0000000e-01   6.1111111e-01   1.6666667e-01
   1.6976882e-01   5.0000000e-01   6.2500000e-01   1.6666667e-01
   1.7131002e-01   4.8611111e-01   6.2500000e-01   1.6666667e-01
   1.7119146e-01   4.8611111e-01   6.3888889e-01   1.6666667e-01
   1.6016598e-01   4.8611111e-01   6.3888889e-01   1.6666667e-01
   1.4534677e-01   4.8611111e-01   6.3888889e-01   3.3333333e-01
   1.3112033e-01   4.8611111e-01   6.5277778e-01   3.3333333e-01
   1.1404861e-01   4.8611111e-01   6.5277778e-01   3.3333333e-01
   1.0183758e-01   4.8611111e-01   6.5277778e-01   3.3333333e-01
   1.0195614e-01   4.8611111e-01   6.5277778e-01   3.3333333e-01
   1.0349733e-01   4.8611111e-01   6.5277778e-01   3.3333333e-01
   1.0693539e-01   4.8611111e-01   6.5277778e-01   3.3333333e-01
   1.1855365e-01   4.8611111e-01   6.5277778e-01   3.3333333e-01
   1.5874333e-01   4.8611111e-01   6.5277778e-01   3.3333333e-01
   2.0486070e-01   4.8611111e-01   6.5277778e-01   1.6666667e-01
   2.3864849e-01   5.0000000e-01   6.3888889e-01   1.6666667e-01
   2.5109662e-01   4.8611111e-01   6.3888889e-01   1.6666667e-01
   2.8606995e-01   4.5833333e-01   6.2500000e-01   1.6666667e-01
   3.5032602e-01   4.1666667e-01   6.2500000e-01   1.6666667e-01
   4.1659751e-01   3.8888889e-01   6.2500000e-01   1.6666667e-01
   4.7480735e-01   3.7500000e-01   6.2500000e-01   1.6666667e-01
   5.4641375e-01   3.1944444e-01   6.3888889e-01   1.6666667e-01
   6.2062833e-01   2.9166667e-01   6.3888889e-01   1.6666667e-01
   6.9365738e-01   2.6388889e-01   6.5277778e-01   1.6666667e-01
   7.5423829e-01   2.3611111e-01   6.5277778e-01   1.6666667e-01
   7.9110848e-01   2.2222222e-01   6.5277778e-01   1.6666667e-01
   7.6976882e-01   2.0833333e-01   6.6666667e-01   1.6666667e-01
   7.0349733e-01   2.0833333e-01   6.6666667e-01   1.6666667e-01
   6.1588619e-01   1.9444444e-01   6.6666667e-01   1.6666667e-01
   5.0740960e-01   1.9444444e-01   6.8055556e-01   1.6666667e-01
   4.0841731e-01   2.0833333e-01   6.8055556e-01   3.3333333e-01
   2.9934795e-01   2.0833333e-01   6.8055556e-01   3.3333333e-01
   2.0165975e-01   2.2222222e-01   6.8055556e-01   3.3333333e-01
   1.2578542e-01   6.5277778e-01   6.8055556e-01   1.6666667e-01
   5.8446947e-02   6.5277778e-01   6.9444444e-01   1.6666667e-01
   4.8014226e-02   6.5277778e-01   6.8055556e-01   1.6666667e-01
   4.4576171e-02   6.5277778e-01   6.8055556e-01   1.6666667e-01
   4.3390634e-02   6.5277778e-01   6.8055556e-01   1.6666667e-01
   4.5998814e-02   6.5277778e-01   6.6666667e-01   1.6666667e-01
   4.1019561e-02   6.3888889e-01   6.6666667e-01   1.6666667e-01
   5.1570836e-02   6.3888889e-01   6.6666667e-01   3.3333333e-01
   1.0646117e-01   5.5555556e-01   6.3888889e-01   1.6666667e-01
   1.8435092e-01   5.0000000e-01   6.3888889e-01   1.6666667e-01
   2.5263782e-01   4.8611111e-01   6.3888889e-01   1.6666667e-01
   2.8417309e-01   4.8611111e-01   6.3888889e-01   1.6666667e-01
   2.8784825e-01   4.8611111e-01   6.3888889e-01   1.6666667e-01
   2.6330765e-01   4.8611111e-01   6.5277778e-01   1.6666667e-01
   2.2868998e-01   5.0000000e-01   6.5277778e-01   1.6666667e-01
   1.9822170e-01   5.0000000e-01   6.5277778e-01   1.6666667e-01
   1.7178423e-01   5.1388889e-01   6.6666667e-01   1.6666667e-01
   1.3894487e-01   5.2777778e-01   6.6666667e-01   1.6666667e-01
   1.2246592e-01   2.2222222e-01   6.8055556e-01   3.3333333e-01
   1.3396562e-01   2.2222222e-01   6.8055556e-01   3.3333333e-01
   1.3870777e-01   2.0833333e-01   6.8055556e-01   3.3333333e-01
   1.5103734e-01   2.0833333e-01   6.8055556e-01   3.3333333e-01
   1.5376408e-01   2.0833333e-01   6.9444444e-01   3.3333333e-01
   1.4048607e-01   2.2222222e-01   6.8055556e-01   3.3333333e-01
   1.1807943e-01   2.2222222e-01   6.8055556e-01   3.3333333e-01
   1.0574985e-01   2.3611111e-01   6.8055556e-01   3.3333333e-01
   8.2513337e-02   2.5000000e-01   6.8055556e-01   3.3333333e-01
   5.8091286e-02   2.6388889e-01   2.7777778e-01   1.6666667e-01
   4.4576171e-02   6.5277778e-01   6.5277778e-01   1.6666667e-01
   3.2957913e-02   6.3888889e-01   6.5277778e-01   1.6666667e-01
   3.4262004e-02   6.3888889e-01   6.5277778e-01   1.6666667e-01
   3.0468287e-02   6.5277778e-01   6.5277778e-01   1.6666667e-01
   2.2525193e-02   6.2037037e-01   6.2962963e-01   0.0000000e+00
   2.7030231e-02   5.8796296e-01   6.0648148e-01   0.0000000e+00
   5.6787196e-02   5.5555556e-01   5.8333333e-01   1.6666667e-01
   1.0598696e-01   5.4166667e-01   6.1111111e-01   1.6666667e-01
   1.5435685e-01   5.2777778e-01   6.1111111e-01   1.6666667e-01
   1.8933017e-01   5.1388889e-01   6.2500000e-01   1.6666667e-01
   2.0569057e-01   5.0000000e-01   6.3888889e-01   1.6666667e-01
   2.0628334e-01   5.0000000e-01   6.3888889e-01   1.6666667e-01
   2.0841731e-01   5.0000000e-01   6.5277778e-01   1.6666667e-01
   1.9928868e-01   5.0000000e-01   6.5277778e-01   1.6666667e-01
   1.8933017e-01   5.0000000e-01   6.5277778e-01   1.6666667e-01
   1.7581506e-01   5.0000000e-01   6.6666667e-01   3.3333333e-01
   1.6633076e-01   5.0000000e-01   6.6666667e-01   3.3333333e-01
   1.6265560e-01   5.0000000e-01   6.6666667e-01   3.3333333e-01
   1.6147007e-01   5.0000000e-01   6.5277778e-01   3.3333333e-01
   1.6478957e-01   5.0000000e-01   6.5277778e-01   3.3333333e-01
   1.6893894e-01   5.0000000e-01   6.6666667e-01   3.3333333e-01
   1.8245406e-01   5.1388889e-01   6.6666667e-01   3.3333333e-01
   1.8802608e-01   5.1388889e-01   6.6666667e-01   1.6666667e-01
   1.8838174e-01   5.1388889e-01   6.5277778e-01   1.6666667e-01
   2.0841731e-01   5.0000000e-01   6.5277778e-01   1.6666667e-01
   2.6496740e-01   4.7222222e-01   6.3888889e-01   1.6666667e-01
   3.4712507e-01   3.8888889e-01   6.1111111e-01   1.6666667e-01
   4.3355068e-01   3.4722222e-01   6.1111111e-01   1.6666667e-01
   5.1713100e-01   3.0555556e-01   5.9722222e-01   1.6666667e-01
   5.7949022e-01   2.7777778e-01   5.9722222e-01   1.6666667e-01
   6.2548903e-01   2.6388889e-01   6.1111111e-01   1.6666667e-01
   6.5038530e-01   2.5000000e-01   6.1111111e-01   1.6666667e-01
   6.5358625e-01   2.5000000e-01   6.2500000e-01   1.6666667e-01
   6.1007706e-01   2.6388889e-01   6.2500000e-01   1.6666667e-01
   5.1926497e-01   2.6388889e-01   6.3888889e-01   1.6666667e-01
   4.2809721e-01   2.7777778e-01   6.3888889e-01   1.6666667e-01
   3.4024896e-01   2.9166667e-01   6.3888889e-01   1.6666667e-01
   2.4516894e-01   3.1944444e-01   6.5277778e-01   3.3333333e-01
   1.5767635e-01   3.6111111e-01   6.5277778e-01   3.3333333e-01
   6.2003557e-02   6.2500000e-01   6.5277778e-01   1.6666667e-01
   5.3349140e-02   6.3888889e-01   6.6666667e-01   1.6666667e-01
   5.5601660e-02   6.3888889e-01   6.6666667e-01   1.6666667e-01
   6.0580913e-02   6.3888889e-01   6.6666667e-01   1.6666667e-01
   6.2477771e-02   6.3888889e-01   6.6666667e-01   1.6666667e-01
   6.6271488e-02   6.3888889e-01   6.8055556e-01   1.6666667e-01
   7.0776526e-02   6.2500000e-01   6.8055556e-01   1.6666667e-01
   7.6822762e-02   6.2500000e-01   6.6666667e-01   1.6666667e-01
   7.8245406e-02   6.2500000e-01   6.6666667e-01   1.6666667e-01
   8.3106106e-02   6.2500000e-01   6.6666667e-01   1.6666667e-01
   8.5832839e-02   6.1111111e-01   6.6666667e-01   1.6666667e-01
   9.3420273e-02   5.9722222e-01   6.6666667e-01   1.6666667e-01
   1.0243035e-01   5.8333333e-01   6.6666667e-01   1.6666667e-01
   1.0717250e-01   5.6944444e-01   6.3888889e-01   1.6666667e-01
   1.1630113e-01   5.6944444e-01   6.2500000e-01   1.6666667e-01
   1.2056906e-01   5.5555556e-01   6.2500000e-01   1.6666667e-01
   1.1855365e-01   5.5555556e-01   6.2500000e-01   1.6666667e-01
   1.1381150e-01   5.5555556e-01   6.2500000e-01   1.6666667e-01
   1.3135744e-01   5.0000000e-01   6.1111111e-01   3.3333333e-01
   1.3918198e-01   4.8611111e-01   6.1111111e-01   3.3333333e-01
   1.3835210e-01   4.8611111e-01   5.9722222e-01   1.6666667e-01
   1.3005335e-01   4.8611111e-01   5.4166667e-01   1.6666667e-01
   1.1796088e-01   4.7222222e-01   5.4166667e-01   1.6666667e-01
   9.4013041e-02   4.7222222e-01   5.4166667e-01   1.6666667e-01
   7.4214582e-02   4.8611111e-01   5.2777778e-01   1.6666667e-01
   4.8844102e-02   5.0000000e-01   5.1388889e-01   1.6666667e-01
