   2.8000000e+02
   2.5202092e-02   4.1509434e-01   4.1509434e-01   0.0000000e+00
   2.6787129e-02   4.1509434e-01   4.1509434e-01   0.0000000e+00
   3.1700745e-02   4.1509434e-01   4.1509434e-01   0.0000000e+00
   2.5836107e-02   4.1509434e-01   4.1509434e-01   0.0000000e+00
   3.1383738e-02   4.1509434e-01   4.1509434e-01   0.0000000e+00
   3.1383738e-02   4.1509434e-01   4.1509434e-01   1.6666667e-01
   3.3127278e-02   4.1509434e-01   4.1509434e-01   1.6666667e-01
   3.7248375e-02   4.1509434e-01   4.3396226e-01   1.6666667e-01
   6.5937550e-02   3.9622642e-01   4.3396226e-01   1.6666667e-01
   1.7055001e-01   3.7735849e-01   4.5283019e-01   1.6666667e-01
   3.5330480e-01   3.5849057e-01   6.4150943e-01   1.6666667e-01
   5.0958948e-01   3.5849057e-01   6.7924528e-01   1.6666667e-01
   6.0643525e-01   3.5849057e-01   6.9811321e-01   1.6666667e-01
   6.2165161e-01   3.5849057e-01   7.1698113e-01   1.6666667e-01
   5.6871136e-01   3.5849057e-01   7.1698113e-01   1.6666667e-01
   5.0134728e-01   3.5849057e-01   7.3584906e-01   1.6666667e-01
   4.3540973e-01   3.7735849e-01   7.3584906e-01   1.6666667e-01
   3.6487557e-01   3.7735849e-01   7.3584906e-01   1.6666667e-01
   2.8752576e-01   3.9622642e-01   7.3584906e-01   1.6666667e-01
   2.1398003e-01   3.9622642e-01   7.3584906e-01   3.3333333e-01
   1.1998732e-01   4.1509434e-01   7.3584906e-01   3.3333333e-01
   9.5419242e-02   6.9811321e-01   7.3584906e-01   1.6666667e-01
   7.4813758e-02   6.9811321e-01   7.3584906e-01   1.6666667e-01
   5.4683785e-02   6.9811321e-01   7.3584906e-01   1.6666667e-01
   4.4381043e-02   6.9811321e-01   7.1698113e-01   1.6666667e-01
   4.6917103e-02   6.9811321e-01   7.1698113e-01   1.6666667e-01
   4.8660644e-02   6.7924528e-01   6.8867925e-01   0.0000000e+00
   4.0735457e-02   6.6037736e-01   6.6037736e-01   1.6666667e-01
   3.7248375e-02   6.4150943e-01   6.6037736e-01   1.6666667e-01
   4.2003487e-02   6.4150943e-01   6.4150943e-01   1.6666667e-01
   4.3113013e-02   6.0377358e-01   6.0377358e-01   0.0000000e+00
   6.7839594e-02   5.6603774e-01   5.6603774e-01   1.6666667e-01
   1.0492947e-01   5.0943396e-01   5.8490566e-01   1.6666667e-01
   1.4090981e-01   4.9056604e-01   5.8490566e-01   1.6666667e-01
   1.9131400e-01   4.7169811e-01   5.8490566e-01   1.6666667e-01
   2.8625773e-01   4.1509434e-01   6.0377358e-01   1.6666667e-01
   4.4618799e-01   3.3962264e-01   6.4150943e-01   1.6666667e-01
   6.8140751e-01   1.8867925e-01   6.7924528e-01   1.6666667e-01
   8.4466635e-01   1.8867925e-01   6.9811321e-01   1.6666667e-01
   9.7622444e-01   1.6981132e-01   7.1698113e-01   1.6666667e-01
   1.0000000e+00   0.0000000e+00   7.1698113e-01   1.6666667e-01
   9.9286733e-01   0.0000000e+00   7.3584906e-01   1.6666667e-01
   9.3580599e-01   0.0000000e+00   7.3584906e-01   1.6666667e-01
   8.4070376e-01   0.0000000e+00   7.3584906e-01   3.3333333e-01
   7.4037090e-01   2.4528302e-01   7.3584906e-01   1.6666667e-01
   6.0976383e-01   0.0000000e+00   7.3584906e-01   3.3333333e-01
   5.5143446e-01   0.0000000e+00   7.3584906e-01   3.3333333e-01
   5.8202568e-01   0.0000000e+00   7.3584906e-01   6.6666667e-01
   5.8836583e-01   0.0000000e+00   7.1698113e-01   3.3333333e-01
   5.8614677e-01   0.0000000e+00   6.4150943e-01   3.3333333e-01
   5.3732763e-01   1.8867925e-02   6.2264151e-01   3.3333333e-01
   4.6457442e-01   3.7735849e-02   6.0377358e-01   3.3333333e-01
   4.0196545e-01   5.6603774e-02   6.2264151e-01   3.3333333e-01
   3.5853543e-01   9.4339623e-02   6.2264151e-01   3.3333333e-01
   2.9893803e-01   1.1320755e-01   6.4150943e-01   3.3333333e-01
   2.5249643e-01   1.6981132e-01   6.6037736e-01   3.3333333e-01
   1.9115549e-01   5.4716981e-01   6.6037736e-01   1.6666667e-01
   1.5469964e-01   5.6603774e-01   6.6037736e-01   1.6666667e-01
   1.3298463e-01   5.8490566e-01   6.7924528e-01   1.6666667e-01
   1.1253764e-01   6.0377358e-01   6.7924528e-01   1.6666667e-01
   1.0160089e-01   6.2264151e-01   6.7924528e-01   1.6666667e-01
   9.1139642e-02   6.4150943e-01   6.9811321e-01   1.6666667e-01
   8.6226026e-02   6.4150943e-01   6.9811321e-01   1.6666667e-01
   7.6398795e-02   6.4150943e-01   6.9811321e-01   1.6666667e-01
   7.5289269e-02   6.6037736e-01   6.9811321e-01   1.6666667e-01
   6.7998098e-02   6.6037736e-01   6.9811321e-01   1.6666667e-01
   5.9755904e-02   6.6037736e-01   6.9811321e-01   1.6666667e-01
   4.9294658e-02   6.7924528e-01   6.9811321e-01   1.6666667e-01
   3.9942939e-02   6.6666667e-01   6.7924528e-01   0.0000000e+00
   3.0591219e-02   6.5408805e-01   6.6037736e-01   0.0000000e+00
   3.0908226e-02   6.4150943e-01   6.4150943e-01   1.6666667e-01
   2.8372167e-02   6.4150943e-01   6.4150943e-01   1.6666667e-01
   3.1066730e-02   6.4150943e-01   6.6037736e-01   1.6666667e-01
   3.1542241e-02   6.4150943e-01   6.6037736e-01   1.6666667e-01
   4.5332065e-02   6.4150943e-01   6.4150943e-01   1.6666667e-01
   1.1824378e-01   5.2830189e-01   6.2264151e-01   1.6666667e-01
   1.9147250e-01   5.0943396e-01   6.4150943e-01   1.6666667e-01
   2.5217943e-01   4.9056604e-01   6.4150943e-01   1.6666667e-01
   2.8942780e-01   4.9056604e-01   6.6037736e-01   1.6666667e-01
   3.1399588e-01   4.9056604e-01   6.6037736e-01   1.6666667e-01
   3.2937074e-01   4.7169811e-01   6.6037736e-01   1.6666667e-01
   3.3365034e-01   4.5283019e-01   6.6037736e-01   1.6666667e-01
   3.1573942e-01   4.5283019e-01   6.7924528e-01   1.6666667e-01
   2.9307339e-01   4.5283019e-01   6.7924528e-01   1.6666667e-01
   2.6723728e-01   4.5283019e-01   6.7924528e-01   1.6666667e-01
   2.3965763e-01   4.5283019e-01   6.7924528e-01   3.3333333e-01
   2.0637185e-01   4.5283019e-01   6.7924528e-01   3.3333333e-01
   1.9178951e-01   4.5283019e-01   6.7924528e-01   3.3333333e-01
   1.9226502e-01   4.7169811e-01   6.7924528e-01   3.3333333e-01
   2.0399429e-01   4.7169811e-01   6.7924528e-01   1.6666667e-01
   2.2697733e-01   4.7169811e-01   6.6037736e-01   1.6666667e-01
   2.4330322e-01   4.9056604e-01   6.4150943e-01   1.6666667e-01
   2.3759708e-01   4.9056604e-01   6.4150943e-01   1.6666667e-01
   2.1968616e-01   4.9056604e-01   6.4150943e-01   1.6666667e-01
   1.9337454e-01   5.0943396e-01   6.2264151e-01   1.6666667e-01
   1.6817245e-01   5.0943396e-01   6.2264151e-01   1.6666667e-01
   1.3932477e-01   5.2830189e-01   6.2264151e-01   1.6666667e-01
   1.1269615e-01   5.4716981e-01   6.2264151e-01   1.6666667e-01
   8.8920590e-02   5.6603774e-01   6.2264151e-01   1.6666667e-01
   6.9741639e-02   5.8490566e-01   6.4150943e-01   1.6666667e-01
   5.6268822e-02   6.0377358e-01   6.4150943e-01   1.6666667e-01
   4.9136155e-02   6.0377358e-01   6.4150943e-01   1.6666667e-01
   4.1210968e-02   6.2264151e-01   6.4150943e-01   1.6666667e-01
   3.2810271e-02   6.0646900e-01   6.2533693e-01   0.0000000e+00
   2.0763988e-02   5.9029650e-01   6.0916442e-01   0.0000000e+00
   1.4899350e-02   5.7412399e-01   5.9299191e-01   0.0000000e+00
   2.3775559e-02   5.5795148e-01   5.7681941e-01   0.0000000e+00
   3.6138849e-02   5.4177898e-01   5.6064690e-01   0.0000000e+00
   5.7536852e-02   5.2560647e-01   5.4447439e-01   0.0000000e+00
   6.9583135e-02   5.0943396e-01   5.2830189e-01   1.6666667e-01
   1.4027580e-01   3.9622642e-01   5.2830189e-01   3.3333333e-01
   3.2873673e-01   1.3207547e-01   5.4716981e-01   3.3333333e-01
   5.5951815e-01   1.3207547e-01   5.4716981e-01   1.6666667e-01
   7.5083214e-01   1.1320755e-01   5.8490566e-01   1.6666667e-01
   8.5084799e-01   1.1320755e-01   6.2264151e-01   1.6666667e-01
   8.8048819e-01   1.3207547e-01   6.4150943e-01   1.6666667e-01
   8.5338405e-01   1.3207547e-01   6.6037736e-01   1.6666667e-01
   7.8364242e-01   1.5094340e-01   6.6037736e-01   1.6666667e-01
   6.9313679e-01   1.5094340e-01   6.7924528e-01   1.6666667e-01
   5.8630528e-01   1.8867925e-01   6.7924528e-01   1.6666667e-01
   4.6806150e-01   2.2641509e-01   6.7924528e-01   1.6666667e-01
   3.6138849e-01   4.1509434e-01   6.7924528e-01   1.6666667e-01
   2.3696307e-01   4.5283019e-01   6.7924528e-01   1.6666667e-01
   1.7276906e-01   4.7169811e-01   6.7924528e-01   3.3333333e-01
   1.1586622e-01   4.7169811e-01   5.2830189e-01   1.6666667e-01
   5.5159296e-02   4.7169811e-01   5.2830189e-01   1.6666667e-01
   4.2796006e-02   4.9056604e-01   5.0943396e-01   1.6666667e-01
   3.5663338e-02   4.9056604e-01   4.9056604e-01   1.6666667e-01
   2.6787129e-02   4.9056604e-01   4.9056604e-01   1.6666667e-01
   2.4251070e-02   4.9056604e-01   4.9056604e-01   1.6666667e-01
   1.6484387e-02   4.8911466e-01   4.8911466e-01   0.0000000e+00
   1.2363291e-02   4.8766328e-01   4.8766328e-01   0.0000000e+00
   0.0000000e+00   4.8621190e-01   4.8621190e-01   0.0000000e+00
   7.9251862e-04   4.8476052e-01   4.8476052e-01   0.0000000e+00
   7.9251862e-04   4.8330914e-01   4.8330914e-01   0.0000000e+00
   7.9251862e-04   4.8185776e-01   4.8185776e-01   0.0000000e+00
   7.9251862e-04   4.8040639e-01   4.8040639e-01   0.0000000e+00
   7.9251862e-04   4.7895501e-01   4.7895501e-01   0.0000000e+00
   7.9251862e-04   4.7750363e-01   4.7750363e-01   0.0000000e+00
   7.9251862e-04   4.7605225e-01   4.7605225e-01   0.0000000e+00
   6.3401490e-04   4.7460087e-01   4.7460087e-01   0.0000000e+00
   1.9020447e-03   4.7314949e-01   4.7314949e-01   0.0000000e+00
   2.2824536e-02   4.7169811e-01   4.7169811e-01   1.6666667e-01
   8.2263433e-02   4.5283019e-01   5.0943396e-01   1.6666667e-01
   1.5200507e-01   4.3396226e-01   5.2830189e-01   1.6666667e-01
   2.1524806e-01   4.1509434e-01   5.4716981e-01   1.6666667e-01
   2.5915359e-01   3.9622642e-01   5.4716981e-01   1.6666667e-01
   2.8815977e-01   3.9622642e-01   5.6603774e-01   1.6666667e-01
   2.9101284e-01   3.7735849e-01   5.8490566e-01   1.6666667e-01
   2.8007608e-01   3.7735849e-01   6.0377358e-01   1.6666667e-01
   2.6501823e-01   3.7735849e-01   6.0377358e-01   1.6666667e-01
   2.4853384e-01   3.7735849e-01   6.2264151e-01   1.6666667e-01
   2.1746711e-01   3.7735849e-01   6.2264151e-01   3.3333333e-01
   1.9099699e-01   3.9622642e-01   6.4150943e-01   3.3333333e-01
   1.5549215e-01   3.9622642e-01   6.4150943e-01   3.3333333e-01
   1.6151530e-01   3.9622642e-01   6.4150943e-01   3.3333333e-01
   1.7815819e-01   3.9622642e-01   6.6037736e-01   3.3333333e-01
   1.9670312e-01   3.9622642e-01   6.6037736e-01   3.3333333e-01
   2.0240926e-01   4.1509434e-01   6.6037736e-01   3.3333333e-01
   1.9020447e-01   4.1509434e-01   6.6037736e-01   3.3333333e-01
   1.6959899e-01   4.3396226e-01   6.6037736e-01   3.3333333e-01
   1.4075131e-01   4.3396226e-01   6.6037736e-01   3.3333333e-01
   1.2268188e-01   4.5283019e-01   6.6037736e-01   3.3333333e-01
   9.9223332e-02   4.7169811e-01   6.6037736e-01   3.3333333e-01
   7.5447773e-02   4.9056604e-01   6.6037736e-01   3.3333333e-01
   5.3732763e-02   6.6037736e-01   6.6037736e-01   1.6666667e-01
   3.2810271e-02   6.6037736e-01   6.6037736e-01   1.6666667e-01
   2.7579648e-02   6.6037736e-01   6.6037736e-01   1.6666667e-01
   3.1859249e-02   6.4150943e-01   6.4150943e-01   1.6666667e-01
   2.7896656e-02   6.4150943e-01   6.4150943e-01   1.6666667e-01
   2.8689174e-02   6.4150943e-01   6.4150943e-01   1.6666667e-01
   3.0749723e-02   6.4150943e-01   6.4150943e-01   1.6666667e-01
   3.9625931e-02   6.2264151e-01   6.4150943e-01   1.6666667e-01
   4.5490569e-02   6.2264151e-01   6.4150943e-01   1.6666667e-01
   7.0692661e-02   6.0377358e-01   6.4150943e-01   1.6666667e-01
   1.5263909e-01   4.9056604e-01   6.4150943e-01   1.6666667e-01
   2.7088287e-01   4.1509434e-01   6.4150943e-01   1.6666667e-01
   3.7501981e-01   3.9622642e-01   6.4150943e-01   1.6666667e-01
   4.3128864e-01   3.9622642e-01   6.2264151e-01   1.6666667e-01
   4.4634649e-01   3.7735849e-01   6.2264151e-01   1.6666667e-01
   4.6679347e-01   3.7735849e-01   6.2264151e-01   1.6666667e-01
   4.7709621e-01   3.7735849e-01   6.2264151e-01   1.6666667e-01
   4.8422888e-01   3.7735849e-01   6.2264151e-01   1.6666667e-01
   4.8882549e-01   3.7735849e-01   6.4150943e-01   1.6666667e-01
   4.9009352e-01   3.7735849e-01   6.4150943e-01   1.6666667e-01
   4.8296085e-01   3.7735849e-01   6.4150943e-01   1.6666667e-01
   4.8121731e-01   3.7735849e-01   6.4150943e-01   1.6666667e-01
   4.6901252e-01   3.9622642e-01   6.4150943e-01   1.6666667e-01
   4.5062609e-01   3.9622642e-01   6.6037736e-01   1.6666667e-01
   4.1575527e-01   4.1509434e-01   6.6037736e-01   1.6666667e-01
   3.6741163e-01   4.1509434e-01   6.6037736e-01   1.6666667e-01
   3.0718022e-01   4.3396226e-01   6.6037736e-01   1.6666667e-01
   2.5265494e-01   4.5283019e-01   6.6037736e-01   1.6666667e-01
   2.0399429e-01   4.7169811e-01   6.4150943e-01   1.6666667e-01
   1.6500238e-01   4.9056604e-01   6.4150943e-01   1.6666667e-01
   1.3599620e-01   5.0943396e-01   6.4150943e-01   1.6666667e-01
   1.1253764e-01   5.2830189e-01   6.2264151e-01   1.6666667e-01
   8.9871612e-02   5.2830189e-01   6.0377358e-01   1.6666667e-01
   7.1009669e-02   5.2830189e-01   5.8490566e-01   1.6666667e-01
   6.0865430e-02   5.2830189e-01   5.4716981e-01   1.6666667e-01
   4.8343636e-02   5.2830189e-01   5.2830189e-01   1.6666667e-01
   3.8199398e-02   5.1698113e-01   5.2075472e-01   0.0000000e+00
   2.8055159e-02   5.0566038e-01   5.1320755e-01   0.0000000e+00
   2.0288477e-02   4.9433962e-01   5.0566038e-01   0.0000000e+00
   2.2349025e-02   4.8301887e-01   4.9811321e-01   0.0000000e+00
   4.6283088e-02   4.7169811e-01   4.9056604e-01   1.6666667e-01
   1.2394991e-01   4.7169811e-01   5.4716981e-01   1.6666667e-01
   2.1572357e-01   4.7169811e-01   6.4150943e-01   1.6666667e-01
   3.0765573e-01   4.7169811e-01   6.6037736e-01   1.6666667e-01
   3.5330480e-01   4.7169811e-01   6.6037736e-01   1.6666667e-01
   3.5441433e-01   4.7169811e-01   6.7924528e-01   1.6666667e-01
   3.5092725e-01   4.7169811e-01   6.7924528e-01   1.6666667e-01
   3.4648914e-01   4.9056604e-01   6.7924528e-01   1.6666667e-01
   3.3095578e-01   4.9056604e-01   6.9811321e-01   1.6666667e-01
   3.1193533e-01   4.9056604e-01   6.9811321e-01   1.6666667e-01
   2.9402441e-01   4.7169811e-01   6.9811321e-01   1.6666667e-01
   2.7785703e-01   4.7169811e-01   6.7924528e-01   1.6666667e-01
   2.5217943e-01   4.7169811e-01   6.6037736e-01   1.6666667e-01
   2.2317324e-01   4.5283019e-01   6.2264151e-01   1.6666667e-01
   2.0573783e-01   4.5283019e-01   6.0377358e-01   1.6666667e-01
   1.8655888e-01   4.5283019e-01   5.8490566e-01   1.6666667e-01
   1.7847519e-01   4.3396226e-01   5.6603774e-01   1.6666667e-01
   1.7562213e-01   4.3396226e-01   5.4716981e-01   1.6666667e-01
   1.8053574e-01   4.3396226e-01   5.4716981e-01   1.6666667e-01
   2.0145823e-01   4.3396226e-01   5.4716981e-01   1.6666667e-01
   2.2412427e-01   4.3396226e-01   5.6603774e-01   1.6666667e-01
   2.3474402e-01   2.2641509e-01   5.8490566e-01   3.3333333e-01
   2.2539230e-01   2.2641509e-01   5.8490566e-01   3.3333333e-01
   2.3030591e-01   2.2641509e-01   6.0377358e-01   3.3333333e-01
   2.0811539e-01   2.2641509e-01   6.0377358e-01   3.3333333e-01
   1.9274053e-01   2.2641509e-01   6.0377358e-01   3.3333333e-01
   1.6516088e-01   2.2641509e-01   6.2264151e-01   3.3333333e-01
   1.2902203e-01   2.2641509e-01   6.2264151e-01   3.3333333e-01
   1.0920907e-01   2.2641509e-01   6.2264151e-01   3.3333333e-01
   9.8906324e-02   2.4528302e-01   6.2264151e-01   3.3333333e-01
   8.9237597e-02   2.4528302e-01   6.2264151e-01   3.3333333e-01
   8.1312411e-02   5.8490566e-01   6.2264151e-01   1.6666667e-01
   6.8790617e-02   5.8490566e-01   6.2264151e-01   1.6666667e-01
   5.8329371e-02   5.8490566e-01   6.2264151e-01   1.6666667e-01
   5.1989222e-02   6.0377358e-01   6.0377358e-01   1.6666667e-01
   5.3574259e-02   4.1509434e-01   4.2452830e-01   0.0000000e+00
   1.0064987e-01   2.2641509e-01   2.4528302e-01   1.6666667e-01
   1.9908068e-01   2.2641509e-01   5.4716981e-01   3.3333333e-01
   3.8104295e-01   2.0754717e-01   5.4716981e-01   3.3333333e-01
   5.8313520e-01   1.5094340e-01   5.6603774e-01   1.6666667e-01
   7.4306546e-01   1.1320755e-01   5.6603774e-01   1.6666667e-01
   8.2675543e-01   1.1320755e-01   5.6603774e-01   1.6666667e-01
   8.4006974e-01   9.4339623e-02   5.8490566e-01   1.6666667e-01
   8.0504042e-01   1.1320755e-01   5.8490566e-01   1.6666667e-01
   7.1469330e-01   1.1320755e-01   5.8490566e-01   1.6666667e-01
   6.0358218e-01   1.1320755e-01   6.0377358e-01   1.6666667e-01
   5.2147725e-01   1.3207547e-01   6.0377358e-01   1.6666667e-01
   4.2859407e-01   1.5094340e-01   6.0377358e-01   1.6666667e-01
   3.3951498e-01   1.8867925e-01   6.0377358e-01   3.3333333e-01
   2.5867808e-01   2.0754717e-01   6.0377358e-01   3.3333333e-01
   1.5929624e-01   2.0754717e-01   6.0377358e-01   3.3333333e-01
   1.4027580e-01   2.0754717e-01   6.0377358e-01   3.3333333e-01
   1.2315739e-01   2.2641509e-01   6.0377358e-01   3.3333333e-01
   1.1158662e-01   2.2641509e-01   6.0377358e-01   3.3333333e-01
   1.0699001e-01   5.6603774e-01   6.0377358e-01   1.6666667e-01
   9.1932160e-02   5.6603774e-01   6.0377358e-01   1.6666667e-01
   8.6384530e-02   5.4716981e-01   6.0377358e-01   1.6666667e-01
   1.0334443e-01   4.7169811e-01   5.8490566e-01   1.6666667e-01
   1.5929624e-01   4.3396226e-01   5.4716981e-01   1.6666667e-01
   2.3728008e-01   3.9622642e-01   5.4716981e-01   1.6666667e-01
   3.1003329e-01   3.7735849e-01   5.4716981e-01   1.6666667e-01
   3.6091298e-01   3.7735849e-01   5.6603774e-01   1.6666667e-01
   3.8991916e-01   3.7735849e-01   5.6603774e-01   1.6666667e-01
   3.7914091e-01   3.7735849e-01   5.8490566e-01   1.6666667e-01
   3.3935647e-01   3.7735849e-01   5.8490566e-01   1.6666667e-01
   2.9719448e-01   3.9622642e-01   5.8490566e-01   1.6666667e-01
   2.6438421e-01   3.9622642e-01   6.0377358e-01   1.6666667e-01
   2.2269773e-01   4.1509434e-01   6.0377358e-01   1.6666667e-01
   1.7435410e-01   4.5283019e-01   6.0377358e-01   1.6666667e-01
   1.3488667e-01   5.4716981e-01   6.0377358e-01   1.6666667e-01
   8.5592011e-02   5.6603774e-01   6.2264151e-01   1.6666667e-01
   6.8315105e-02   5.8490566e-01   6.2264151e-01   1.6666667e-01
   5.9755904e-02   5.8490566e-01   6.2264151e-01   1.6666667e-01
   4.4698050e-02   6.0377358e-01   6.0377358e-01   1.6666667e-01
   3.6455857e-02   6.0377358e-01   6.0377358e-01   0.0000000e+00
