   3.2000000e+02
   3.7092984e-02   2.7450980e-01   4.9019608e-01   0.0000000e+00
   2.4185968e-01   2.7450980e-01   4.9019608e-01   1.6666667e-01
   5.1728768e-01   1.9607843e-01   5.4901961e-01   1.6666667e-01
   7.6569319e-01   9.8039216e-02   5.6862745e-01   1.6666667e-01
   9.0651225e-01   7.8431373e-02   5.8823529e-01   1.6666667e-01
   9.7868412e-01   7.8431373e-02   6.0784314e-01   1.6666667e-01
   1.0000000e+00   7.8431373e-02   6.2745098e-01   1.6666667e-01
   9.8204095e-01   9.8039216e-02   6.4705882e-01   1.6666667e-01
   9.3470963e-01   9.8039216e-02   6.6666667e-01   1.6666667e-01
   8.4105404e-01   1.1764706e-01   6.6666667e-01   1.6666667e-01
   7.1114468e-01   1.1764706e-01   6.8627451e-01   1.6666667e-01
   5.8089963e-01   2.3529412e-01   6.8627451e-01   1.6666667e-01
   4.4578718e-01   3.1372549e-01   6.8627451e-01   1.6666667e-01
   3.4608929e-01   4.3137255e-01   6.8627451e-01   1.6666667e-01
   2.5528701e-01   5.6862745e-01   7.0588235e-01   1.6666667e-01
   1.9637462e-01   5.8823529e-01   7.0588235e-01   1.6666667e-01
   1.9906009e-01   5.8823529e-01   7.0588235e-01   1.6666667e-01
   1.9033233e-01   5.8823529e-01   7.0588235e-01   1.6666667e-01
   1.8009399e-01   5.8823529e-01   7.0588235e-01   1.6666667e-01
   1.5810675e-01   5.8823529e-01   7.0588235e-01   1.6666667e-01
   1.3595166e-01   5.8823529e-01   7.0588235e-01   1.6666667e-01
   1.3914065e-01   5.8823529e-01   6.8627451e-01   1.6666667e-01
   2.0694864e-01   1.5686275e-01   6.8627451e-01   3.3333333e-01
   3.3148708e-01   1.5686275e-01   6.6666667e-01   5.0000000e-01
   5.3356831e-01   1.3725490e-01   5.6862745e-01   3.3333333e-01
   6.7338033e-01   1.5686275e-01   5.6862745e-01   1.6666667e-01
   7.2591474e-01   1.5686275e-01   5.6862745e-01   1.6666667e-01
   7.2960725e-01   1.5686275e-01   5.6862745e-01   1.6666667e-01
   7.1836187e-01   1.7647059e-01   5.6862745e-01   1.6666667e-01
   6.9100369e-01   1.9607843e-01   5.8823529e-01   1.6666667e-01
   6.5323934e-01   2.1568627e-01   6.0784314e-01   1.6666667e-01
   5.9986573e-01   2.3529412e-01   6.0784314e-01   1.6666667e-01
   5.2836522e-01   2.5490196e-01   6.2745098e-01   1.6666667e-01
   4.4696207e-01   3.1372549e-01   6.2745098e-01   1.6666667e-01
   3.6236992e-01   3.7254902e-01   6.4705882e-01   1.6666667e-01
   2.8449144e-01   4.3137255e-01   6.4705882e-01   1.6666667e-01
   2.1265525e-01   5.0980392e-01   6.6666667e-01   1.6666667e-01
   1.5273582e-01   5.6862745e-01   6.6666667e-01   1.6666667e-01
   1.1715341e-01   6.0784314e-01   6.6666667e-01   1.6666667e-01
   9.4159114e-02   6.2745098e-01   6.6666667e-01   1.6666667e-01
   7.6871433e-02   6.2745098e-01   6.8627451e-01   1.6666667e-01
   6.5793891e-02   6.4705882e-01   6.8627451e-01   1.6666667e-01
   1.0926485e-01   2.3529412e-01   6.8627451e-01   3.3333333e-01
   1.9234642e-01   2.1568627e-01   6.8627451e-01   3.3333333e-01
   2.2776099e-01   2.1568627e-01   6.8627451e-01   3.3333333e-01
   2.0325613e-01   2.1568627e-01   6.6666667e-01   3.3333333e-01
   1.8932528e-01   1.9607843e-01   6.6666667e-01   3.3333333e-01
   1.7925478e-01   1.9607843e-01   6.6666667e-01   3.3333333e-01
   1.6834508e-01   1.9607843e-01   6.6666667e-01   3.3333333e-01
   1.5642833e-01   1.9607843e-01   6.6666667e-01   3.3333333e-01
   1.4803625e-01   2.1568627e-01   6.6666667e-01   3.3333333e-01
   1.3679087e-01   2.1568627e-01   6.4705882e-01   3.3333333e-01
   1.4736489e-01   2.3529412e-01   6.0784314e-01   3.3333333e-01
   1.9251427e-01   2.3529412e-01   6.2745098e-01   5.0000000e-01
   2.8147029e-01   2.5490196e-01   6.2745098e-01   3.3333333e-01
   3.1889896e-01   2.7450980e-01   6.2745098e-01   1.6666667e-01
   3.0261833e-01   3.1372549e-01   6.0784314e-01   1.6666667e-01
   2.5814032e-01   3.3333333e-01   5.8823529e-01   1.6666667e-01
   2.1181605e-01   3.7254902e-01   5.6862745e-01   1.6666667e-01
   1.5189661e-01   4.1176471e-01   5.4901961e-01   1.6666667e-01
   9.1641490e-02   4.3137255e-01   5.0980392e-01   1.6666667e-01
   4.3135280e-02   4.3504902e-01   5.0857843e-01   0.0000000e+00
   0.0000000e+00   4.3872549e-01   5.0735294e-01   0.0000000e+00
   2.0140987e-03   4.4240196e-01   5.0612745e-01   0.0000000e+00
   2.0140987e-03   4.4607843e-01   5.0490196e-01   0.0000000e+00
   2.0140987e-03   4.4975490e-01   5.0367647e-01   0.0000000e+00
   2.0140987e-03   4.5343137e-01   5.0245098e-01   0.0000000e+00
   2.0140987e-03   4.5710784e-01   5.0122549e-01   0.0000000e+00
   2.0140987e-03   4.6078431e-01   5.0000000e-01   0.0000000e+00
   2.0140987e-03   4.6446078e-01   4.9877451e-01   0.0000000e+00
   2.0140987e-03   4.6813725e-01   4.9754902e-01   0.0000000e+00
   2.0140987e-03   4.7181373e-01   4.9632353e-01   0.0000000e+00
   2.0140987e-03   4.7549020e-01   4.9509804e-01   0.0000000e+00
   2.0140987e-03   4.7916667e-01   4.9387255e-01   0.0000000e+00
   2.0140987e-03   4.8284314e-01   4.9264706e-01   0.0000000e+00
   3.6925143e-03   4.8651961e-01   4.9142157e-01   0.0000000e+00
   3.7260826e-02   4.9019608e-01   4.9019608e-01   1.6666667e-01
   1.3964418e-01   4.5098039e-01   5.6862745e-01   1.6666667e-01
   2.6753944e-01   4.5098039e-01   6.0784314e-01   1.6666667e-01
   3.5783820e-01   4.3137255e-01   6.2745098e-01   1.6666667e-01
   3.9946291e-01   4.3137255e-01   6.4705882e-01   1.6666667e-01
   4.1910037e-01   4.3137255e-01   6.4705882e-01   1.6666667e-01
   4.1557570e-01   4.3137255e-01   6.6666667e-01   1.6666667e-01
   3.8452501e-01   4.5098039e-01   6.6666667e-01   1.6666667e-01
   3.4810339e-01   4.5098039e-01   6.8627451e-01   1.6666667e-01
   3.1604565e-01   4.7058824e-01   6.8627451e-01   1.6666667e-01
   2.7475663e-01   4.9019608e-01   6.8627451e-01   1.6666667e-01
   2.4034911e-01   5.2941176e-01   6.8627451e-01   1.6666667e-01
   2.0745217e-01   5.6862745e-01   6.8627451e-01   1.6666667e-01
   1.8244377e-01   5.6862745e-01   6.8627451e-01   1.6666667e-01
   1.7807989e-01   5.4901961e-01   6.8627451e-01   1.6666667e-01
   1.6532393e-01   5.4901961e-01   6.8627451e-01   1.6666667e-01
   1.5911380e-01   5.4901961e-01   6.6666667e-01   1.6666667e-01
   1.3695871e-01   5.4901961e-01   6.4705882e-01   1.6666667e-01
   1.2252434e-01   5.2941176e-01   6.2745098e-01   1.6666667e-01
   1.2403491e-01   5.2941176e-01   6.2745098e-01   1.6666667e-01
   1.1664988e-01   5.0980392e-01   6.0784314e-01   1.6666667e-01
   1.0741860e-01   4.9019608e-01   5.8823529e-01   1.6666667e-01
   8.8788184e-02   4.9019608e-01   5.6862745e-01   1.6666667e-01
   6.9318563e-02   4.9019608e-01   5.4901961e-01   1.6666667e-01
   5.1863041e-02   5.0980392e-01   5.2941176e-01   1.6666667e-01
   5.3373615e-02   4.8039216e-01   5.0000000e-01   0.0000000e+00
   4.9848943e-02   4.5098039e-01   4.7058824e-01   1.6666667e-01
   5.6394763e-02   4.3137255e-01   4.7058824e-01   1.6666667e-01
   7.0325613e-02   4.3137255e-01   4.7058824e-01   1.6666667e-01
   8.3752937e-02   4.3137255e-01   4.9019608e-01   1.6666667e-01
   1.0154414e-01   4.3137255e-01   4.9019608e-01   1.6666667e-01
   1.3343404e-01   4.3137255e-01   5.2941176e-01   1.6666667e-01
   2.3094998e-01   4.5098039e-01   6.4705882e-01   1.6666667e-01
   3.1789191e-01   4.5098039e-01   6.6666667e-01   1.6666667e-01
   3.6488755e-01   4.7058824e-01   6.6666667e-01   1.6666667e-01
   3.7143337e-01   4.7058824e-01   6.8627451e-01   1.6666667e-01
   3.6555891e-01   4.9019608e-01   6.8627451e-01   1.6666667e-01
   3.5750252e-01   5.0980392e-01   7.0588235e-01   1.6666667e-01
   3.3937563e-01   5.0980392e-01   7.0588235e-01   1.6666667e-01
   3.2628399e-01   5.0980392e-01   7.0588235e-01   1.6666667e-01
   3.1654918e-01   5.0980392e-01   7.0588235e-01   1.6666667e-01
   3.1856328e-01   5.0980392e-01   7.0588235e-01   1.6666667e-01
   2.9389057e-01   4.9019608e-01   7.0588235e-01   1.6666667e-01
   2.5998657e-01   4.9019608e-01   6.6666667e-01   1.6666667e-01
   2.1718698e-01   4.9019608e-01   6.4705882e-01   1.6666667e-01
   1.9201074e-01   4.9019608e-01   6.2745098e-01   1.6666667e-01
   1.8563276e-01   4.7058824e-01   6.2745098e-01   1.6666667e-01
   1.7505874e-01   4.7058824e-01   6.0784314e-01   1.6666667e-01
   1.6733803e-01   4.7058824e-01   5.6862745e-01   1.6666667e-01
   1.6532393e-01   4.9019608e-01   5.8823529e-01   1.6666667e-01
   1.6649883e-01   4.9019608e-01   5.8823529e-01   1.6666667e-01
   1.6498825e-01   5.0980392e-01   6.0784314e-01   1.6666667e-01
   1.5760322e-01   5.0980392e-01   6.2745098e-01   1.6666667e-01
   1.5139308e-01   5.2941176e-01   6.2745098e-01   1.6666667e-01
   1.3830144e-01   5.4901961e-01   6.2745098e-01   1.6666667e-01
   1.2218865e-01   5.6862745e-01   6.4705882e-01   1.6666667e-01
   1.0389392e-01   5.8823529e-01   6.4705882e-01   1.6666667e-01
   9.4159114e-02   6.0784314e-01   6.6666667e-01   1.6666667e-01
   8.9459550e-02   6.0784314e-01   6.6666667e-01   1.6666667e-01
   8.0899631e-02   6.2745098e-01   6.6666667e-01   1.6666667e-01
   8.3920779e-02   6.2745098e-01   6.6666667e-01   1.6666667e-01
   8.1906680e-02   6.2745098e-01   6.6666667e-01   1.6666667e-01
   8.0396106e-02   6.2745098e-01   6.8627451e-01   1.6666667e-01
   7.9892581e-02   6.2745098e-01   6.8627451e-01   1.6666667e-01
   7.8885532e-02   6.2745098e-01   6.8627451e-01   1.6666667e-01
   7.4857335e-02   6.0784314e-01   6.6666667e-01   1.6666667e-01
   6.9486405e-02   6.0784314e-01   6.6666667e-01   1.6666667e-01
   6.0590802e-02   6.0784314e-01   6.4705882e-01   1.6666667e-01
   6.4451158e-02   6.0784314e-01   6.4705882e-01   1.6666667e-01
   5.7905337e-02   6.0784314e-01   6.4705882e-01   1.6666667e-01
   4.4645854e-02   6.0784314e-01   6.2745098e-01   1.6666667e-01
   3.8100034e-02   6.0784314e-01   6.0784314e-01   1.6666667e-01
   3.8603558e-02   6.0784314e-01   6.0784314e-01   1.6666667e-01
   6.3947633e-02   5.6862745e-01   6.2745098e-01   1.6666667e-01
   1.0523666e-01   5.4901961e-01   6.2745098e-01   1.6666667e-01
   1.5978516e-01   5.2941176e-01   6.4705882e-01   1.6666667e-01
   1.8999664e-01   5.2941176e-01   6.4705882e-01   1.6666667e-01
   2.0090634e-01   5.0980392e-01   6.6666667e-01   1.6666667e-01
   1.9771735e-01   5.0980392e-01   6.6666667e-01   1.6666667e-01
   2.0661296e-01   5.0980392e-01   6.8627451e-01   1.6666667e-01
   1.9167506e-01   5.0980392e-01   6.8627451e-01   1.6666667e-01
   1.7522659e-01   5.0980392e-01   7.0588235e-01   3.3333333e-01
   1.5172877e-01   4.9019608e-01   7.0588235e-01   3.3333333e-01
   1.0976838e-01   5.0980392e-01   7.0588235e-01   3.3333333e-01
   9.4830480e-02   5.0980392e-01   7.0588235e-01   3.3333333e-01
   8.1906680e-02   5.0980392e-01   7.2549020e-01   3.3333333e-01
   7.4689493e-02   5.2941176e-01   7.2549020e-01   3.3333333e-01
   6.4619000e-02   5.2941176e-01   7.2549020e-01   3.3333333e-01
   4.8841893e-02   7.0588235e-01   7.2549020e-01   1.6666667e-01
   3.2057737e-02   7.2549020e-01   7.2549020e-01   1.6666667e-01
   3.2729104e-02   7.2549020e-01   7.2549020e-01   1.6666667e-01
   3.4239678e-02   7.2549020e-01   7.2549020e-01   1.6666667e-01
   3.6589460e-02   7.2549020e-01   7.2549020e-01   1.6666667e-01
   4.4645854e-02   7.0588235e-01   7.2549020e-01   1.6666667e-01
   4.6324270e-02   7.0588235e-01   7.2549020e-01   1.6666667e-01
   4.9009735e-02   6.8627451e-01   7.2549020e-01   1.6666667e-01
   5.4716348e-02   6.8627451e-01   7.2549020e-01   1.6666667e-01
   4.6659953e-02   6.8627451e-01   7.2549020e-01   1.6666667e-01
   4.9848943e-02   7.0588235e-01   7.0588235e-01   1.6666667e-01
   4.6995636e-02   6.7647059e-01   6.7647059e-01   0.0000000e+00
   4.5988587e-02   6.4705882e-01   6.4705882e-01   1.6666667e-01
   3.8603558e-02   6.3725490e-01   6.3725490e-01   0.0000000e+00
   4.4478013e-02   6.2745098e-01   6.2745098e-01   0.0000000e+00
   3.7596509e-02   6.1764706e-01   6.1764706e-01   0.0000000e+00
   4.2463914e-02   6.0784314e-01   6.0784314e-01   1.6666667e-01
   5.8073179e-02   5.6862745e-01   5.8823529e-01   1.6666667e-01
   5.3709298e-02   5.2941176e-01   5.6862745e-01   1.6666667e-01
   5.0184626e-02   5.2941176e-01   5.6862745e-01   1.6666667e-01
   6.8479355e-02   5.2941176e-01   5.6862745e-01   1.6666667e-01
   1.7170191e-01   4.1176471e-01   5.4901961e-01   3.3333333e-01
   3.6085935e-01   1.9607843e-01   5.4901961e-01   3.3333333e-01
   5.8962739e-01   1.7647059e-01   6.2745098e-01   3.3333333e-01
   7.9657603e-01   1.5686275e-01   6.6666667e-01   1.6666667e-01
   9.1624706e-01   1.7647059e-01   7.0588235e-01   1.6666667e-01
   9.3219201e-01   1.7647059e-01   7.0588235e-01   1.6666667e-01
   8.9039946e-01   1.9607843e-01   7.2549020e-01   1.6666667e-01
   8.1822759e-01   2.1568627e-01   7.2549020e-01   1.6666667e-01
   7.6132931e-01   2.1568627e-01   7.2549020e-01   1.6666667e-01
   7.0040282e-01   2.1568627e-01   7.4509804e-01   1.6666667e-01
   6.0892917e-01   2.1568627e-01   7.4509804e-01   3.3333333e-01
   5.6327627e-01   2.3529412e-01   7.4509804e-01   3.3333333e-01
   4.3420611e-01   1.9607843e-02   7.4509804e-01   3.3333333e-01
   3.6320913e-01   0.0000000e+00   7.4509804e-01   3.3333333e-01
   3.1285666e-01   0.0000000e+00   7.0588235e-01   3.3333333e-01
   2.5276939e-01   0.0000000e+00   6.6666667e-01   3.3333333e-01
   1.8345082e-01   0.0000000e+00   6.2745098e-01   3.3333333e-01
   1.2286002e-01   5.0980392e-01   5.4901961e-01   1.6666667e-01
   6.3611950e-02   5.0980392e-01   5.4901961e-01   1.6666667e-01
   6.2604901e-02   5.0980392e-01   5.4901961e-01   1.6666667e-01
   7.2675394e-02   5.0980392e-01   5.6862745e-01   1.6666667e-01
   9.7348103e-02   5.0980392e-01   6.0784314e-01   1.6666667e-01
   1.2286002e-01   5.2941176e-01   6.2745098e-01   1.6666667e-01
   1.3729439e-01   5.2941176e-01   6.4705882e-01   1.6666667e-01
   1.4937899e-01   5.4901961e-01   6.6666667e-01   1.6666667e-01
   1.4518295e-01   5.6862745e-01   6.8627451e-01   1.6666667e-01
   1.2957368e-01   5.8823529e-01   6.8627451e-01   1.6666667e-01
   1.1631420e-01   6.0784314e-01   7.0588235e-01   1.6666667e-01
   9.5166163e-02   6.2745098e-01   7.0588235e-01   1.6666667e-01
   7.5360859e-02   6.6666667e-01   7.0588235e-01   1.6666667e-01
   6.6129574e-02   6.6666667e-01   7.2549020e-01   1.6666667e-01
   5.2198724e-02   6.8627451e-01   7.2549020e-01   1.6666667e-01
   4.0785498e-02   7.0588235e-01   7.2549020e-01   1.6666667e-01
   3.6925143e-02   7.0588235e-01   7.2549020e-01   1.6666667e-01
   3.5246727e-02   7.0588235e-01   7.2549020e-01   1.6666667e-01
   3.5414569e-02   7.0588235e-01   7.2549020e-01   1.6666667e-01
   3.5918093e-02   7.0588235e-01   7.2549020e-01   1.6666667e-01
   3.6757301e-02   7.0588235e-01   7.2549020e-01   1.6666667e-01
   5.0688150e-02   6.8627451e-01   7.2549020e-01   1.6666667e-01
   1.1027190e-01   5.8823529e-01   7.0588235e-01   3.3333333e-01
   1.7975831e-01   5.6862745e-01   7.0588235e-01   1.6666667e-01
   2.3413897e-01   5.2941176e-01   7.0588235e-01   1.6666667e-01
   2.9993286e-01   4.3137255e-01   7.0588235e-01   3.3333333e-01
   3.2913729e-01   4.3137255e-01   7.0588235e-01   1.6666667e-01
   3.3585096e-01   4.3137255e-01   7.0588235e-01   1.6666667e-01
   3.2108090e-01   4.3137255e-01   7.0588235e-01   1.6666667e-01
   2.9892581e-01   4.3137255e-01   7.0588235e-01   1.6666667e-01
   2.8734475e-01   4.3137255e-01   7.0588235e-01   1.6666667e-01
   2.7106412e-01   4.5098039e-01   7.0588235e-01   1.6666667e-01
   2.4840551e-01   4.7058824e-01   7.2549020e-01   1.6666667e-01
   2.1013763e-01   4.9019608e-01   7.2549020e-01   3.3333333e-01
   1.6750587e-01   5.0980392e-01   7.2549020e-01   3.3333333e-01
   1.1782477e-01   6.6666667e-01   7.2549020e-01   1.6666667e-01
   7.6535750e-02   6.8627451e-01   7.2549020e-01   1.6666667e-01
   7.7207116e-02   6.8627451e-01   7.2549020e-01   1.6666667e-01
   7.6200067e-02   6.6666667e-01   7.2549020e-01   1.6666667e-01
   7.4521652e-02   6.6666667e-01   7.2549020e-01   1.6666667e-01
   6.8982880e-02   6.6666667e-01   7.2549020e-01   1.6666667e-01
   5.6562605e-02   6.6666667e-01   7.2549020e-01   1.6666667e-01
   5.0855992e-02   6.8627451e-01   7.0588235e-01   1.6666667e-01
   4.9681101e-02   6.8627451e-01   7.0588235e-01   1.6666667e-01
   3.7764350e-02   6.7058824e-01   6.8627451e-01   0.0000000e+00
   3.5750252e-02   6.5490196e-01   6.6666667e-01   0.0000000e+00
   3.4239678e-02   6.3921569e-01   6.4705882e-01   0.0000000e+00
   2.9204431e-02   6.2352941e-01   6.2745098e-01   0.0000000e+00
   4.2631756e-02   6.0784314e-01   6.0784314e-01   1.6666667e-01
   8.3752937e-02   5.2941176e-01   6.0784314e-01   3.3333333e-01
   1.4535079e-01   4.5098039e-01   5.8823529e-01   1.6666667e-01
   1.8663981e-01   4.5098039e-01   5.6862745e-01   1.6666667e-01
   2.3950990e-01   4.5098039e-01   7.0588235e-01   3.3333333e-01
   3.2443773e-01   4.5098039e-01   7.4509804e-01   1.6666667e-01
   3.8536422e-01   4.7058824e-01   7.6470588e-01   1.6666667e-01
   4.0936556e-01   4.9019608e-01   7.6470588e-01   1.6666667e-01
   3.8939241e-01   5.0980392e-01   7.8431373e-01   1.6666667e-01
   3.3551527e-01   5.4901961e-01   7.8431373e-01   1.6666667e-01
   2.6770728e-01   5.6862745e-01   7.6470588e-01   1.6666667e-01
   2.1332662e-01   5.8823529e-01   7.6470588e-01   1.6666667e-01
   1.6012085e-01   6.0784314e-01   7.4509804e-01   1.6666667e-01
   1.0741860e-01   6.2745098e-01   7.2549020e-01   1.6666667e-01
   5.5219872e-02   6.6666667e-01   6.6666667e-01   1.6666667e-01
   1.9133938e-02   5.8039216e-01   5.8431373e-01   0.0000000e+00
   8.2242363e-03   4.9411765e-01   5.0196078e-01   0.0000000e+00
   1.0574018e-02   4.0784314e-01   4.1960784e-01   0.0000000e+00
   2.0140987e-02   3.2156863e-01   3.3725490e-01   0.0000000e+00
   4.1792548e-02   2.3529412e-01   2.5490196e-01   1.6666667e-01
   1.8714334e-01   1.1764706e-01   2.7450980e-01   1.6666667e-01
   4.5099027e-01   7.8431373e-02   4.5098039e-01   1.6666667e-01
   7.2155086e-01   5.8823529e-02   5.2941176e-01   1.6666667e-01
   9.1440081e-01   5.8823529e-02   5.8823529e-01   1.6666667e-01
   9.9513259e-01   5.8823529e-02   6.0784314e-01   1.6666667e-01
   9.9664317e-01   5.8823529e-02   6.2745098e-01   1.6666667e-01
   9.6978852e-01   5.8823529e-02   6.2745098e-01   1.6666667e-01
   9.1305807e-01   7.8431373e-02   6.4705882e-01   1.6666667e-01
   7.8818395e-01   9.8039216e-02   6.4705882e-01   1.6666667e-01
   6.3997986e-01   1.7647059e-01   6.4705882e-01   1.6666667e-01
   5.0704935e-01   2.1568627e-01   6.6666667e-01   1.6666667e-01
   4.0013427e-01   2.1568627e-01   6.6666667e-01   3.3333333e-01
   3.0295401e-01   2.3529412e-01   6.6666667e-01   3.3333333e-01
   1.9570326e-01   2.3529412e-01   6.6666667e-01   3.3333333e-01
   1.0876133e-01   2.3529412e-01   6.8627451e-01   3.3333333e-01
   8.1738839e-02   2.3529412e-01   6.8627451e-01   3.3333333e-01
   6.1597852e-02   2.3529412e-01   6.8627451e-01   3.3333333e-01
   4.6827795e-02   2.3529412e-01   2.5490196e-01   1.6666667e-01
   3.7764350e-02   2.5490196e-01   2.5490196e-01   1.6666667e-01
   3.5414569e-02   2.9691877e-01   3.0532213e-01   0.0000000e+00
   3.0043639e-02   3.3893557e-01   3.5574230e-01   0.0000000e+00
   2.9204431e-02   3.8095238e-01   4.0616246e-01   0.0000000e+00
   2.0812353e-02   4.2296919e-01   4.5658263e-01   0.0000000e+00
   1.8630413e-02   4.6498599e-01   5.0700280e-01   0.0000000e+00
   1.1581067e-02   5.0700280e-01   5.5742297e-01   0.0000000e+00
   9.0634441e-02   5.4901961e-01   6.0784314e-01   1.6666667e-01
   1.9956361e-01   4.5098039e-01   6.2745098e-01   3.3333333e-01
   2.7710641e-01   4.3137255e-01   6.2745098e-01   1.6666667e-01
   3.4021484e-01   4.3137255e-01   6.2745098e-01   1.6666667e-01
   3.7613293e-01   4.1176471e-01   6.4705882e-01   1.6666667e-01
   4.0684794e-01   4.1176471e-01   6.4705882e-01   1.6666667e-01
   4.3303122e-01   4.1176471e-01   6.6666667e-01   1.6666667e-01
   4.1171534e-01   4.3137255e-01   6.6666667e-01   1.6666667e-01
   3.6102719e-01   4.3137255e-01   6.6666667e-01   1.6666667e-01
   3.2594830e-01   4.3137255e-01   6.8627451e-01   1.6666667e-01
   2.8919100e-01   4.5098039e-01   6.8627451e-01   1.6666667e-01
   2.4404162e-01   4.7058824e-01   6.8627451e-01   1.6666667e-01
   2.0577375e-01   4.9019608e-01   6.8627451e-01   3.3333333e-01
   1.6616314e-01   6.4705882e-01   7.0588235e-01   1.6666667e-01
   1.0909701e-01   6.4705882e-01   7.0588235e-01   1.6666667e-01
   1.0758644e-01   6.2745098e-01   7.0588235e-01   1.6666667e-01
   1.0490097e-01   6.2745098e-01   7.0588235e-01   1.6666667e-01
   1.0607586e-01   6.2745098e-01   7.0588235e-01   1.6666667e-01
   1.0020141e-01   6.2745098e-01   7.0588235e-01   1.6666667e-01
   1.0808996e-01   6.2745098e-01   6.8627451e-01   1.6666667e-01
   1.0339040e-01   5.6862745e-01   6.4705882e-01   3.3333333e-01
   9.7012420e-02   5.4901961e-01   5.8823529e-01   1.6666667e-01
   6.9486405e-02   5.4901961e-01   5.8823529e-01   1.6666667e-01
   5.3709298e-02   5.6862745e-01   5.8823529e-01   1.6666667e-01
   3.0211480e-02   5.6862745e-01   5.8823529e-01   0.0000000e+00
