   1.4000000e+02
   8.6043829e-02   5.7575758e-01   6.3636364e-01   1.6666667e-01
   2.5305652e-01   4.2424242e-01   6.6666667e-01   1.6666667e-01
   4.3921569e-01   3.9393939e-01   6.6666667e-01   1.6666667e-01
   6.5882353e-01   2.1212121e-01   6.9696970e-01   1.6666667e-01
   8.1614764e-01   1.5151515e-01   6.9696970e-01   1.6666667e-01
   9.6286044e-01   1.2121212e-01   6.9696970e-01   1.6666667e-01
   1.0000000e+00   0.0000000e+00   6.9696970e-01   1.6666667e-01
   9.6055363e-01   0.0000000e+00   6.9696970e-01   1.6666667e-01
   8.5790081e-01   3.0303030e-02   6.9696970e-01   1.6666667e-01
   7.0934256e-01   6.0606061e-02   6.6666667e-01   1.6666667e-01
   5.5294118e-01   1.2121212e-01   6.3636364e-01   1.6666667e-01
   3.9538639e-01   1.8181818e-01   5.4545455e-01   1.6666667e-01
   2.5420992e-01   2.7272727e-01   4.8484848e-01   1.6666667e-01
   1.7762399e-01   3.0303030e-01   4.5454545e-01   1.6666667e-01
   1.2295271e-01   3.0303030e-01   4.2424242e-01   1.6666667e-01
   9.2272203e-02   3.0303030e-01   3.6363636e-01   1.6666667e-01
   6.4590542e-02   3.0303030e-01   3.3333333e-01   1.6666667e-01
   2.4682814e-02   2.8904429e-01   3.1701632e-01   0.0000000e+00
   1.0841984e-02   2.7505828e-01   3.0069930e-01   0.0000000e+00
   1.6147636e-03   2.6107226e-01   2.8438228e-01   0.0000000e+00
   2.0761246e-03   2.4708625e-01   2.6806527e-01   0.0000000e+00
   2.0761246e-03   2.3310023e-01   2.5174825e-01   0.0000000e+00
   2.0761246e-03   2.1911422e-01   2.3543124e-01   0.0000000e+00
   2.0761246e-03   2.0512821e-01   2.1911422e-01   0.0000000e+00
   2.0761246e-03   1.9114219e-01   2.0279720e-01   0.0000000e+00
   2.0761246e-03   1.7715618e-01   1.8648019e-01   0.0000000e+00
   2.0761246e-03   1.6317016e-01   1.7016317e-01   0.0000000e+00
   2.0761246e-03   1.4918415e-01   1.5384615e-01   0.0000000e+00
   2.5374856e-03   1.3519814e-01   1.3752914e-01   0.0000000e+00
   3.0219146e-02   1.2121212e-01   1.2121212e-01   1.6666667e-01
   5.4209919e-02   9.0909091e-02   1.2121212e-01   1.6666667e-01
   7.1280277e-02   9.0909091e-02   1.5151515e-01   1.6666667e-01
   1.4371396e-01   9.0909091e-02   5.4545455e-01   3.3333333e-01
   3.3333333e-01   1.2121212e-01   5.7575758e-01   3.3333333e-01
   5.4648212e-01   1.2121212e-01   6.0606061e-01   1.6666667e-01
   6.6528258e-01   1.5151515e-01   6.0606061e-01   1.6666667e-01
   6.7312572e-01   1.8181818e-01   6.0606061e-01   1.6666667e-01
   6.3068051e-01   2.1212121e-01   6.3636364e-01   1.6666667e-01
   5.7439446e-01   2.4242424e-01   6.3636364e-01   1.6666667e-01
   5.0634371e-01   2.7272727e-01   6.3636364e-01   1.6666667e-01
   4.3091119e-01   3.0303030e-01   6.3636364e-01   1.6666667e-01
   3.4948097e-01   3.3333333e-01   6.0606061e-01   1.6666667e-01
   2.7704729e-01   3.6363636e-01   5.7575758e-01   1.6666667e-01
   2.2099193e-01   3.6363636e-01   5.7575758e-01   1.6666667e-01
   1.7254902e-01   3.6363636e-01   5.1515152e-01   1.6666667e-01
   1.3217993e-01   3.6363636e-01   4.8484848e-01   1.6666667e-01
   8.0738178e-02   3.5714286e-01   4.6969697e-01   0.0000000e+00
   1.7531719e-02   3.5064935e-01   4.5454545e-01   0.0000000e+00
   1.1534025e-03   3.4415584e-01   4.3939394e-01   0.0000000e+00
   2.0761246e-03   3.3766234e-01   4.2424242e-01   0.0000000e+00
   2.0761246e-03   3.3116883e-01   4.0909091e-01   0.0000000e+00
   2.0761246e-03   3.2467532e-01   3.9393939e-01   0.0000000e+00
   2.0761246e-03   3.1818182e-01   3.7878788e-01   0.0000000e+00
   2.0761246e-03   3.1168831e-01   3.6363636e-01   0.0000000e+00
   2.0761246e-03   3.0519481e-01   3.4848485e-01   0.0000000e+00
   2.0761246e-03   2.9870130e-01   3.3333333e-01   0.0000000e+00
   2.0761246e-03   2.9220779e-01   3.1818182e-01   0.0000000e+00
   2.0761246e-03   2.8571429e-01   3.0303030e-01   0.0000000e+00
   4.6136101e-03   2.7922078e-01   2.8787879e-01   0.0000000e+00
   5.6055363e-02   2.7272727e-01   2.7272727e-01   1.6666667e-01
   1.2156863e-01   2.4242424e-01   3.3333333e-01   1.6666667e-01
   1.9238754e-01   2.4242424e-01   3.9393939e-01   1.6666667e-01
   2.5005767e-01   2.4242424e-01   4.5454545e-01   1.6666667e-01
   2.8765859e-01   2.7272727e-01   4.8484848e-01   1.6666667e-01
   2.9480969e-01   3.0303030e-01   5.1515152e-01   1.6666667e-01
   2.8304498e-01   3.3333333e-01   5.4545455e-01   1.6666667e-01
   2.5697809e-01   3.6363636e-01   5.7575758e-01   1.6666667e-01
   2.1914648e-01   3.9393939e-01   5.7575758e-01   1.6666667e-01
   1.8408304e-01   4.2424242e-01   6.0606061e-01   1.6666667e-01
   1.4279123e-01   4.8484848e-01   6.0606061e-01   1.6666667e-01
   1.0865052e-01   5.4545455e-01   6.0606061e-01   1.6666667e-01
   7.5893887e-02   5.7575758e-01   6.3636364e-01   1.6666667e-01
   5.7670127e-02   6.0606061e-01   6.3636364e-01   1.6666667e-01
   5.2364475e-02   6.0606061e-01   6.3636364e-01   1.6666667e-01
   4.5905421e-02   6.3636364e-01   6.6666667e-01   1.6666667e-01
   3.5294118e-02   6.3636364e-01   6.6666667e-01   1.6666667e-01
   4.2675894e-02   6.6666667e-01   6.6666667e-01   1.6666667e-01
   4.1061130e-02   6.6666667e-01   6.6666667e-01   1.6666667e-01
   3.7600923e-02   6.6666667e-01   6.6666667e-01   1.6666667e-01
   2.6297578e-02   6.2626263e-01   6.3636364e-01   0.0000000e+00
   1.9607843e-02   5.8585859e-01   6.0606061e-01   0.0000000e+00
   6.9204152e-04   5.4545455e-01   5.7575758e-01   0.0000000e+00
   2.0761246e-03   5.0505051e-01   5.4545455e-01   0.0000000e+00
   1.8454441e-03   4.6464646e-01   5.1515152e-01   0.0000000e+00
   3.6908881e-03   4.2424242e-01   4.8484848e-01   0.0000000e+00
   1.3379469e-02   3.8383838e-01   4.5454545e-01   0.0000000e+00
   1.7762399e-02   3.4343434e-01   4.2424242e-01   0.0000000e+00
   1.0472895e-01   3.0303030e-01   3.9393939e-01   1.6666667e-01
   2.2952710e-01   3.0303030e-01   4.5454545e-01   1.6666667e-01
   3.2733564e-01   2.7272727e-01   5.4545455e-01   1.6666667e-01
   3.5847751e-01   2.7272727e-01   5.4545455e-01   1.6666667e-01
   3.8154556e-01   2.7272727e-01   5.7575758e-01   1.6666667e-01
   3.7462514e-01   2.7272727e-01   5.7575758e-01   1.6666667e-01
   3.5224913e-01   2.7272727e-01   6.0606061e-01   1.6666667e-01
   3.1718570e-01   2.7272727e-01   6.0606061e-01   3.3333333e-01
   2.9088812e-01   2.7272727e-01   6.0606061e-01   3.3333333e-01
   2.8373702e-01   2.7272727e-01   6.3636364e-01   3.3333333e-01
   2.7750865e-01   2.7272727e-01   6.3636364e-01   3.3333333e-01
   2.5351788e-01   3.0303030e-01   6.6666667e-01   3.3333333e-01
   2.2952710e-01   3.0303030e-01   6.6666667e-01   3.3333333e-01
   1.9146482e-01   3.6363636e-01   6.6666667e-01   3.3333333e-01
   1.6355248e-01   3.9393939e-01   6.9696970e-01   3.3333333e-01
   1.2110727e-01   6.3636364e-01   6.9696970e-01   1.6666667e-01
   9.2964245e-02   6.3636364e-01   6.9696970e-01   1.6666667e-01
   1.0357555e-01   6.3636364e-01   6.9696970e-01   1.6666667e-01
   1.0265283e-01   6.0606061e-01   6.9696970e-01   1.6666667e-01
   9.4348328e-02   6.0606061e-01   6.9696970e-01   1.6666667e-01
   7.6816609e-02   6.0606061e-01   6.9696970e-01   1.6666667e-01
   6.8281430e-02   6.3636364e-01   6.6666667e-01   1.6666667e-01
   7.5432526e-02   6.3636364e-01   6.6666667e-01   1.6666667e-01
   7.3125721e-02   5.4545455e-01   5.7575758e-01   1.6666667e-01
   5.8362168e-02   5.4545455e-01   5.7575758e-01   1.6666667e-01
   5.2364475e-02   5.7575758e-01   5.7575758e-01   1.6666667e-01
   2.8373702e-02   5.6506239e-01   5.6684492e-01   0.0000000e+00
   0.0000000e+00   5.5436720e-01   5.5793226e-01   0.0000000e+00
   2.0761246e-03   5.4367201e-01   5.4901961e-01   0.0000000e+00
   2.0761246e-03   5.3297683e-01   5.4010695e-01   0.0000000e+00
   2.0761246e-03   5.2228164e-01   5.3119430e-01   0.0000000e+00
   2.0761246e-03   5.1158645e-01   5.2228164e-01   0.0000000e+00
   2.0761246e-03   5.0089127e-01   5.1336898e-01   0.0000000e+00
   2.0761246e-03   4.9019608e-01   5.0445633e-01   0.0000000e+00
   2.0761246e-03   4.7950089e-01   4.9554367e-01   0.0000000e+00
   2.0761246e-03   4.6880570e-01   4.8663102e-01   0.0000000e+00
   2.9988466e-03   4.5811052e-01   4.7771836e-01   0.0000000e+00
   3.9215686e-03   4.4741533e-01   4.6880570e-01   0.0000000e+00
   4.8442907e-03   4.3672014e-01   4.5989305e-01   0.0000000e+00
   5.7670127e-03   4.2602496e-01   4.5098039e-01   0.0000000e+00
   7.3817762e-03   4.1532977e-01   4.4206774e-01   0.0000000e+00
   2.1914648e-02   4.0463458e-01   4.3315508e-01   0.0000000e+00
   7.6816609e-02   3.9393939e-01   4.2424242e-01   1.6666667e-01
   2.1084198e-01   3.9393939e-01   6.3636364e-01   3.3333333e-01
   3.1234141e-01   3.9393939e-01   6.6666667e-01   1.6666667e-01
   3.8431373e-01   4.2424242e-01   6.9696970e-01   1.6666667e-01
   3.7439446e-01   4.2424242e-01   6.9696970e-01   1.6666667e-01
   3.3471742e-01   4.5454545e-01   6.9696970e-01   1.6666667e-01
   3.0265283e-01   4.5454545e-01   6.9696970e-01   1.6666667e-01
   2.5905421e-01   4.5454545e-01   6.9696970e-01   1.6666667e-01
   2.0276817e-01   4.8484848e-01   6.9696970e-01   1.6666667e-01
   1.1833910e-01   6.6666667e-01   6.6666667e-01   1.6666667e-01
   3.7370242e-02   6.6666667e-01   6.6666667e-01   0.0000000e+00
