   1.2400000e+02
   2.0402498e-02   5.2222222e-01   5.2222222e-01   0.0000000e+00
   2.5537821e-02   5.2222222e-01   5.2222222e-01   0.0000000e+00
   2.6092991e-02   5.2222222e-01   5.2222222e-01   0.0000000e+00
   2.7203331e-02   5.2222222e-01   5.2222222e-01   0.0000000e+00
   3.4420541e-02   5.2222222e-01   5.2222222e-01   0.0000000e+00
   4.3997224e-02   5.2222222e-01   5.2222222e-01   1.6666667e-01
   1.2130465e-01   5.2222222e-01   6.1111111e-01   3.3333333e-01
   2.0777238e-01   5.2222222e-01   6.3333333e-01   1.6666667e-01
   2.7494795e-01   5.2222222e-01   6.4444444e-01   1.6666667e-01
   2.8965996e-01   5.2222222e-01   6.4444444e-01   1.6666667e-01
   2.7897294e-01   5.2222222e-01   6.5555556e-01   1.6666667e-01
   2.6481610e-01   5.3333333e-01   6.6666667e-01   1.6666667e-01
   2.2317835e-01   5.4444444e-01   6.6666667e-01   1.6666667e-01
   1.7126995e-01   5.6666667e-01   6.7777778e-01   1.6666667e-01
   1.2588480e-01   6.3333333e-01   6.7777778e-01   1.6666667e-01
   1.0187370e-01   6.4444444e-01   9.0000000e-01   3.3333333e-01
   1.0784178e-01   6.5555556e-01   6.7777778e-01   1.6666667e-01
   1.0798057e-01   6.5555556e-01   6.8888889e-01   1.6666667e-01
   1.0881332e-01   6.4444444e-01   8.6666667e-01   3.3333333e-01
   1.3143650e-01   6.3333333e-01   8.6666667e-01   3.3333333e-01
   1.5156142e-01   6.3333333e-01   8.5555556e-01   3.3333333e-01
   1.8834143e-01   6.2222222e-01   8.4444444e-01   3.3333333e-01
   2.7689105e-01   6.1111111e-01   9.7777778e-01   5.0000000e-01
   4.8383067e-01   5.8888889e-01   9.8888889e-01   5.0000000e-01
   7.6793893e-01   5.6666667e-01   1.0000000e+00   1.6666667e-01
   9.7182512e-01   5.4444444e-01   1.0000000e+00   1.6666667e-01
   1.0000000e+00   5.3333333e-01   1.0000000e+00   1.6666667e-01
   9.0714781e-01   5.3333333e-01   9.8888889e-01   1.6666667e-01
   7.9014573e-01   5.3333333e-01   9.6666667e-01   1.6666667e-01
   6.4996530e-01   5.4444444e-01   9.2222222e-01   1.6666667e-01
   4.7050659e-01   5.5555556e-01   8.7777778e-01   1.6666667e-01
   3.0242887e-01   7.0000000e-01   8.0000000e-01   1.6666667e-01
   1.3004858e-01   7.1111111e-01   7.6666667e-01   1.6666667e-01
   9.0770298e-02   7.1111111e-01   7.6666667e-01   1.6666667e-01
   6.9396253e-02   7.2222222e-01   7.5555556e-01   1.6666667e-01
   3.8167939e-02   7.3333333e-01   7.4444444e-01   1.6666667e-01
   1.0270645e-02   7.1388889e-01   7.2222222e-01   0.0000000e+00
   5.5517002e-04   6.9444444e-01   7.0000000e-01   0.0000000e+00
   9.2990978e-03   6.7500000e-01   6.7777778e-01   0.0000000e+00
   2.8591256e-02   6.5555556e-01   6.5555556e-01   1.6666667e-01
   4.4274809e-02   6.4444444e-01   6.6666667e-01   1.6666667e-01
   3.7473976e-02   6.4444444e-01   6.5555556e-01   1.6666667e-01
   2.6925746e-02   6.4444444e-01   6.5555556e-01   1.6666667e-01
   1.4573213e-02   6.3333333e-01   6.4444444e-01   0.0000000e+00
   2.7758501e-04   6.2222222e-01   6.3333333e-01   0.0000000e+00
   1.8043026e-03   6.1111111e-01   6.2222222e-01   0.0000000e+00
   3.6086051e-02   6.0000000e-01   6.1111111e-01   1.6666667e-01
   1.1797363e-01   5.7777778e-01   6.4444444e-01   1.6666667e-01
   2.0596808e-01   5.6666667e-01   6.5555556e-01   1.6666667e-01
   2.6398334e-01   5.5555556e-01   6.6666667e-01   1.6666667e-01
   2.7161693e-01   5.4444444e-01   6.7777778e-01   1.6666667e-01
   2.5829285e-01   5.4444444e-01   6.7777778e-01   1.6666667e-01
   2.4649549e-01   5.4444444e-01   6.8888889e-01   1.6666667e-01
   2.1138099e-01   5.5555556e-01   6.8888889e-01   1.6666667e-01
   1.6377516e-01   5.5555556e-01   6.8888889e-01   1.6666667e-01
   1.2977099e-01   6.5555556e-01   6.8888889e-01   1.6666667e-01
   7.0367800e-02   6.6666667e-01   7.0000000e-01   1.6666667e-01
   9.7987509e-02   5.4444444e-01   7.0000000e-01   3.3333333e-01
   1.2560722e-01   5.3333333e-01   7.0000000e-01   3.3333333e-01
   1.8834143e-01   5.3333333e-01   7.0000000e-01   3.3333333e-01
   2.2373352e-01   5.3333333e-01   6.8888889e-01   3.3333333e-01
   2.2484386e-01   5.4444444e-01   6.8888889e-01   3.3333333e-01
   1.9306037e-01   5.4444444e-01   6.4444444e-01   1.6666667e-01
   1.5336572e-01   5.5555556e-01   6.4444444e-01   1.6666667e-01
   1.1367106e-01   5.5555556e-01   6.3333333e-01   1.6666667e-01
   7.9944483e-02   5.6666667e-01   5.8888889e-01   1.6666667e-01
   4.1221374e-02   5.6666667e-01   5.7777778e-01   1.6666667e-01
   3.0395559e-02   5.6666667e-01   5.7777778e-01   1.6666667e-01
   2.5537821e-02   5.7777778e-01   5.7777778e-01   1.6666667e-01
   1.6932686e-02   5.7777778e-01   5.7777778e-01   1.6666667e-01
   1.4573213e-02   5.7777778e-01   5.7777778e-01   0.0000000e+00
   1.2491325e-02   5.7777778e-01   5.7777778e-01   0.0000000e+00
   5.5517002e-04   5.7777778e-01   5.7777778e-01   0.0000000e+00
   8.3275503e-04   5.7777778e-01   5.7777778e-01   0.0000000e+00
   9.7154754e-04   5.7777778e-01   5.7777778e-01   0.0000000e+00
   7.0784178e-03   5.7777778e-01   5.7777778e-01   0.0000000e+00
   8.1887578e-03   5.7777778e-01   5.7777778e-01   0.0000000e+00
   1.5822346e-02   5.7777778e-01   5.7777778e-01   0.0000000e+00
   2.4982651e-02   5.7777778e-01   5.7777778e-01   1.6666667e-01
   4.5107564e-02   5.6666667e-01   5.7777778e-01   1.6666667e-01
   9.5350451e-02   5.5555556e-01   6.0000000e-01   1.6666667e-01
   1.6516308e-01   5.5555556e-01   6.2222222e-01   1.6666667e-01
   2.1651631e-01   5.4444444e-01   6.3333333e-01   1.6666667e-01
   2.3344899e-01   5.5555556e-01   6.4444444e-01   1.6666667e-01
   2.2428869e-01   5.5555556e-01   6.4444444e-01   1.6666667e-01
   1.9944483e-01   5.5555556e-01   6.5555556e-01   1.6666667e-01
   1.7113116e-01   5.6666667e-01   6.5555556e-01   1.6666667e-01
   1.3740458e-01   5.7777778e-01   6.6666667e-01   1.6666667e-01
   9.6460791e-02   6.2222222e-01   6.6666667e-01   1.6666667e-01
   6.9812630e-02   6.4444444e-01   6.6666667e-01   1.6666667e-01
   5.3990285e-02   6.4444444e-01   6.7777778e-01   1.6666667e-01
   5.1214434e-02   6.5555556e-01   6.7777778e-01   1.6666667e-01
   4.8577377e-02   6.5555556e-01   6.7777778e-01   1.6666667e-01
   4.6217904e-02   6.5555556e-01   6.7777778e-01   1.6666667e-01
   4.2470507e-02   6.5555556e-01   6.7777778e-01   1.6666667e-01
   3.5253296e-02   6.5555556e-01   6.6666667e-01   1.6666667e-01
   2.1512838e-02   6.4583333e-01   6.5833333e-01   0.0000000e+00
   0.0000000e+00   6.3611111e-01   6.5000000e-01   0.0000000e+00
   8.3275503e-04   6.2638889e-01   6.4166667e-01   0.0000000e+00
   8.3275503e-04   6.1666667e-01   6.3333333e-01   0.0000000e+00
   8.3275503e-04   6.0694444e-01   6.2500000e-01   0.0000000e+00
   1.1103400e-03   5.9722222e-01   6.1666667e-01   0.0000000e+00
   1.4850798e-02   5.8750000e-01   6.0833333e-01   0.0000000e+00
   4.9965302e-02   5.7777778e-01   6.0000000e-01   1.6666667e-01
   9.2713393e-02   5.6666667e-01   6.1111111e-01   1.6666667e-01
   1.2657876e-01   5.5555556e-01   6.2222222e-01   1.6666667e-01
   1.4503817e-01   5.5555556e-01   6.3333333e-01   1.6666667e-01
   1.3240805e-01   5.5555556e-01   6.3333333e-01   1.6666667e-01
   1.2158223e-01   5.6666667e-01   6.4444444e-01   1.6666667e-01
   8.8410826e-02   6.1111111e-01   6.4444444e-01   1.6666667e-01
   6.2595420e-02   6.2222222e-01   6.4444444e-01   1.6666667e-01
   4.8716169e-02   6.3333333e-01   6.5555556e-01   1.6666667e-01
   3.6918806e-02   6.3333333e-01   6.5555556e-01   1.6666667e-01
   3.1228314e-02   6.4444444e-01   6.5555556e-01   1.6666667e-01
   2.8452464e-02   6.5555556e-01   6.5555556e-01   1.6666667e-01
   2.6092991e-02   6.5555556e-01   6.5555556e-01   1.6666667e-01
   1.9153366e-02   6.5277778e-01   6.5555556e-01   0.0000000e+00
   2.5676613e-02   6.5000000e-01   6.5555556e-01   0.0000000e+00
   2.8452464e-02   6.4722222e-01   6.5555556e-01   0.0000000e+00
   3.8306731e-02   6.4444444e-01   6.5555556e-01   1.6666667e-01
   4.2609299e-02   6.4444444e-01   6.5555556e-01   1.6666667e-01
   4.3025677e-02   6.4444444e-01   6.5555556e-01   1.6666667e-01
   3.7751561e-02   6.4444444e-01   6.5555556e-01   1.6666667e-01
   2.0263706e-02   6.4444444e-01   6.5555556e-01   0.0000000e+00
