   3.2400000e+02
   1.2968903e-02   2.5531915e-01   3.8297872e-01   0.0000000e+00
   5.1875610e-02   2.5531915e-01   3.8297872e-01   3.3333333e-01
   1.1741738e-01   2.3404255e-01   3.8297872e-01   3.3333333e-01
   3.1725003e-01   8.5106383e-02   6.5957447e-01   6.6666667e-01
   6.6029842e-01   2.1276596e-02   6.8085106e-01   1.6666667e-01
   9.2232604e-01   0.0000000e+00   7.0212766e-01   1.6666667e-01
   1.0000000e+00   0.0000000e+00   7.0212766e-01   1.6666667e-01
   9.7029703e-01   0.0000000e+00   7.0212766e-01   1.6666667e-01
   8.9318087e-01   2.1276596e-02   7.2340426e-01   1.6666667e-01
   7.8942965e-01   2.1276596e-02   7.2340426e-01   1.6666667e-01
   6.6448194e-01   4.2553191e-02   7.2340426e-01   1.6666667e-01
   5.1833775e-01   2.1276596e-01   7.2340426e-01   1.6666667e-01
   3.4095663e-01   3.8297872e-01   6.5957447e-01   1.6666667e-01
   1.9076837e-01   4.0425532e-01   5.7446809e-01   1.6666667e-01
   1.3401199e-01   4.0425532e-01   5.5319149e-01   1.6666667e-01
   9.4826384e-02   4.2553191e-01   5.1063830e-01   1.6666667e-01
   7.0283085e-02   4.0425532e-01   4.8936170e-01   1.6666667e-01
   4.6994840e-02   4.0425532e-01   4.4680851e-01   1.6666667e-01
   3.6954400e-02   4.0425532e-01   4.4680851e-01   1.6666667e-01
   4.0161763e-02   4.0425532e-01   4.2553191e-01   1.6666667e-01
   3.6117696e-02   4.0425532e-01   4.2553191e-01   1.6666667e-01
   2.4961651e-02   4.0425532e-01   4.0425532e-01   1.6666667e-01
   7.9486822e-03   3.9607201e-01   3.9607201e-01   0.0000000e+00
   9.7615395e-04   3.8788871e-01   3.8788871e-01   0.0000000e+00
   1.2550551e-03   3.7970540e-01   3.7970540e-01   0.0000000e+00
   1.2550551e-03   3.7152209e-01   3.7152209e-01   0.0000000e+00
   1.2550551e-03   3.6333879e-01   3.6333879e-01   0.0000000e+00
   1.2550551e-03   3.5515548e-01   3.5515548e-01   0.0000000e+00
   1.2550551e-03   3.4697218e-01   3.4697218e-01   0.0000000e+00
   1.2550551e-03   3.3878887e-01   3.3878887e-01   0.0000000e+00
   1.2550551e-03   3.3060556e-01   3.3060556e-01   0.0000000e+00
   1.2550551e-03   3.2242226e-01   3.2242226e-01   0.0000000e+00
   1.2550551e-03   3.1423895e-01   3.1423895e-01   0.0000000e+00
   2.3706596e-03   3.0605565e-01   3.0605565e-01   0.0000000e+00
   4.4066378e-02   2.9787234e-01   2.9787234e-01   1.6666667e-01
   2.4640915e-01   2.7659574e-01   5.9574468e-01   3.3333333e-01
   4.7315577e-01   2.5531915e-01   6.5957447e-01   1.6666667e-01
   6.4286710e-01   1.9148936e-01   6.5957447e-01   1.6666667e-01
   7.7088272e-01   8.5106383e-02   6.8085106e-01   1.6666667e-01
   8.1731976e-01   8.5106383e-02   6.8085106e-01   1.6666667e-01
   7.9096360e-01   6.3829787e-02   6.8085106e-01   1.6666667e-01
   7.2751360e-01   6.3829787e-02   7.0212766e-01   1.6666667e-01
   6.2850370e-01   8.5106383e-02   7.0212766e-01   1.6666667e-01
   4.9198159e-01   1.0638298e-01   7.0212766e-01   3.3333333e-01
   3.4444289e-01   2.1276596e-01   6.8085106e-01   3.3333333e-01
   1.9341793e-01   2.3404255e-01   6.3829787e-01   3.3333333e-01
   1.0974759e-01   4.6808511e-01   5.9574468e-01   1.6666667e-01
   6.5820667e-02   4.6808511e-01   5.5319149e-01   3.3333333e-01
   3.2910333e-02   4.4680851e-01   4.8936170e-01   1.6666667e-01
   4.9365500e-02   4.2553191e-01   4.6808511e-01   1.6666667e-01
   5.7732534e-02   4.2553191e-01   4.6808511e-01   1.6666667e-01
   7.0840887e-02   4.2553191e-01   4.6808511e-01   1.6666667e-01
   1.0207781e-01   4.2553191e-01   4.8936170e-01   1.6666667e-01
   1.2550551e-01   4.2553191e-01   4.8936170e-01   1.6666667e-01
   1.4893320e-01   4.2553191e-01   5.3191489e-01   1.6666667e-01
   1.6803793e-01   4.2553191e-01   5.5319149e-01   1.6666667e-01
   1.7598661e-01   4.4680851e-01   5.7446809e-01   1.6666667e-01
   1.7752057e-01   4.4680851e-01   5.9574468e-01   1.6666667e-01
   1.5381397e-01   4.6808511e-01   6.1702128e-01   1.6666667e-01
   1.2843397e-01   4.8936170e-01   6.1702128e-01   1.6666667e-01
   1.0891089e-01   5.3191489e-01   6.3829787e-01   1.6666667e-01
   8.4646493e-02   5.7446809e-01   6.3829787e-01   1.6666667e-01
   5.8987589e-02   5.9574468e-01   6.3829787e-01   1.6666667e-01
   5.4106819e-02   6.1702128e-01   6.5957447e-01   1.6666667e-01
   4.5321434e-02   6.1702128e-01   6.5957447e-01   1.6666667e-01
   4.3229675e-02   6.3829787e-01   6.5957447e-01   1.6666667e-01
   4.2811323e-02   6.3829787e-01   6.5957447e-01   1.6666667e-01
   4.4205829e-02   6.3829787e-01   6.8085106e-01   1.6666667e-01
   4.4624181e-02   6.3829787e-01   6.8085106e-01   1.6666667e-01
   4.1695719e-02   6.3829787e-01   6.8085106e-01   1.6666667e-01
   3.6814949e-02   6.3829787e-01   6.8085106e-01   1.6666667e-01
   3.2352531e-02   6.3829787e-01   6.8085106e-01   1.6666667e-01
   2.9702970e-02   6.3829787e-01   6.5957447e-01   1.6666667e-01
   2.8308465e-02   6.3829787e-01   6.5957447e-01   1.6666667e-01
   2.7611212e-02   6.3829787e-01   6.3829787e-01   1.6666667e-01
   2.3985497e-02   6.3829787e-01   6.3829787e-01   1.6666667e-01
   7.9486822e-03   6.2821948e-01   6.3157895e-01   0.0000000e+00
   8.3670339e-04   6.1814110e-01   6.2486002e-01   0.0000000e+00
   2.0917585e-03   6.0806271e-01   6.1814110e-01   0.0000000e+00
   1.5339562e-02   5.9798432e-01   6.1142217e-01   0.0000000e+00
   1.6873518e-02   5.8790594e-01   6.0470325e-01   0.0000000e+00
   1.6315716e-02   5.7782755e-01   5.9798432e-01   0.0000000e+00
   7.6697811e-03   5.6774916e-01   5.9126540e-01   0.0000000e+00
   9.7615395e-04   5.5767077e-01   5.8454647e-01   0.0000000e+00
   1.2550551e-03   5.4759239e-01   5.7782755e-01   0.0000000e+00
   1.2550551e-03   5.3751400e-01   5.7110862e-01   0.0000000e+00
   1.2550551e-03   5.2743561e-01   5.6438970e-01   0.0000000e+00
   1.2550551e-03   5.1735722e-01   5.5767077e-01   0.0000000e+00
   1.2550551e-03   5.0727884e-01   5.5095185e-01   0.0000000e+00
   1.2550551e-03   4.9720045e-01   5.4423292e-01   0.0000000e+00
   1.2550551e-03   4.8712206e-01   5.3751400e-01   0.0000000e+00
   1.2550551e-03   4.7704367e-01   5.3079507e-01   0.0000000e+00
   1.5339562e-03   4.6696529e-01   5.2407615e-01   0.0000000e+00
   1.2132199e-02   4.5688690e-01   5.1735722e-01   0.0000000e+00
   8.2694185e-02   4.4680851e-01   5.1063830e-01   1.6666667e-01
   1.5688189e-01   4.2553191e-01   5.5319149e-01   1.6666667e-01
   2.2590991e-01   4.0425532e-01   5.7446809e-01   1.6666667e-01
   2.5798354e-01   4.0425532e-01   5.9574468e-01   1.6666667e-01
   2.7694882e-01   4.0425532e-01   6.1702128e-01   1.6666667e-01
   2.8224794e-01   3.8297872e-01   6.3829787e-01   1.6666667e-01
   2.8280575e-01   3.6170213e-01   6.3829787e-01   1.6666667e-01
   2.6370102e-01   3.6170213e-01   6.5957447e-01   3.3333333e-01
   2.1879794e-01   3.6170213e-01   6.5957447e-01   3.3333333e-01
   1.8463255e-01   3.6170213e-01   6.5957447e-01   3.3333333e-01
   1.5116441e-01   3.6170213e-01   6.8085106e-01   3.3333333e-01
   1.4321573e-01   3.6170213e-01   6.8085106e-01   3.3333333e-01
   1.2536606e-01   3.6170213e-01   6.8085106e-01   3.3333333e-01
   1.3219914e-01   3.6170213e-01   6.8085106e-01   3.3333333e-01
   1.6469112e-01   3.8297872e-01   7.0212766e-01   3.3333333e-01
   2.0945475e-01   3.8297872e-01   7.0212766e-01   3.3333333e-01
   2.4152838e-01   3.8297872e-01   6.8085106e-01   3.3333333e-01
   2.2186585e-01   4.0425532e-01   6.8085106e-01   3.3333333e-01
   1.8783991e-01   4.2553191e-01   5.9574468e-01   1.6666667e-01
   1.3875331e-01   4.2553191e-01   5.9574468e-01   1.6666667e-01
   9.9149352e-02   4.4680851e-01   5.5319149e-01   1.6666667e-01
   6.2473853e-02   4.4680851e-01   4.8936170e-01   1.6666667e-01
   2.9842421e-02   4.6808511e-01   4.8936170e-01   1.6666667e-01
   1.9801980e-02   4.6808511e-01   4.6808511e-01   1.6666667e-01
   1.8128573e-02   4.6453901e-01   4.6808511e-01   0.0000000e+00
   1.6455167e-02   4.6099291e-01   4.6808511e-01   0.0000000e+00
   1.4781760e-02   4.5744681e-01   4.6808511e-01   0.0000000e+00
   9.0642867e-03   4.5390071e-01   4.6808511e-01   0.0000000e+00
   2.3706596e-02   4.5035461e-01   4.6808511e-01   0.0000000e+00
   2.7192860e-02   4.4680851e-01   4.6808511e-01   1.6666667e-01
   3.1515828e-02   4.4680851e-01   4.6808511e-01   1.6666667e-01
   4.1835169e-02   4.4680851e-01   4.6808511e-01   1.6666667e-01
   5.1875610e-02   4.2553191e-01   4.6808511e-01   1.6666667e-01
   7.6418909e-02   4.2553191e-01   4.6808511e-01   1.6666667e-01
   1.0333287e-01   4.0425532e-01   4.8936170e-01   1.6666667e-01
   1.5214057e-01   4.0425532e-01   5.1063830e-01   1.6666667e-01
   2.1335936e-01   3.8297872e-01   5.5319149e-01   1.6666667e-01
   2.5909915e-01   3.8297872e-01   5.7446809e-01   1.6666667e-01
   2.8461860e-01   3.8297872e-01   5.9574468e-01   1.6666667e-01
   2.8001673e-01   4.0425532e-01   6.1702128e-01   1.6666667e-01
   2.5156882e-01   4.0425532e-01   6.3829787e-01   1.6666667e-01
   2.2465486e-01   4.2553191e-01   6.5957447e-01   1.6666667e-01
   1.7389485e-01   4.8936170e-01   6.5957447e-01   1.6666667e-01
   1.3024683e-01   5.3191489e-01   6.8085106e-01   1.6666667e-01
   9.5244736e-02   6.1702128e-01   6.8085106e-01   1.6666667e-01
   6.4286710e-02   6.3829787e-01   6.8085106e-01   1.6666667e-01
   6.0242644e-02   6.3829787e-01   7.0212766e-01   1.6666667e-01
   5.7593083e-02   6.3829787e-01   7.0212766e-01   1.6666667e-01
   5.6059127e-02   6.3829787e-01   7.0212766e-01   1.6666667e-01
   6.3310556e-02   6.3829787e-01   7.0212766e-01   1.6666667e-01
   6.3450007e-02   6.1702128e-01   6.8085106e-01   1.6666667e-01
   6.1916051e-02   6.1702128e-01   6.8085106e-01   1.6666667e-01
   6.7494073e-02   5.9574468e-01   6.8085106e-01   1.6666667e-01
   8.5762097e-02   5.3191489e-01   6.5957447e-01   1.6666667e-01
   9.4408032e-02   5.3191489e-01   6.3829787e-01   1.6666667e-01
   1.1379166e-01   4.8936170e-01   6.1702128e-01   1.6666667e-01
   1.5743969e-01   4.4680851e-01   6.1702128e-01   1.6666667e-01
   2.1015200e-01   4.0425532e-01   5.7446809e-01   1.6666667e-01
   2.3943662e-01   3.8297872e-01   5.5319149e-01   1.6666667e-01
   2.6774508e-01   3.8297872e-01   5.5319149e-01   1.6666667e-01
   2.7527541e-01   3.6170213e-01   5.5319149e-01   1.6666667e-01
   2.9145168e-01   3.6170213e-01   5.7446809e-01   1.6666667e-01
   2.9521685e-01   3.8297872e-01   5.7446809e-01   1.6666667e-01
   2.8099289e-01   3.8297872e-01   5.9574468e-01   1.6666667e-01
   2.5031376e-01   3.8297872e-01   5.9574468e-01   1.6666667e-01
   2.1224376e-01   4.0425532e-01   6.1702128e-01   1.6666667e-01
   1.6524892e-01   4.4680851e-01   6.1702128e-01   1.6666667e-01
   1.0932924e-01   5.5319149e-01   6.3829787e-01   1.6666667e-01
   9.2734626e-02   5.7446809e-01   6.3829787e-01   1.6666667e-01
   8.3949240e-02   5.9574468e-01   6.3829787e-01   1.6666667e-01
   8.5622647e-02   5.9574468e-01   6.5957447e-01   1.6666667e-01
   8.3112537e-02   5.9574468e-01   6.5957447e-01   1.6666667e-01
   7.6000558e-02   5.9574468e-01   6.5957447e-01   1.6666667e-01
   7.7395063e-02   5.9574468e-01   6.5957447e-01   1.6666667e-01
   8.1578580e-02   5.9574468e-01   6.5957447e-01   1.6666667e-01
   7.6697811e-02   5.9574468e-01   6.5957447e-01   1.6666667e-01
   6.8191326e-02   5.7446809e-01   6.5957447e-01   1.6666667e-01
   6.5541765e-02   5.5319149e-01   6.3829787e-01   1.6666667e-01
   7.9486822e-02   5.1063830e-01   6.1702128e-01   1.6666667e-01
   9.5802538e-02   4.8936170e-01   5.9574468e-01   1.6666667e-01
   1.1755683e-01   4.6808511e-01   5.9574468e-01   1.6666667e-01
   1.4070562e-01   4.4680851e-01   5.9574468e-01   1.6666667e-01
   2.2228420e-01   3.4042553e-01   5.7446809e-01   1.6666667e-01
   2.7290476e-01   3.1914894e-01   5.7446809e-01   1.6666667e-01
   2.8880212e-01   3.1914894e-01   5.5319149e-01   1.6666667e-01
   2.8754706e-01   2.9787234e-01   5.3191489e-01   1.6666667e-01
   2.7360201e-01   2.9787234e-01   5.1063830e-01   1.6666667e-01
   2.5561289e-01   2.9787234e-01   4.8936170e-01   1.6666667e-01
   2.5282387e-01   3.1914894e-01   7.2340426e-01   3.3333333e-01
   2.6802399e-01   3.1914894e-01   7.4468085e-01   3.3333333e-01
   2.6649003e-01   3.4042553e-01   7.4468085e-01   3.3333333e-01
   2.7471761e-01   3.6170213e-01   7.4468085e-01   5.0000000e-01
   2.9312509e-01   4.4680851e-01   7.4468085e-01   1.6666667e-01
   3.2254916e-01   4.6808511e-01   7.2340426e-01   1.6666667e-01
   3.1404267e-01   4.8936170e-01   7.2340426e-01   1.6666667e-01
   2.6844234e-01   5.1063830e-01   7.2340426e-01   1.6666667e-01
   2.1796123e-01   5.3191489e-01   7.2340426e-01   1.6666667e-01
   1.6873518e-01   5.5319149e-01   7.2340426e-01   1.6666667e-01
   1.2411100e-01   5.7446809e-01   7.0212766e-01   1.6666667e-01
   7.5582206e-02   5.9574468e-01   6.5957447e-01   1.6666667e-01
   2.5240552e-02   6.3829787e-01   6.3829787e-01   1.6666667e-01
   0.0000000e+00   6.1508704e-01   6.2669246e-01   0.0000000e+00
   1.2550551e-03   5.9187621e-01   6.1508704e-01   0.0000000e+00
   1.2550551e-03   5.6866538e-01   6.0348162e-01   0.0000000e+00
   1.2550551e-03   5.4545455e-01   5.9187621e-01   0.0000000e+00
   1.2550551e-03   5.2224371e-01   5.8027079e-01   0.0000000e+00
   1.2550551e-03   4.9903288e-01   5.6866538e-01   0.0000000e+00
   1.2550551e-03   4.7582205e-01   5.5705996e-01   0.0000000e+00
   1.2550551e-03   4.5261122e-01   5.4545455e-01   0.0000000e+00
   1.5339562e-03   4.2940039e-01   5.3384913e-01   0.0000000e+00
   1.3108353e-02   4.0618956e-01   5.2224371e-01   0.0000000e+00
   1.1421001e-01   3.8297872e-01   5.1063830e-01   1.6666667e-01
   2.2005299e-01   3.8297872e-01   5.3191489e-01   1.6666667e-01
   2.7722772e-01   3.6170213e-01   5.5319149e-01   1.6666667e-01
   3.0720959e-01   3.6170213e-01   5.7446809e-01   1.6666667e-01
   3.1487938e-01   3.6170213e-01   5.9574468e-01   1.6666667e-01
   3.0079487e-01   3.4042553e-01   6.1702128e-01   1.6666667e-01
   2.8573421e-01   3.4042553e-01   6.1702128e-01   1.6666667e-01
   2.6146981e-01   3.4042553e-01   6.3829787e-01   1.6666667e-01
   2.2019244e-01   3.4042553e-01   6.3829787e-01   3.3333333e-01
   1.5911309e-01   3.4042553e-01   6.3829787e-01   3.3333333e-01
   1.3903221e-01   3.4042553e-01   6.3829787e-01   3.3333333e-01
   1.4126342e-01   3.4042553e-01   6.5957447e-01   3.3333333e-01
   1.4447079e-01   3.4042553e-01   6.5957447e-01   3.3333333e-01
   1.5520848e-01   3.6170213e-01   6.5957447e-01   3.3333333e-01
   1.7333705e-01   3.6170213e-01   6.5957447e-01   3.3333333e-01
   2.1517222e-01   3.6170213e-01   6.5957447e-01   3.3333333e-01
   2.7011574e-01   3.8297872e-01   6.3829787e-01   1.6666667e-01
   2.9103333e-01   3.8297872e-01   6.3829787e-01   1.6666667e-01
   2.7653047e-01   4.0425532e-01   6.1702128e-01   1.6666667e-01
   2.5951750e-01   4.2553191e-01   6.1702128e-01   1.6666667e-01
   2.4389904e-01   4.2553191e-01   5.9574468e-01   1.6666667e-01
   2.2855948e-01   4.4680851e-01   5.9574468e-01   1.6666667e-01
   2.1252266e-01   4.4680851e-01   5.9574468e-01   1.6666667e-01
   2.0025101e-01   4.6808511e-01   5.9574468e-01   1.6666667e-01
   1.7054804e-01   4.6808511e-01   6.1702128e-01   1.6666667e-01
   1.3903221e-01   5.1063830e-01   6.1702128e-01   1.6666667e-01
   1.1630177e-01   5.3191489e-01   6.3829787e-01   1.6666667e-01
   8.6319900e-02   5.7446809e-01   6.3829787e-01   1.6666667e-01
   6.7912425e-02   5.9574468e-01   6.3829787e-01   1.6666667e-01
   6.1358249e-02   5.9574468e-01   6.5957447e-01   1.6666667e-01
   5.5919676e-02   6.1702128e-01   6.5957447e-01   1.6666667e-01
   4.6018686e-02   6.1702128e-01   6.5957447e-01   1.6666667e-01
   4.6297588e-02   6.1702128e-01   6.5957447e-01   1.6666667e-01
   5.9545391e-02   6.1702128e-01   6.5957447e-01   1.6666667e-01
   6.1218798e-02   6.1702128e-01   6.5957447e-01   1.6666667e-01
   6.0242644e-02   5.9574468e-01   6.5957447e-01   1.6666667e-01
   5.2712313e-02   5.9574468e-01   6.5957447e-01   1.6666667e-01
   5.7453633e-02   5.9574468e-01   6.5957447e-01   1.6666667e-01
   5.2015061e-02   5.9574468e-01   6.3829787e-01   1.6666667e-01
   4.7970994e-02   5.9574468e-01   6.1702128e-01   1.6666667e-01
   4.3926928e-02   6.1702128e-01   6.1702128e-01   1.6666667e-01
   4.5460884e-02   5.7446809e-01   5.7446809e-01   0.0000000e+00
   3.3328685e-02   5.3191489e-01   5.3191489e-01   1.6666667e-01
   4.2950774e-02   5.1063830e-01   5.3191489e-01   1.6666667e-01
   3.7233301e-02   4.8936170e-01   5.1063830e-01   1.6666667e-01
   4.0580114e-02   4.6808511e-01   4.8936170e-01   1.6666667e-01
   2.5101102e-02   4.6808511e-01   4.6808511e-01   1.6666667e-01
   2.2730442e-02   4.4680851e-01   4.4680851e-01   0.0000000e+00
   1.8825826e-02   4.2553191e-01   4.2553191e-01   1.6666667e-01
   3.4862641e-02   4.2553191e-01   4.4680851e-01   1.6666667e-01
   6.9306931e-02   4.2553191e-01   4.6808511e-01   1.6666667e-01
   9.7197044e-02   4.2553191e-01   4.8936170e-01   1.6666667e-01
   1.3959002e-01   4.2553191e-01   5.3191489e-01   1.6666667e-01
   2.1796123e-01   4.2553191e-01   6.1702128e-01   1.6666667e-01
   2.7053410e-01   4.4680851e-01   6.3829787e-01   1.6666667e-01
   2.7653047e-01   4.4680851e-01   6.3829787e-01   1.6666667e-01
   2.7639102e-01   4.6808511e-01   6.5957447e-01   1.6666667e-01
   2.5631014e-01   4.6808511e-01   6.5957447e-01   1.6666667e-01
   2.4250453e-01   4.8936170e-01   6.5957447e-01   1.6666667e-01
   2.1098870e-01   4.8936170e-01   6.5957447e-01   1.6666667e-01
   1.7347650e-01   4.6808511e-01   6.5957447e-01   1.6666667e-01
   1.4447079e-01   4.6808511e-01   6.3829787e-01   1.6666667e-01
   1.0542463e-01   4.8936170e-01   5.7446809e-01   1.6666667e-01
   7.3629898e-02   4.8936170e-01   5.5319149e-01   1.6666667e-01
   4.7413192e-02   4.4680851e-01   4.4680851e-01   1.6666667e-01
   3.5141542e-02   4.2553191e-01   4.4680851e-01   1.6666667e-01
   3.6675499e-02   4.0425532e-01   4.2553191e-01   1.6666667e-01
   5.8011435e-02   4.0425532e-01   4.2553191e-01   1.6666667e-01
   7.4048250e-02   3.8297872e-01   4.4680851e-01   1.6666667e-01
   9.1061219e-02   3.8297872e-01   4.4680851e-01   1.6666667e-01
   1.0500628e-01   4.0425532e-01   4.6808511e-01   1.6666667e-01
   1.1211825e-01   4.0425532e-01   5.1063830e-01   1.6666667e-01
   1.2160089e-01   4.0425532e-01   5.3191489e-01   1.6666667e-01
   1.2843397e-01   4.2553191e-01   5.5319149e-01   1.6666667e-01
   1.2201924e-01   4.4680851e-01   5.5319149e-01   1.6666667e-01
   1.3707991e-01   0.0000000e+00   5.7446809e-01   3.3333333e-01
   1.3150188e-01   0.0000000e+00   5.9574468e-01   3.3333333e-01
   1.2257705e-01   0.0000000e+00   5.9574468e-01   3.3333333e-01
   1.1574397e-01   0.0000000e+00   5.9574468e-01   3.3333333e-01
   1.0626133e-01   0.0000000e+00   6.1702128e-01   3.3333333e-01
   9.9846604e-02   0.0000000e+00   6.1702128e-01   3.3333333e-01
   9.4129131e-02   0.0000000e+00   6.1702128e-01   3.3333333e-01
   9.2595175e-02   0.0000000e+00   6.3829787e-01   3.3333333e-01
   8.6319900e-02   0.0000000e+00   6.3829787e-01   3.3333333e-01
   8.8132757e-02   0.0000000e+00   6.3829787e-01   3.3333333e-01
   8.7296054e-02   2.1276596e-02   6.3829787e-01   3.3333333e-01
   8.9806164e-02   2.1276596e-02   6.3829787e-01   3.3333333e-01
   8.0044624e-02   2.1276596e-02   6.3829787e-01   3.3333333e-01
   7.6418909e-02   2.1276596e-02   6.1702128e-01   3.3333333e-01
   7.9068470e-02   2.1276596e-02   6.1702128e-01   3.3333333e-01
   7.7813415e-02   4.2553191e-02   6.1702128e-01   3.3333333e-01
   7.3490448e-02   4.2553191e-02   6.1702128e-01   3.3333333e-01
   7.6140008e-02   4.2553191e-02   6.1702128e-01   3.3333333e-01
   7.3072096e-02   6.3829787e-02   6.1702128e-01   3.3333333e-01
   7.7116162e-02   6.3829787e-02   1.0638298e-01   1.6666667e-01
   6.8888579e-02   6.3829787e-02   1.0638298e-01   1.6666667e-01
   6.9028030e-02   8.5106383e-02   5.7446809e-01   3.3333333e-01
   6.2473853e-02   8.5106383e-02   1.2765957e-01   1.6666667e-01
   1.2090364e-01   1.0638298e-01   4.4680851e-01   3.3333333e-01
   2.3288244e-01   1.0638298e-01   4.8936170e-01   3.3333333e-01
   3.1669223e-01   1.2765957e-01   5.1063830e-01   3.3333333e-01
   3.7874773e-01   1.2765957e-01   5.3191489e-01   3.3333333e-01
   4.0496444e-01   1.4893617e-01   5.5319149e-01   3.3333333e-01
   3.9952587e-01   1.7021277e-01   5.5319149e-01   3.3333333e-01
   3.8976433e-01   1.7021277e-01   5.7446809e-01   3.3333333e-01
   3.7832938e-01   1.9148936e-01   5.7446809e-01   3.3333333e-01
   3.5713290e-01   1.9148936e-01   5.7446809e-01   5.0000000e-01
   3.2338586e-01   2.1276596e-01   5.9574468e-01   3.3333333e-01
   3.1962069e-01   2.3404255e-01   5.9574468e-01   3.3333333e-01
   3.2882443e-01   2.5531915e-01   5.9574468e-01   3.3333333e-01
   3.3760982e-01   2.7659574e-01   5.9574468e-01   3.3333333e-01
   3.5573839e-01   2.9787234e-01   6.1702128e-01   1.6666667e-01
   3.5113652e-01   3.1914894e-01   6.1702128e-01   1.6666667e-01
   3.1627388e-01   3.4042553e-01   6.1702128e-01   1.6666667e-01
   2.6551388e-01   3.6170213e-01   6.1702128e-01   1.6666667e-01
   2.2047134e-01   3.8297872e-01   6.1702128e-01   1.6666667e-01
   1.7347650e-01   4.0425532e-01   5.9574468e-01   1.6666667e-01
   1.1379166e-01   4.2553191e-01   5.3191489e-01   1.6666667e-01
   4.9086599e-02   4.2553191e-01   5.3191489e-01   0.0000000e+00
