   1.3200000e+02
   9.4800453e-02   4.2105263e-01   5.0877193e-01   1.6666667e-01
   2.0219061e-01   3.8596491e-01   5.4385965e-01   1.6666667e-01
   2.9057031e-01   3.6842105e-01   5.6140351e-01   1.6666667e-01
   3.4911243e-01   3.5087719e-01   5.7894737e-01   1.6666667e-01
   3.9846406e-01   3.3333333e-01   5.9649123e-01   1.6666667e-01
   4.4378698e-01   3.1578947e-01   6.1403509e-01   1.6666667e-01
   4.8419992e-01   2.9824561e-01   6.1403509e-01   1.6666667e-01
   5.1945109e-01   2.9824561e-01   6.3157895e-01   1.6666667e-01
   5.4097948e-01   2.9824561e-01   6.3157895e-01   1.6666667e-01
   5.5331739e-01   2.8070175e-01   6.4912281e-01   1.6666667e-01
   5.5898275e-01   2.8070175e-01   6.4912281e-01   1.6666667e-01
   5.4865920e-01   2.8070175e-01   6.6666667e-01   1.6666667e-01
   5.2083596e-01   2.8070175e-01   6.6666667e-01   1.6666667e-01
   4.7589072e-01   2.8070175e-01   6.6666667e-01   1.6666667e-01
   4.2427294e-01   2.8070175e-01   6.8421053e-01   3.3333333e-01
   3.6522724e-01   2.8070175e-01   6.8421053e-01   5.0000000e-01
   3.0995845e-01   2.8070175e-01   6.8421053e-01   3.3333333e-01
   2.6715347e-01   2.8070175e-01   6.8421053e-01   3.3333333e-01
   2.5129044e-01   2.8070175e-01   6.8421053e-01   3.3333333e-01
   2.5985144e-01   2.8070175e-01   6.8421053e-01   3.3333333e-01
   2.7155986e-01   2.9824561e-01   6.8421053e-01   3.3333333e-01
   2.7722523e-01   2.9824561e-01   6.8421053e-01   3.3333333e-01
   2.8339418e-01   2.9824561e-01   6.8421053e-01   3.3333333e-01
   3.0718872e-01   3.1578947e-01   6.6666667e-01   3.3333333e-01
   3.4483193e-01   3.3333333e-01   6.6666667e-01   3.3333333e-01
   3.7391414e-01   3.5087719e-01   6.6666667e-01   1.6666667e-01
   3.9078434e-01   3.5087719e-01   6.4912281e-01   1.6666667e-01
   4.0576608e-01   3.3333333e-01   6.3157895e-01   1.6666667e-01
   4.1621554e-01   3.1578947e-01   6.1403509e-01   1.6666667e-01
   4.2905703e-01   3.1578947e-01   5.9649123e-01   1.6666667e-01
   4.4529775e-01   2.9824561e-01   5.9649123e-01   1.6666667e-01
   4.7337278e-01   2.9824561e-01   5.9649123e-01   1.6666667e-01
   4.9540476e-01   2.8070175e-01   6.1403509e-01   1.6666667e-01
   5.0988292e-01   2.8070175e-01   6.1403509e-01   1.6666667e-01
   4.9527886e-01   2.8070175e-01   6.3157895e-01   1.6666667e-01
   4.3950648e-01   2.8070175e-01   6.3157895e-01   1.6666667e-01
   3.7177389e-01   2.9824561e-01   6.4912281e-01   1.6666667e-01
   2.9825003e-01   3.1578947e-01   6.4912281e-01   1.6666667e-01
   2.2472617e-01   3.3333333e-01   6.6666667e-01   3.3333333e-01
   1.5837845e-01   5.7894737e-01   6.6666667e-01   1.6666667e-01
   9.6814805e-02   5.9649123e-01   6.6666667e-01   1.6666667e-01
   9.3037895e-02   6.1403509e-01   6.8421053e-01   1.6666667e-01
   9.0645852e-02   6.3157895e-01   6.8421053e-01   1.6666667e-01
   8.8505602e-02   6.3157895e-01   6.8421053e-01   1.6666667e-01
   8.9135087e-02   6.3157895e-01   6.8421053e-01   1.6666667e-01
   8.7372529e-02   6.3157895e-01   6.8421053e-01   1.6666667e-01
   8.7750220e-02   6.3157895e-01   6.8421053e-01   1.6666667e-01
   9.1527131e-02   6.1403509e-01   6.8421053e-01   1.6666667e-01
   9.4170968e-02   6.1403509e-01   6.8421053e-01   1.6666667e-01
   8.6868941e-02   6.1403509e-01   6.8421053e-01   1.6666667e-01
   7.7930253e-02   6.1403509e-01   6.8421053e-01   1.6666667e-01
   7.2013093e-02   5.9649123e-01   6.6666667e-01   1.6666667e-01
   6.4207478e-02   5.9649123e-01   6.6666667e-01   1.6666667e-01
   5.1491880e-02   5.9649123e-01   6.4912281e-01   1.6666667e-01
   3.8146796e-02   5.9649123e-01   6.1403509e-01   1.6666667e-01
   2.9459902e-02   5.5701754e-01   5.9210526e-01   0.0000000e+00
   1.6618406e-02   5.1754386e-01   5.7017544e-01   0.0000000e+00
   1.5863024e-02   4.7807018e-01   5.4824561e-01   0.0000000e+00
   8.5735868e-02   4.3859649e-01   5.2631579e-01   1.6666667e-01
   1.7235302e-01   4.2105263e-01   5.6140351e-01   1.6666667e-01
   2.3517563e-01   4.2105263e-01   5.7894737e-01   1.6666667e-01
   2.8276470e-01   1.7543860e-02   5.9649123e-01   3.3333333e-01
   3.3186453e-01   0.0000000e+00   5.9649123e-01   3.3333333e-01
   3.6975954e-01   0.0000000e+00   6.1403509e-01   3.3333333e-01
   3.7832053e-01   0.0000000e+00   6.1403509e-01   3.3333333e-01
   3.5880650e-01   0.0000000e+00   6.3157895e-01   3.3333333e-01
   3.2519199e-01   1.7543860e-02   6.3157895e-01   3.3333333e-01
   2.8024676e-01   1.7543860e-02   6.4912281e-01   3.3333333e-01
   2.2397079e-01   3.5087719e-02   6.4912281e-01   5.0000000e-01
   1.7512275e-01   3.5087719e-02   6.4912281e-01   3.3333333e-01
   1.3055521e-01   5.2631579e-02   6.4912281e-01   3.3333333e-01
   1.0046582e-01   5.9649123e-01   6.6666667e-01   1.6666667e-01
   7.8811532e-02   6.1403509e-01   6.6666667e-01   1.6666667e-01
   7.5538210e-02   6.1403509e-01   6.6666667e-01   1.6666667e-01
   7.2264887e-02   6.1403509e-01   6.6666667e-01   1.6666667e-01
   6.8362080e-02   6.1403509e-01   6.6666667e-01   1.6666667e-01
   6.4459272e-02   6.1403509e-01   6.6666667e-01   1.6666667e-01
   6.1311847e-02   6.1403509e-01   6.6666667e-01   1.6666667e-01
   5.7660833e-02   6.1403509e-01   6.6666667e-01   1.6666667e-01
   5.2499056e-02   6.1403509e-01   6.4912281e-01   1.6666667e-01
   4.8596248e-02   6.1403509e-01   6.4912281e-01   1.6666667e-01
   4.2553191e-02   5.9649123e-01   6.4912281e-01   1.6666667e-01
   3.0467078e-02   5.9649123e-01   6.1403509e-01   1.6666667e-01
   2.4046330e-02   6.1403509e-01   6.1403509e-01   1.6666667e-01
   1.7121994e-02   5.9868421e-01   6.0526316e-01   0.0000000e+00
   9.4422762e-03   5.8333333e-01   5.9649123e-01   0.0000000e+00
   2.5179403e-04   5.6798246e-01   5.8771930e-01   0.0000000e+00
   1.1330731e-03   5.5263158e-01   5.7894737e-01   0.0000000e+00
   1.1330731e-03   5.3728070e-01   5.7017544e-01   0.0000000e+00
   0.0000000e+00   5.2192982e-01   5.6140351e-01   0.0000000e+00
   7.4279240e-03   5.0657895e-01   5.5263158e-01   0.0000000e+00
   4.6330102e-02   4.9122807e-01   5.4385965e-01   1.6666667e-01
   1.0713836e-01   4.7368421e-01   5.6140351e-01   1.6666667e-01
   1.6668765e-01   4.7368421e-01   5.7894737e-01   1.6666667e-01
   2.0521214e-01   4.5614035e-01   5.9649123e-01   1.6666667e-01
   2.4424021e-01   4.3859649e-01   6.1403509e-01   1.6666667e-01
   2.7659574e-01   4.3859649e-01   6.1403509e-01   1.6666667e-01
   2.9359184e-01   4.3859649e-01   6.3157895e-01   1.6666667e-01
   2.8717109e-01   4.3859649e-01   6.3157895e-01   1.6666667e-01
   2.7168576e-01   4.3859649e-01   6.3157895e-01   1.6666667e-01
   2.5620043e-01   4.3859649e-01   6.4912281e-01   1.6666667e-01
   2.3353897e-01   4.3859649e-01   6.4912281e-01   1.6666667e-01
   2.1024802e-01   4.3859649e-01   6.4912281e-01   3.3333333e-01
   1.8519451e-01   4.3859649e-01   6.6666667e-01   3.3333333e-01
   1.6668765e-01   4.3859649e-01   6.6666667e-01   3.3333333e-01
   1.6127408e-01   4.5614035e-01   6.6666667e-01   3.3333333e-01
   1.7713710e-01   4.5614035e-01   6.6666667e-01   3.3333333e-01
   2.0861136e-01   4.5614035e-01   6.8421053e-01   3.3333333e-01
   3.0253053e-01   1.7543860e-01   6.8421053e-01   3.3333333e-01
   5.7748961e-01   3.5087719e-02   6.8421053e-01   5.0000000e-01
   8.5962483e-01   1.7543860e-02   6.8421053e-01   1.6666667e-01
   9.8904696e-01   1.7543860e-02   6.8421053e-01   1.6666667e-01
   1.0000000e+00   0.0000000e+00   6.8421053e-01   1.6666667e-01
   9.8199673e-01   0.0000000e+00   6.6666667e-01   1.6666667e-01
   9.4813043e-01   0.0000000e+00   6.6666667e-01   1.6666667e-01
   8.8933652e-01   1.7543860e-02   6.4912281e-01   1.6666667e-01
   7.9768349e-01   1.7543860e-02   6.3157895e-01   1.6666667e-01
   7.0552688e-01   3.5087719e-02   6.1403509e-01   1.6666667e-01
   6.0732721e-01   5.2631579e-02   6.1403509e-01   1.6666667e-01
   4.9641194e-01   1.5789474e-01   6.3157895e-01   1.6666667e-01
   3.6837467e-01   3.6842105e-01   6.3157895e-01   1.6666667e-01
   2.5859247e-01   4.2105263e-01   6.3157895e-01   1.6666667e-01
   1.9791011e-01   4.5614035e-01   6.4912281e-01   1.6666667e-01
   1.4755130e-01   5.4385965e-01   6.4912281e-01   1.6666667e-01
   1.0436863e-01   5.7894737e-01   6.4912281e-01   1.6666667e-01
   8.6113559e-02   5.9649123e-01   6.6666667e-01   1.6666667e-01
   6.5340551e-02   6.1403509e-01   6.6666667e-01   1.6666667e-01
   5.3128541e-02   6.3157895e-01   6.6666667e-01   1.6666667e-01
   4.5826514e-02   6.3157895e-01   6.6666667e-01   1.6666667e-01
   3.6258341e-02   6.4912281e-01   6.6666667e-01   1.6666667e-01
   2.6186579e-02   6.4912281e-01   6.6666667e-01   1.6666667e-01
   2.0773008e-02   6.4912281e-01   6.6666667e-01   0.0000000e+00
