   5.2700000e+02
   5.4677703e-02   5.1190476e-01   5.2380952e-01   1.6666667e-01
   1.3130173e-01   4.8809524e-01   5.3571429e-01   1.6666667e-01
   3.0474041e-01   2.5000000e-01   5.4761905e-01   5.0000000e-01
   5.7725107e-01   1.0714286e-01   5.3571429e-01   3.3333333e-01
   8.1376975e-01   1.1904762e-02   5.2380952e-01   3.3333333e-01
   9.1334337e-01   0.0000000e+00   4.7619048e-01   1.6666667e-01
   9.0356158e-01   0.0000000e+00   4.5238095e-01   1.6666667e-01
   8.5089039e-01   0.0000000e+00   4.2857143e-01   1.6666667e-01
   7.9395535e-01   1.1904762e-02   3.8095238e-01   1.6666667e-01
   7.5971909e-01   1.1904762e-02   3.8095238e-01   1.6666667e-01
   7.4316529e-01   2.3809524e-02   4.0476190e-01   1.6666667e-01
   7.0378731e-01   3.5714286e-02   4.2857143e-01   1.6666667e-01
   6.4346627e-01   8.3333333e-02   4.5238095e-01   1.6666667e-01
   6.5838977e-01   1.6666667e-01   5.8333333e-01   1.6666667e-01
   7.1770755e-01   2.2619048e-01   6.1904762e-01   1.6666667e-01
   7.0754954e-01   3.0952381e-01   6.1904762e-01   1.6666667e-01
   6.4597442e-01   3.3333333e-01   6.3095238e-01   1.6666667e-01
   5.9907198e-01   3.5714286e-01   6.4285714e-01   1.6666667e-01
   5.4100828e-01   3.8095238e-01   6.4285714e-01   1.6666667e-01
   5.0025082e-01   4.0476190e-01   6.4285714e-01   1.6666667e-01
   4.8896413e-01   4.2857143e-01   6.4285714e-01   1.6666667e-01
   4.9385503e-01   4.2857143e-01   6.4285714e-01   1.6666667e-01
   5.1705543e-01   4.1666667e-01   6.4285714e-01   1.6666667e-01
   5.3222975e-01   3.4523810e-01   6.4285714e-01   1.6666667e-01
   6.0897918e-01   9.5238095e-02   6.4285714e-01   5.0000000e-01
   7.4793078e-01   3.5714286e-02   6.0714286e-01   1.6666667e-01
   7.9596188e-01   3.5714286e-02   5.7142857e-01   1.6666667e-01
   7.3476298e-01   3.5714286e-02   5.4761905e-01   1.6666667e-01
   6.2327565e-01   4.7619048e-02   4.7619048e-01   5.0000000e-01
   4.9122147e-01   5.9523810e-02   3.6904762e-01   3.3333333e-01
   3.6769501e-01   9.5238095e-02   3.2142857e-01   3.3333333e-01
   2.9132180e-01   1.6666667e-01   3.2142857e-01   1.6666667e-01
   2.6310509e-01   2.0238095e-01   3.3333333e-01   1.6666667e-01
   2.4705292e-01   2.1428571e-01   3.5714286e-01   1.6666667e-01
   2.3739654e-01   2.5000000e-01   3.8095238e-01   1.6666667e-01
   2.3388513e-01   2.7380952e-01   3.9285714e-01   1.6666667e-01
   2.5608227e-01   2.9761905e-01   4.2857143e-01   1.6666667e-01
   2.8969150e-01   3.0952381e-01   4.6428571e-01   1.6666667e-01
   3.3496363e-01   3.3333333e-01   5.0000000e-01   1.6666667e-01
   3.5854026e-01   3.5714286e-01   5.2380952e-01   1.6666667e-01
   3.7471783e-01   3.6904762e-01   5.4761905e-01   1.6666667e-01
   4.3855029e-01   2.3809524e-01   5.8333333e-01   3.3333333e-01
   6.1311763e-01   2.3809524e-01   6.0714286e-01   3.3333333e-01
   7.9169802e-01   2.2619048e-01   6.1904762e-01   1.6666667e-01
   8.8424881e-01   2.2619048e-01   6.3095238e-01   1.6666667e-01
   8.8048658e-01   2.2619048e-01   6.3095238e-01   1.6666667e-01
   8.1903687e-01   2.3809524e-01   6.3095238e-01   1.6666667e-01
   7.1093554e-01   2.3809524e-01   6.4285714e-01   1.6666667e-01
   5.9117131e-01   2.5000000e-01   6.4285714e-01   1.6666667e-01
   4.4206170e-01   2.6190476e-01   6.4285714e-01   3.3333333e-01
   2.7351392e-01   2.6190476e-01   6.3095238e-01   5.0000000e-01
   1.1412089e-01   2.7380952e-01   3.0952381e-01   1.6666667e-01
   5.6182593e-02   2.8571429e-01   3.0952381e-01   1.6666667e-01
   4.7529471e-02   2.9761905e-01   3.0952381e-01   1.6666667e-01
   3.6619012e-02   2.9761905e-01   3.2142857e-01   1.6666667e-01
   3.0474041e-02   3.0952381e-01   3.2142857e-01   1.6666667e-01
   2.0692250e-02   3.2142857e-01   3.2142857e-01   1.6666667e-01
   1.6553800e-02   3.2142857e-01   3.2142857e-01   1.6666667e-01
   1.5550539e-02   3.2341270e-01   3.2341270e-01   0.0000000e+00
   1.3669426e-02   3.2539683e-01   3.2539683e-01   0.0000000e+00
   8.0260848e-03   3.2738095e-01   3.2738095e-01   0.0000000e+00
   1.2540757e-02   3.2936508e-01   3.2936508e-01   0.0000000e+00
   1.3544018e-02   3.3134921e-01   3.3134921e-01   0.0000000e+00
   2.0566842e-02   3.3333333e-01   3.3333333e-01   1.6666667e-01
   1.1399549e-01   8.3333333e-02   5.7142857e-01   5.0000000e-01
   2.5294708e-01   8.3333333e-02   5.8333333e-01   5.0000000e-01
   3.7057938e-01   8.3333333e-02   6.0714286e-01   5.0000000e-01
   4.2826687e-01   8.3333333e-02   6.1904762e-01   3.3333333e-01
   4.4344118e-01   8.3333333e-02   6.3095238e-01   3.3333333e-01
   3.9992476e-01   9.5238095e-02   6.3095238e-01   3.3333333e-01
   3.4462002e-01   1.0714286e-01   6.4285714e-01   3.3333333e-01
   2.7401555e-01   4.6428571e-01   6.4285714e-01   1.6666667e-01
   1.9977427e-01   4.7619048e-01   6.4285714e-01   1.6666667e-01
   1.3305744e-01   6.1904762e-01   6.5476190e-01   1.6666667e-01
   4.8908954e-02   6.1904762e-01   6.5476190e-01   1.6666667e-01
   4.5397542e-02   6.3095238e-01   6.5476190e-01   1.6666667e-01
   4.2262353e-02   6.3095238e-01   6.5476190e-01   1.6666667e-01
   3.9879609e-02   6.4285714e-01   6.5476190e-01   1.6666667e-01
   3.7246050e-02   6.4285714e-01   6.5476190e-01   1.6666667e-01
   4.0130424e-02   6.3095238e-01   6.5476190e-01   1.6666667e-01
   4.1133684e-02   6.1904762e-01   6.4285714e-01   1.6666667e-01
   3.0850263e-02   6.1904762e-01   6.3095238e-01   1.6666667e-01
   2.7715074e-02   6.1904762e-01   6.3095238e-01   1.6666667e-01
   1.2289942e-02   6.0714286e-01   6.1755952e-01   0.0000000e+00
   1.2540757e-03   5.9523810e-01   6.0416667e-01   0.0000000e+00
   1.1537497e-02   5.8333333e-01   5.9077381e-01   0.0000000e+00
   1.1537497e-02   5.7142857e-01   5.7738095e-01   0.0000000e+00
   6.3957863e-03   5.5952381e-01   5.6398810e-01   0.0000000e+00
   6.2703787e-03   5.4761905e-01   5.5059524e-01   0.0000000e+00
   1.4045648e-02   5.3571429e-01   5.3720238e-01   0.0000000e+00
   4.4770504e-02   5.2380952e-01   5.2380952e-01   1.6666667e-01
   1.0772511e-01   4.8809524e-01   5.5952381e-01   1.6666667e-01
   1.9977427e-01   4.6428571e-01   5.7142857e-01   1.6666667e-01
   3.2204665e-01   3.0952381e-01   5.8333333e-01   3.3333333e-01
   4.5058942e-01   1.7857143e-01   5.9523810e-01   5.0000000e-01
   5.3172812e-01   1.6666667e-01   5.9523810e-01   6.6666667e-01
   5.4840732e-01   1.5476190e-01   6.0714286e-01   5.0000000e-01
   4.9849511e-01   1.5476190e-01   6.1904762e-01   6.6666667e-01
   3.9854527e-01   1.4285714e-01   6.1904762e-01   5.0000000e-01
   3.0586907e-01   1.4285714e-01   6.1904762e-01   5.0000000e-01
   2.4253825e-01   1.4285714e-01   6.3095238e-01   5.0000000e-01
   2.0667168e-01   1.5476190e-01   6.3095238e-01   3.3333333e-01
   1.9626285e-01   1.5476190e-01   6.3095238e-01   3.3333333e-01
   2.5457738e-01   1.5476190e-01   6.4285714e-01   3.3333333e-01
   3.3646852e-01   1.6666667e-01   6.4285714e-01   5.0000000e-01
   3.8537748e-01   1.6666667e-01   6.4285714e-01   5.0000000e-01
   3.7346376e-01   1.7857143e-01   6.4285714e-01   5.0000000e-01
   3.3659393e-01   1.9047619e-01   6.4285714e-01   5.0000000e-01
   2.6097316e-01   2.0238095e-01   6.3095238e-01   3.3333333e-01
   1.8773514e-01   2.1428571e-01   6.3095238e-01   3.3333333e-01
   1.3330825e-01   2.2619048e-01   3.2142857e-01   1.6666667e-01
   6.6340607e-02   2.9761905e-01   3.2142857e-01   1.6666667e-01
   1.6930023e-02   2.9761905e-01   3.3134921e-01   0.0000000e+00
   6.2703787e-04   2.9761905e-01   3.4126984e-01   0.0000000e+00
   1.0032606e-03   2.9761905e-01   3.5119048e-01   0.0000000e+00
   1.6302985e-03   2.9761905e-01   3.6111111e-01   0.0000000e+00
   2.6084776e-02   2.9761905e-01   3.7103175e-01   0.0000000e+00
   9.2174567e-02   2.9761905e-01   3.8095238e-01   3.3333333e-01
   1.9513419e-01   2.5000000e-01   3.9285714e-01   3.3333333e-01
   3.7471783e-01   2.0238095e-01   5.5952381e-01   3.3333333e-01
   4.8984199e-01   1.9047619e-01   5.5952381e-01   3.3333333e-01
   5.3636820e-01   1.7857143e-01   5.5952381e-01   3.3333333e-01
   5.1768247e-01   1.6666667e-01   5.5952381e-01   5.0000000e-01
   4.6639077e-01   1.5476190e-01   5.7142857e-01   5.0000000e-01
   4.1422122e-01   1.4285714e-01   5.7142857e-01   3.3333333e-01
   3.8349636e-01   1.3095238e-01   5.7142857e-01   3.3333333e-01
   3.7283672e-01   1.3095238e-01   5.8333333e-01   3.3333333e-01
   3.6857286e-01   1.3095238e-01   5.8333333e-01   3.3333333e-01
   3.6405819e-01   1.3095238e-01   5.9523810e-01   3.3333333e-01
   3.6932531e-01   1.3095238e-01   5.9523810e-01   5.0000000e-01
   4.1961374e-01   1.4285714e-01   5.9523810e-01   5.0000000e-01
   5.3310760e-01   1.4285714e-01   6.0714286e-01   5.0000000e-01
   6.0722348e-01   1.5476190e-01   6.0714286e-01   3.3333333e-01
   6.0734888e-01   1.6666667e-01   6.0714286e-01   3.3333333e-01
   5.4176072e-01   1.6666667e-01   4.2857143e-01   1.6666667e-01
   4.7980938e-01   1.7857143e-01   4.1666667e-01   1.6666667e-01
   3.9089541e-01   1.9047619e-01   4.0476190e-01   1.6666667e-01
   2.8693253e-01   2.0238095e-01   3.6904762e-01   1.6666667e-01
   1.9801856e-01   2.1428571e-01   3.4523810e-01   1.6666667e-01
   1.2503135e-01   2.3809524e-01   6.1904762e-01   3.3333333e-01
   6.6466015e-02   6.0714286e-01   6.1904762e-01   1.6666667e-01
   4.3516428e-02   5.8333333e-01   6.1904762e-01   1.6666667e-01
   7.2109355e-02   5.7142857e-01   6.1904762e-01   1.6666667e-01
   1.0383747e-01   5.5952381e-01   6.1904762e-01   1.6666667e-01
   1.4722849e-01   5.3571429e-01   6.1904762e-01   1.6666667e-01
   2.1143717e-01   5.2380952e-01   6.1904762e-01   1.6666667e-01
   2.7790319e-01   4.6428571e-01   6.1904762e-01   1.6666667e-01
   3.1514924e-01   4.5238095e-01   6.0714286e-01   1.6666667e-01
   3.3897667e-01   1.5476190e-01   6.0714286e-01   3.3333333e-01
   3.4098320e-01   1.5476190e-01   6.0714286e-01   3.3333333e-01
   3.2493103e-01   1.5476190e-01   6.0714286e-01   3.3333333e-01
   3.0110359e-01   1.5476190e-01   6.0714286e-01   3.3333333e-01
   2.5796338e-01   1.5476190e-01   6.0714286e-01   5.0000000e-01
   1.9525959e-01   1.6666667e-01   6.1904762e-01   3.3333333e-01
   1.3506396e-01   1.6666667e-01   6.1904762e-01   3.3333333e-01
   1.1901179e-01   1.7857143e-01   6.1904762e-01   3.3333333e-01
   9.2550790e-02   1.9047619e-01   6.3095238e-01   3.3333333e-01
   6.5337346e-02   6.0714286e-01   6.3095238e-01   1.6666667e-01
   4.8532731e-02   6.0714286e-01   6.3095238e-01   1.6666667e-01
   4.6275395e-02   6.1904762e-01   6.3095238e-01   1.6666667e-01
   4.4143466e-02   6.1904762e-01   6.4285714e-01   1.6666667e-01
   4.2638575e-02   6.1904762e-01   6.3095238e-01   1.6666667e-01
   4.2763983e-02   6.1904762e-01   6.3095238e-01   1.6666667e-01
   4.4018059e-02   6.0714286e-01   6.3095238e-01   1.6666667e-01
   4.3767244e-02   6.0714286e-01   6.3095238e-01   1.6666667e-01
   4.1133684e-02   6.0714286e-01   6.3095238e-01   1.6666667e-01
   3.7246050e-02   6.0714286e-01   6.3095238e-01   1.6666667e-01
   3.5866566e-02   6.0714286e-01   6.1904762e-01   1.6666667e-01
   3.4361675e-02   6.0714286e-01   6.1904762e-01   1.6666667e-01
   3.1728116e-02   6.0714286e-01   6.1904762e-01   1.6666667e-01
   2.4454477e-02   6.0714286e-01   6.1904762e-01   1.6666667e-01
   2.2698771e-02   6.0714286e-01   6.0714286e-01   1.6666667e-01
   2.0566842e-02   6.0238095e-01   6.0476190e-01   0.0000000e+00
   1.4296464e-02   5.9761905e-01   6.0238095e-01   0.0000000e+00
   1.4171056e-02   5.9285714e-01   6.0000000e-01   0.0000000e+00
   2.1820918e-02   5.8809524e-01   5.9761905e-01   0.0000000e+00
   3.0097818e-02   5.8333333e-01   5.9523810e-01   1.6666667e-01
   3.2229747e-02   5.8333333e-01   5.9523810e-01   1.6666667e-01
   3.2982192e-02   5.7142857e-01   5.9523810e-01   1.6666667e-01
   3.6493604e-02   5.7142857e-01   5.8333333e-01   1.6666667e-01
   4.7529471e-02   5.5952381e-01   5.8333333e-01   1.6666667e-01
   7.4742914e-02   5.4761905e-01   5.8333333e-01   1.6666667e-01
   1.0835214e-01   5.3571429e-01   5.8333333e-01   1.6666667e-01
   1.5675947e-01   5.1190476e-01   5.9523810e-01   1.6666667e-01
   2.0817657e-01   5.0000000e-01   5.9523810e-01   1.6666667e-01
   2.5570604e-01   4.8809524e-01   5.9523810e-01   1.6666667e-01
   2.9571106e-01   4.7619048e-01   6.0714286e-01   1.6666667e-01
   3.2054176e-01   4.7619048e-01   6.0714286e-01   1.6666667e-01
   3.3370956e-01   4.6428571e-01   6.1904762e-01   1.6666667e-01
   3.2618510e-01   4.6428571e-01   6.1904762e-01   1.6666667e-01
   3.1289190e-01   4.6428571e-01   6.1904762e-01   1.6666667e-01
   2.8103837e-01   4.5238095e-01   6.3095238e-01   1.6666667e-01
   2.4617507e-01   4.5238095e-01   6.3095238e-01   3.3333333e-01
   2.0479057e-01   4.5238095e-01   6.3095238e-01   3.3333333e-01
   1.8008528e-01   4.5238095e-01   6.3095238e-01   3.3333333e-01
   1.8046150e-01   4.6428571e-01   6.3095238e-01   3.3333333e-01
   2.2360171e-01   4.6428571e-01   6.3095238e-01   3.3333333e-01
   2.8367193e-01   4.6428571e-01   6.3095238e-01   1.6666667e-01
   3.2518184e-01   4.7619048e-01   6.3095238e-01   1.6666667e-01
   3.2154502e-01   4.7619048e-01   6.3095238e-01   1.6666667e-01
   2.9533484e-01   4.8809524e-01   6.3095238e-01   1.6666667e-01
   2.7890645e-01   5.0000000e-01   6.1904762e-01   1.6666667e-01
   2.5520441e-01   5.0000000e-01   6.1904762e-01   1.6666667e-01
   2.3526461e-01   5.0000000e-01   6.1904762e-01   1.6666667e-01
   2.1820918e-01   5.1190476e-01   6.0714286e-01   1.6666667e-01
   1.9877101e-01   5.1190476e-01   6.0714286e-01   1.6666667e-01
   1.8196639e-01   5.2380952e-01   6.0714286e-01   1.6666667e-01
   1.6415852e-01   5.3571429e-01   6.0714286e-01   1.6666667e-01
   1.4233760e-01   5.3571429e-01   6.0714286e-01   1.6666667e-01
   1.2565839e-01   5.4761905e-01   6.1904762e-01   1.6666667e-01
   1.0559318e-01   5.7142857e-01   6.1904762e-01   1.6666667e-01
   9.0168046e-02   5.8333333e-01   6.1904762e-01   1.6666667e-01
   8.4650113e-02   5.8333333e-01   6.1904762e-01   1.6666667e-01
   8.0762478e-02   5.9523810e-01   6.3095238e-01   1.6666667e-01
   7.8254327e-02   5.9523810e-01   6.3095238e-01   1.6666667e-01
   7.6373213e-02   5.9523810e-01   6.3095238e-01   1.6666667e-01
   7.6122398e-02   5.9523810e-01   6.3095238e-01   1.6666667e-01
   7.5495360e-02   5.9523810e-01   6.3095238e-01   1.6666667e-01
   7.0479057e-02   5.8333333e-01   6.3095238e-01   1.6666667e-01
   7.0729872e-02   5.8333333e-01   6.3095238e-01   1.6666667e-01
   7.6122398e-02   5.7142857e-01   6.1904762e-01   1.6666667e-01
   7.7125658e-02   5.5952381e-01   6.1904762e-01   1.6666667e-01
   7.6624028e-02   5.4761905e-01   6.0714286e-01   1.6666667e-01
   8.1891146e-02   5.4761905e-01   5.9523810e-01   1.6666667e-01
   7.9508402e-02   5.4761905e-01   5.9523810e-01   1.6666667e-01
   8.0260848e-02   5.3571429e-01   5.9523810e-01   1.6666667e-01
   8.0887886e-02   5.2380952e-01   5.7142857e-01   1.6666667e-01
   8.2267369e-02   5.2380952e-01   5.5952381e-01   1.6666667e-01
   7.9508402e-02   5.1190476e-01   5.5952381e-01   1.6666667e-01
   7.7752696e-02   5.1190476e-01   5.5952381e-01   1.6666667e-01
   7.6247805e-02   5.1190476e-01   5.5952381e-01   1.6666667e-01
   6.4961124e-02   5.1190476e-01   5.4761905e-01   1.6666667e-01
   5.6809631e-02   5.0000000e-01   5.3571429e-01   1.6666667e-01
   5.0915475e-02   5.0000000e-01   5.2380952e-01   1.6666667e-01
   4.0255831e-02   4.8809524e-01   5.1190476e-01   1.6666667e-01
   3.4110860e-02   5.0000000e-01   5.0000000e-01   1.6666667e-01
   2.0943065e-02   5.0000000e-01   5.0000000e-01   1.6666667e-01
   2.2949586e-02   5.0000000e-01   5.0000000e-01   1.6666667e-01
   3.4988713e-02   5.0000000e-01   5.1190476e-01   1.6666667e-01
   5.7687484e-02   5.0000000e-01   5.2380952e-01   1.6666667e-01
   1.1988964e-01   5.0000000e-01   6.3095238e-01   3.3333333e-01
   2.1595184e-01   5.0000000e-01   6.4285714e-01   1.6666667e-01
   2.7213444e-01   5.1190476e-01   6.5476190e-01   1.6666667e-01
   2.7965889e-01   5.2380952e-01   6.5476190e-01   1.6666667e-01
   2.5758716e-01   5.2380952e-01   6.5476190e-01   1.6666667e-01
   2.3338350e-01   5.3571429e-01   6.5476190e-01   1.6666667e-01
   2.0240783e-01   5.3571429e-01   6.6666667e-01   1.6666667e-01
   1.7205919e-01   5.3571429e-01   6.5476190e-01   1.6666667e-01
   1.2879358e-01   5.3571429e-01   6.1904762e-01   1.6666667e-01
   9.3930273e-02   5.3571429e-01   5.8333333e-01   1.6666667e-01
   7.2109355e-02   5.3571429e-01   5.8333333e-01   1.6666667e-01
   6.3707048e-02   5.3571429e-01   5.7142857e-01   1.6666667e-01
   4.9535992e-02   5.3571429e-01   5.5952381e-01   1.6666667e-01
   2.5332330e-02   5.2976190e-01   5.5208333e-01   0.0000000e+00
   0.0000000e+00   5.2380952e-01   5.4464286e-01   0.0000000e+00
   1.0032606e-03   5.1785714e-01   5.3720238e-01   0.0000000e+00
   1.0032606e-03   5.1190476e-01   5.2976190e-01   0.0000000e+00
   1.0032606e-03   5.0595238e-01   5.2232143e-01   0.0000000e+00
   1.5048909e-03   5.0000000e-01   5.1488095e-01   0.0000000e+00
   1.2415350e-02   4.9404762e-01   5.0744048e-01   0.0000000e+00
   2.8467519e-02   4.8809524e-01   5.0000000e-01   1.6666667e-01
   5.7311262e-02   4.8809524e-01   5.1190476e-01   1.6666667e-01
   1.4058189e-01   4.8809524e-01   5.8333333e-01   1.6666667e-01
   2.3614246e-01   4.8809524e-01   6.1904762e-01   1.6666667e-01
   2.9357913e-01   5.0000000e-01   6.4285714e-01   1.6666667e-01
   2.9834462e-01   5.0000000e-01   6.4285714e-01   1.6666667e-01
   2.9257587e-01   5.1190476e-01   6.5476190e-01   1.6666667e-01
   2.7238525e-01   5.2380952e-01   6.5476190e-01   1.6666667e-01
   2.4905944e-01   5.3571429e-01   6.5476190e-01   1.6666667e-01
   2.2134437e-01   5.4761905e-01   6.5476190e-01   1.6666667e-01
   1.9162277e-01   5.4761905e-01   6.5476190e-01   1.6666667e-01
   1.7118134e-01   5.3571429e-01   6.5476190e-01   1.6666667e-01
   1.5061450e-01   5.3571429e-01   6.5476190e-01   1.6666667e-01
   1.2791573e-01   5.2380952e-01   6.3095238e-01   1.6666667e-01
   9.0920492e-02   5.2380952e-01   5.7142857e-01   1.6666667e-01
   4.9661400e-02   5.2380952e-01   5.4761905e-01   1.6666667e-01
   4.3140206e-02   5.2380952e-01   5.3571429e-01   1.6666667e-01
   4.7780286e-02   5.0000000e-01   5.2380952e-01   1.6666667e-01
   7.2485578e-02   5.0000000e-01   5.3571429e-01   1.6666667e-01
   1.0158014e-01   5.0000000e-01   5.4761905e-01   1.6666667e-01
   1.1938801e-01   5.0000000e-01   5.5952381e-01   1.6666667e-01
   1.2854276e-01   5.0000000e-01   5.7142857e-01   1.6666667e-01
   1.2816654e-01   5.1190476e-01   5.9523810e-01   1.6666667e-01
   1.2277402e-01   5.2380952e-01   6.0714286e-01   1.6666667e-01
   1.1249059e-01   5.3571429e-01   6.1904762e-01   1.6666667e-01
   9.2425382e-02   5.5952381e-01   6.1904762e-01   1.6666667e-01
   7.1106095e-02   5.8333333e-01   6.3095238e-01   1.6666667e-01
   5.2044143e-02   6.0714286e-01   6.3095238e-01   1.6666667e-01
   3.6619012e-02   6.0714286e-01   6.3095238e-01   1.6666667e-01
   3.7873088e-02   6.1904762e-01   6.4285714e-01   1.6666667e-01
   3.0599448e-02   6.3095238e-01   6.4285714e-01   1.6666667e-01
   2.4329069e-02   6.3095238e-01   6.4285714e-01   1.6666667e-01
   2.9219965e-02   6.3095238e-01   6.4285714e-01   1.6666667e-01
   2.9972410e-02   6.3095238e-01   6.5476190e-01   1.6666667e-01
   3.5239528e-02   6.3095238e-01   6.5476190e-01   1.6666667e-01
   3.6242789e-02   6.1904762e-01   6.4285714e-01   1.6666667e-01
   4.2136945e-02   6.1904762e-01   6.4285714e-01   1.6666667e-01
   4.5397542e-02   6.1904762e-01   6.4285714e-01   1.6666667e-01
   5.5555556e-02   5.9523810e-01   6.3095238e-01   1.6666667e-01
   1.2578380e-01   4.7619048e-01   6.3095238e-01   3.3333333e-01
   2.0604465e-01   4.6428571e-01   6.1904762e-01   1.6666667e-01
   2.5219463e-01   4.5238095e-01   6.1904762e-01   1.6666667e-01
   2.4893404e-01   4.5238095e-01   6.0714286e-01   1.6666667e-01
   2.1996489e-01   4.6428571e-01   5.8333333e-01   1.6666667e-01
   1.7970905e-01   4.6428571e-01   5.8333333e-01   1.6666667e-01
   1.4522197e-01   4.7619048e-01   5.5952381e-01   1.6666667e-01
   1.2741410e-01   4.8809524e-01   6.6666667e-01   3.3333333e-01
   1.3142714e-01   5.3571429e-01   6.7857143e-01   3.3333333e-01
   1.5237020e-01   5.4761905e-01   6.7857143e-01   3.3333333e-01
   1.9701530e-01   5.4761905e-01   6.9047619e-01   1.6666667e-01
   2.1432155e-01   5.5952381e-01   6.9047619e-01   1.6666667e-01
   2.0704791e-01   5.7142857e-01   6.9047619e-01   1.6666667e-01
   1.7720090e-01   5.8333333e-01   6.7857143e-01   1.6666667e-01
   1.4271382e-01   5.9523810e-01   6.7857143e-01   1.6666667e-01
   1.0697266e-01   6.0714286e-01   6.6666667e-01   1.6666667e-01
   8.3646852e-02   6.1904762e-01   6.6666667e-01   1.6666667e-01
   6.8597943e-02   6.3095238e-01   6.6666667e-01   1.6666667e-01
   6.3707048e-02   6.3095238e-01   6.6666667e-01   1.6666667e-01
   5.7687484e-02   6.3095238e-01   6.6666667e-01   1.6666667e-01
   5.7938299e-02   6.1904762e-01   6.6666667e-01   1.6666667e-01
   5.2420366e-02   6.3095238e-01   6.5476190e-01   1.6666667e-01
   4.0381239e-02   6.3095238e-01   6.5476190e-01   1.6666667e-01
   1.9563582e-02   6.2500000e-01   6.4285714e-01   0.0000000e+00
   8.7785302e-04   6.1904762e-01   6.3095238e-01   0.0000000e+00
   1.4923501e-02   6.1309524e-01   6.1904762e-01   0.0000000e+00
   2.1570103e-02   6.0714286e-01   6.0714286e-01   1.6666667e-01
   1.9187359e-02   5.4166667e-01   5.9523810e-01   0.0000000e+00
   1.1662904e-02   4.7619048e-01   5.8333333e-01   0.0000000e+00
   1.1537497e-02   4.1071429e-01   5.7142857e-01   0.0000000e+00
   6.0195636e-03   3.4523810e-01   5.5952381e-01   0.0000000e+00
   3.2480562e-02   2.7976190e-01   5.4761905e-01   0.0000000e+00
   3.1991472e-01   2.1428571e-01   5.3571429e-01   5.0000000e-01
   6.5851517e-01   1.5476190e-01   5.4761905e-01   1.6666667e-01
   8.9064459e-01   1.3095238e-01   5.5952381e-01   1.6666667e-01
   9.6338099e-01   9.5238095e-02   5.7142857e-01   1.6666667e-01
   9.8821169e-01   8.3333333e-02   5.9523810e-01   1.6666667e-01
   1.0000000e+00   5.9523810e-02   6.1904762e-01   1.6666667e-01
   9.4231252e-01   5.9523810e-02   6.1904762e-01   1.6666667e-01
   8.0800100e-01   4.7619048e-02   6.3095238e-01   6.6666667e-01
   6.6779533e-01   4.7619048e-02   6.4285714e-01   3.3333333e-01
   5.2671181e-01   4.7619048e-02   6.4285714e-01   5.0000000e-01
   4.3629295e-01   3.5714286e-02   6.5476190e-01   5.0000000e-01
   3.5139202e-01   3.5714286e-02   6.5476190e-01   5.0000000e-01
   2.9897166e-01   3.5714286e-02   6.5476190e-01   5.0000000e-01
   3.5527966e-01   4.7619048e-02   6.6666667e-01   6.6666667e-01
   5.3386005e-01   4.7619048e-02   6.6666667e-01   6.6666667e-01
   6.9388011e-01   5.9523810e-02   6.6666667e-01   3.3333333e-01
   7.2071733e-01   5.9523810e-02   6.6666667e-01   3.3333333e-01
   7.0717331e-01   7.1428571e-02   6.6666667e-01   5.0000000e-01
   7.0253323e-01   8.3333333e-02   6.6666667e-01   5.0000000e-01
   6.3882619e-01   8.3333333e-02   6.6666667e-01   3.3333333e-01
   5.4226235e-01   1.0714286e-01   6.5476190e-01   3.3333333e-01
   4.1622774e-01   1.1904762e-01   6.3095238e-01   3.3333333e-01
   2.8743416e-01   1.6666667e-01   6.1904762e-01   3.3333333e-01
   1.6629044e-01   5.3571429e-01   6.1904762e-01   1.6666667e-01
   1.2151994e-01   5.3571429e-01   6.0714286e-01   1.6666667e-01
   1.0070228e-01   5.4761905e-01   5.8333333e-01   1.6666667e-01
   7.8755957e-02   5.4761905e-01   5.8333333e-01   1.6666667e-01
   7.6749436e-02   5.4761905e-01   5.8333333e-01   1.6666667e-01
   7.2360171e-02   5.4761905e-01   5.8333333e-01   1.6666667e-01
   6.7970905e-02   5.4761905e-01   5.8333333e-01   1.6666667e-01
   6.8221721e-02   5.5952381e-01   5.8333333e-01   1.6666667e-01
   6.8597943e-02   5.4761905e-01   5.8333333e-01   1.6666667e-01
   8.5151743e-02   5.4761905e-01   5.8333333e-01   1.6666667e-01
   1.0659644e-01   5.3571429e-01   5.8333333e-01   1.6666667e-01
   1.2891899e-01   5.3571429e-01   5.8333333e-01   1.6666667e-01
   1.4735390e-01   5.2380952e-01   5.8333333e-01   1.6666667e-01
   1.6879860e-01   5.2380952e-01   5.9523810e-01   1.6666667e-01
   2.0253323e-01   5.2380952e-01   6.0714286e-01   1.6666667e-01
   2.3062453e-01   5.1190476e-01   6.1904762e-01   1.6666667e-01
   2.5344871e-01   5.1190476e-01   6.3095238e-01   1.6666667e-01
   2.6498621e-01   5.2380952e-01   6.4285714e-01   1.6666667e-01
   2.4166040e-01   5.2380952e-01   6.4285714e-01   1.6666667e-01
   2.0692250e-01   5.3571429e-01   6.5476190e-01   1.6666667e-01
   1.6428392e-01   5.4761905e-01   6.5476190e-01   1.6666667e-01
   1.2490594e-01   5.5952381e-01   6.5476190e-01   1.6666667e-01
   8.8537748e-02   6.3095238e-01   6.6666667e-01   1.6666667e-01
   5.5931778e-02   6.4285714e-01   6.6666667e-01   1.6666667e-01
   5.9568598e-02   6.4285714e-01   6.7857143e-01   1.6666667e-01
   6.0822674e-02   6.5476190e-01   6.7857143e-01   1.6666667e-01
   6.3581640e-02   6.5476190e-01   6.7857143e-01   1.6666667e-01
   6.2829195e-02   6.5476190e-01   6.7857143e-01   1.6666667e-01
   6.1825934e-02   6.4285714e-01   6.7857143e-01   1.6666667e-01
   7.5746175e-02   6.3095238e-01   6.7857143e-01   1.6666667e-01
   1.0885377e-01   5.9523810e-01   6.7857143e-01   1.6666667e-01
   1.3732129e-01   5.8333333e-01   6.7857143e-01   1.6666667e-01
   1.6039629e-01   5.7142857e-01   6.5476190e-01   1.6666667e-01
   1.8372210e-01   5.5952381e-01   6.5476190e-01   1.6666667e-01
   2.0353649e-01   5.3571429e-01   6.5476190e-01   1.6666667e-01
   2.1043391e-01   5.3571429e-01   6.4285714e-01   1.6666667e-01
   1.9651367e-01   5.3571429e-01   6.3095238e-01   1.6666667e-01
   1.7531979e-01   5.3571429e-01   6.3095238e-01   1.6666667e-01
   1.5048909e-01   5.4761905e-01   6.3095238e-01   1.6666667e-01
   1.2728869e-01   5.5952381e-01   6.3095238e-01   1.6666667e-01
   1.0145473e-01   5.8333333e-01   6.4285714e-01   1.6666667e-01
   8.0260848e-02   6.0714286e-01   6.5476190e-01   1.6666667e-01
   6.7343868e-02   6.1904762e-01   6.5476190e-01   1.6666667e-01
   7.0353649e-02   6.3095238e-01   6.6666667e-01   1.6666667e-01
   6.9852019e-02   6.4285714e-01   6.6666667e-01   1.6666667e-01
   7.8254327e-02   6.4285714e-01   6.7857143e-01   1.6666667e-01
   8.5402558e-02   6.4285714e-01   6.7857143e-01   1.6666667e-01
   1.0007524e-01   6.3095238e-01   6.7857143e-01   1.6666667e-01
   1.2114372e-01   6.1904762e-01   6.7857143e-01   1.6666667e-01
   1.3631803e-01   6.1904762e-01   6.7857143e-01   1.6666667e-01
   1.3456233e-01   6.0714286e-01   6.7857143e-01   1.6666667e-01
   1.4371708e-01   5.9523810e-01   6.7857143e-01   1.6666667e-01
   1.4095811e-01   5.9523810e-01   6.7857143e-01   1.6666667e-01
   1.5073990e-01   5.7142857e-01   6.6666667e-01   1.6666667e-01
   1.6440933e-01   5.4761905e-01   6.6666667e-01   1.6666667e-01
   1.9438174e-01   5.3571429e-01   6.5476190e-01   1.6666667e-01
   2.0416353e-01   5.2380952e-01   6.4285714e-01   1.6666667e-01
   2.0479057e-01   5.2380952e-01   6.3095238e-01   1.6666667e-01
   1.8723351e-01   5.2380952e-01   6.1904762e-01   1.6666667e-01
   1.8184098e-01   5.1190476e-01   6.0714286e-01   1.6666667e-01
   1.8058691e-01   5.1190476e-01   6.0714286e-01   1.6666667e-01
   1.8359669e-01   5.1190476e-01   6.0714286e-01   1.6666667e-01
   2.0316027e-01   5.2380952e-01   6.1904762e-01   1.6666667e-01
   2.1269125e-01   5.2380952e-01   6.3095238e-01   1.6666667e-01
   2.0867820e-01   5.3571429e-01   6.3095238e-01   1.6666667e-01
   1.8459995e-01   5.3571429e-01   6.4285714e-01   1.6666667e-01
   1.5763732e-01   5.4761905e-01   6.5476190e-01   1.6666667e-01
   1.2490594e-01   5.8333333e-01   6.5476190e-01   1.6666667e-01
   9.9197392e-02   6.0714286e-01   6.6666667e-01   1.6666667e-01
   8.2518184e-02   6.3095238e-01   6.6666667e-01   1.6666667e-01
   8.1640331e-02   6.4285714e-01   6.7857143e-01   1.6666667e-01
   8.4023075e-02   6.4285714e-01   6.7857143e-01   1.6666667e-01
   9.9071984e-02   6.4285714e-01   6.9047619e-01   1.6666667e-01
   1.0208177e-01   6.5476190e-01   6.9047619e-01   1.6666667e-01
   1.0484073e-01   6.5476190e-01   6.9047619e-01   1.6666667e-01
   9.7316278e-02   6.5476190e-01   7.0238095e-01   1.6666667e-01
   8.9415601e-02   6.5476190e-01   7.0238095e-01   1.6666667e-01
   7.8379734e-02   6.6666667e-01   7.0238095e-01   1.6666667e-01
   6.3205418e-02   6.6666667e-01   7.0238095e-01   1.6666667e-01
   5.4928518e-02   6.6666667e-01   7.0238095e-01   1.6666667e-01
   4.9661400e-02   6.6666667e-01   7.0238095e-01   1.6666667e-01
   5.2671181e-02   6.6666667e-01   7.0238095e-01   1.6666667e-01
   5.1040883e-02   6.5476190e-01   6.7857143e-01   1.6666667e-01
   4.6149987e-02   6.5476190e-01   6.7857143e-01   1.6666667e-01
   4.4018059e-02   6.6666667e-01   6.7857143e-01   1.6666667e-01
   4.0632054e-02   6.6666667e-01   6.7857143e-01   1.6666667e-01
   3.7998495e-02   6.6666667e-01   6.7857143e-01   1.6666667e-01
   3.9879609e-02   6.5476190e-01   6.7857143e-01   1.6666667e-01
   3.4612491e-02   6.5476190e-01   6.6666667e-01   1.6666667e-01
   3.1602709e-02   6.5476190e-01   6.6666667e-01   1.6666667e-01
   2.1444695e-02   6.5476190e-01   6.5476190e-01   1.6666667e-01
   2.5583145e-02   6.0714286e-01   6.2500000e-01   0.0000000e+00
   7.5746175e-02   5.5952381e-01   5.9523810e-01   1.6666667e-01
   1.4145974e-01   5.4761905e-01   6.0714286e-01   1.6666667e-01
   1.9162277e-01   5.3571429e-01   6.3095238e-01   1.6666667e-01
   2.3877602e-01   5.3571429e-01   6.4285714e-01   1.6666667e-01
   2.5608227e-01   5.2380952e-01   6.5476190e-01   1.6666667e-01
   2.4730374e-01   5.2380952e-01   6.5476190e-01   1.6666667e-01
   2.3965388e-01   5.2380952e-01   6.6666667e-01   1.6666667e-01
   2.1770755e-01   5.2380952e-01   6.6666667e-01   1.6666667e-01
   1.9500878e-01   5.2380952e-01   6.7857143e-01   3.3333333e-01
   1.4559819e-01   5.2380952e-01   6.7857143e-01   3.3333333e-01
   1.1600201e-01   5.2380952e-01   6.7857143e-01   3.3333333e-01
   1.2227239e-01   5.2380952e-01   6.7857143e-01   3.3333333e-01
   1.8823677e-01   5.2380952e-01   9.5238095e-01   6.6666667e-01
   2.4241284e-01   5.2380952e-01   9.5238095e-01   5.0000000e-01
   2.7589666e-01   5.2380952e-01   9.5238095e-01   5.0000000e-01
   2.9320291e-01   5.2380952e-01   9.5238095e-01   5.0000000e-01
   2.9872084e-01   5.3571429e-01   9.5238095e-01   5.0000000e-01
   2.9345372e-01   5.4761905e-01   9.5238095e-01   6.6666667e-01
   2.9746677e-01   5.4761905e-01   9.5238095e-01   6.6666667e-01
   3.1916228e-01   5.5952381e-01   9.5238095e-01   5.0000000e-01
   3.4449461e-01   5.7142857e-01   9.5238095e-01   6.6666667e-01
   3.5916729e-01   5.8333333e-01   9.5238095e-01   5.0000000e-01
   3.8688237e-01   5.9523810e-01   9.5238095e-01   3.3333333e-01
   4.5723602e-01   5.9523810e-01   9.5238095e-01   3.3333333e-01
   4.9347881e-01   6.1904762e-01   9.5238095e-01   1.6666667e-01
   4.5660898e-01   6.4285714e-01   9.5238095e-01   1.6666667e-01
   3.9177326e-01   6.5476190e-01   9.5238095e-01   1.6666667e-01
   3.2693755e-01   6.6666667e-01   9.5238095e-01   1.6666667e-01
   2.3501379e-01   6.9047619e-01   8.9285714e-01   3.3333333e-01
   1.1060948e-01   8.2142857e-01   8.3333333e-01   1.6666667e-01
   1.1662904e-02   7.9166667e-01   8.0357143e-01   0.0000000e+00
   2.1319288e-03   7.6190476e-01   7.7380952e-01   0.0000000e+00
   3.5114121e-03   7.3214286e-01   7.4404762e-01   0.0000000e+00
   5.2671181e-03   7.0238095e-01   7.1428571e-01   0.0000000e+00
   2.2949586e-02   6.7261905e-01   6.8452381e-01   0.0000000e+00
   2.3827439e-02   6.4285714e-01   6.5476190e-01   0.0000000e+00
   1.6804615e-02   6.1309524e-01   6.2500000e-01   0.0000000e+00
   5.8941560e-03   5.8333333e-01   5.9523810e-01   0.0000000e+00
   1.3544018e-02   5.5357143e-01   5.6547619e-01   0.0000000e+00
   3.1351894e-02   5.2380952e-01   5.3571429e-01   1.6666667e-01
   9.2676198e-02   5.0000000e-01   5.3571429e-01   1.6666667e-01
   2.4730374e-01   1.6666667e-01   5.3571429e-01   5.0000000e-01
   4.4306496e-01   1.9047619e-01   6.1904762e-01   6.6666667e-01
   6.2628543e-01   2.0238095e-01   6.5476190e-01   1.6666667e-01
   7.2121896e-01   2.5000000e-01   6.6666667e-01   1.6666667e-01
   6.9287685e-01   2.8571429e-01   6.6666667e-01   1.6666667e-01
   6.2315024e-01   3.2142857e-01   6.7857143e-01   3.3333333e-01
   5.3674442e-01   4.0476190e-01   6.7857143e-01   1.6666667e-01
   4.7378982e-01   4.0476190e-01   6.7857143e-01   1.6666667e-01
   4.1723100e-01   3.3333333e-01   6.9047619e-01   5.0000000e-01
   3.3797341e-01   3.2142857e-01   6.9047619e-01   3.3333333e-01
   2.8028593e-01   3.2142857e-01   6.7857143e-01   3.3333333e-01
   2.1532481e-01   3.2142857e-01   6.7857143e-01   3.3333333e-01
   1.5989466e-01   3.3333333e-01   6.4285714e-01   3.3333333e-01
   1.0107851e-01   5.9523810e-01   6.3095238e-01   1.6666667e-01
   6.5964384e-02   5.3571429e-01   5.4761905e-01   1.6666667e-01
   5.4552295e-02   5.3571429e-01   5.5952381e-01   1.6666667e-01
   6.7970905e-02   5.3571429e-01   5.5952381e-01   1.6666667e-01
   7.5119137e-02   5.3571429e-01   5.7142857e-01   1.6666667e-01
   8.3646852e-02   5.4761905e-01   5.8333333e-01   1.6666667e-01
   8.7283672e-02   5.4761905e-01   5.8333333e-01   1.6666667e-01
   9.4431904e-02   5.5952381e-01   5.9523810e-01   1.6666667e-01
   9.2676198e-02   5.5952381e-01   6.0714286e-01   1.6666667e-01
   9.8068723e-02   5.7142857e-01   6.1904762e-01   1.6666667e-01
   9.5058942e-02   5.8333333e-01   6.3095238e-01   1.6666667e-01
   8.5653373e-02   5.9523810e-01   6.3095238e-01   1.6666667e-01
   8.3019814e-02   6.0714286e-01   6.4285714e-01   1.6666667e-01
   7.1733133e-02   6.1904762e-01   6.4285714e-01   1.6666667e-01
   6.9224981e-02   6.3095238e-01   6.5476190e-01   1.6666667e-01
   6.3832455e-02   6.3095238e-01   6.5476190e-01   1.6666667e-01
   7.2861801e-02   6.4285714e-01   6.6666667e-01   1.6666667e-01
   7.3363431e-02   6.4285714e-01   6.6666667e-01   1.6666667e-01
   8.2267369e-02   6.4285714e-01   6.6666667e-01   1.6666667e-01
   8.6656634e-02   6.4285714e-01   6.7857143e-01   1.6666667e-01
   8.7910710e-02   6.4285714e-01   6.7857143e-01   1.6666667e-01
   9.3679458e-02   6.4285714e-01   6.7857143e-01   1.6666667e-01
   9.0795084e-02   6.4285714e-01   6.7857143e-01   1.6666667e-01
   8.4650113e-02   6.4285714e-01   6.6666667e-01   1.6666667e-01
   7.6749436e-02   6.4285714e-01   6.6666667e-01   1.6666667e-01
   5.8063707e-02   6.4285714e-01   6.6666667e-01   1.6666667e-01
   4.7027840e-02   6.6666667e-01   6.6666667e-01   1.6666667e-01
