   1.4700000e+02
   0.0000000e+00   5.9090909e-01   6.2121212e-01   0.0000000e+00
   6.0461251e-02   5.9090909e-01   6.2121212e-01   1.6666667e-01
   1.8491585e-01   5.4545455e-01   6.3636364e-01   1.6666667e-01
   3.4157490e-01   5.1515152e-01   6.5151515e-01   1.6666667e-01
   4.2281321e-01   5.0000000e-01   6.5151515e-01   1.6666667e-01
   4.7828797e-01   5.0000000e-01   6.6666667e-01   1.6666667e-01
   5.3355496e-01   4.6969697e-01   6.6666667e-01   1.6666667e-01
   5.7427800e-01   4.5454545e-01   6.6666667e-01   1.6666667e-01
   6.1375442e-01   4.5454545e-01   6.8181818e-01   1.6666667e-01
   5.9235404e-01   4.3939394e-01   6.8181818e-01   1.6666667e-01
   5.4768336e-01   4.3939394e-01   6.8181818e-01   1.6666667e-01
   4.9137752e-01   4.3939394e-01   6.8181818e-01   1.6666667e-01
   4.2426761e-01   4.2424242e-01   6.9696970e-01   3.3333333e-01
   3.6442967e-01   4.2424242e-01   6.9696970e-01   3.3333333e-01
   3.2391440e-01   4.2424242e-01   6.9696970e-01   3.3333333e-01
   3.0812383e-01   4.0909091e-01   6.9696970e-01   3.3333333e-01
   2.9877415e-01   4.2424242e-01   6.9696970e-01   3.3333333e-01
   2.8090588e-01   4.2424242e-01   6.9696970e-01   3.3333333e-01
   2.5223353e-01   4.2424242e-01   6.8181818e-01   3.3333333e-01
   2.3768959e-01   4.2424242e-01   6.8181818e-01   3.3333333e-01
   2.3540411e-01   4.3939394e-01   6.8181818e-01   3.3333333e-01
   2.6719302e-01   4.3939394e-01   6.6666667e-01   3.3333333e-01
   3.1581134e-01   4.5454545e-01   6.5151515e-01   3.3333333e-01
   3.3222522e-01   4.5454545e-01   6.3636364e-01   1.6666667e-01
   3.3845834e-01   4.6969697e-01   6.2121212e-01   1.6666667e-01
   3.2578433e-01   4.6969697e-01   6.2121212e-01   1.6666667e-01
   3.5466445e-01   4.6969697e-01   6.0606061e-01   1.6666667e-01
   4.1616455e-01   4.5454545e-01   6.2121212e-01   1.6666667e-01
   4.9511739e-01   4.5454545e-01   6.2121212e-01   1.6666667e-01
   5.4394349e-01   4.3939394e-01   6.3636364e-01   1.6666667e-01
   5.9131519e-01   4.3939394e-01   6.3636364e-01   1.6666667e-01
   5.9318512e-01   4.3939394e-01   6.5151515e-01   1.6666667e-01
   5.5059215e-01   4.3939394e-01   6.5151515e-01   1.6666667e-01
   4.7995014e-01   4.3939394e-01   6.6666667e-01   1.6666667e-01
   4.0182838e-01   4.5454545e-01   6.6666667e-01   1.6666667e-01
   3.0874714e-01   4.6969697e-01   6.6666667e-01   3.3333333e-01
   2.3852067e-01   4.8484848e-01   6.6666667e-01   3.3333333e-01
   1.7141076e-01   6.0606061e-01   6.6666667e-01   1.6666667e-01
   1.4377727e-01   6.0606061e-01   6.6666667e-01   1.6666667e-01
   1.2071473e-01   6.0606061e-01   6.6666667e-01   1.6666667e-01
   1.0575525e-01   6.0606061e-01   6.6666667e-01   1.6666667e-01
   9.5158945e-02   6.0606061e-01   6.6666667e-01   1.6666667e-01
   8.8925826e-02   6.0606061e-01   6.5151515e-01   1.6666667e-01
   8.8718055e-02   5.9090909e-01   6.5151515e-01   1.6666667e-01
   7.7498442e-02   5.9090909e-01   6.3636364e-01   1.6666667e-01
   8.1238313e-02   5.7575758e-01   6.3636364e-01   1.6666667e-01
   8.4562643e-02   5.6060606e-01   6.2121212e-01   1.6666667e-01
   8.8510285e-02   5.6060606e-01   6.2121212e-01   1.6666667e-01
   7.7498442e-02   5.4545455e-01   6.0606061e-01   1.6666667e-01
   7.5836277e-02   5.4545455e-01   5.9090909e-01   1.6666667e-01
   7.8329524e-02   5.3030303e-01   5.9090909e-01   1.6666667e-01
   8.3108248e-02   5.3030303e-01   5.9090909e-01   1.6666667e-01
   6.8979846e-02   5.3030303e-01   5.7575758e-01   1.6666667e-01
   5.9837939e-02   5.3030303e-01   5.6060606e-01   1.6666667e-01
   4.2385207e-02   5.3030303e-01   5.6060606e-01   1.6666667e-01
   3.6775400e-02   5.1515152e-01   5.4545455e-01   1.6666667e-01
   4.5086225e-02   5.0000000e-01   5.4545455e-01   1.6666667e-01
   3.8022024e-02   5.0000000e-01   5.3030303e-01   1.6666667e-01
   3.7814253e-02   4.8484848e-01   5.1515152e-01   1.6666667e-01
   4.0099730e-02   4.8484848e-01   5.1515152e-01   1.6666667e-01
   6.0461251e-02   4.6969697e-01   5.1515152e-01   1.6666667e-01
   8.0615001e-02   4.5454545e-01   5.0000000e-01   1.6666667e-01
   1.0907958e-01   4.5454545e-01   5.0000000e-01   1.6666667e-01
   1.3879077e-01   4.5454545e-01   5.0000000e-01   1.6666667e-01
   1.6102223e-01   4.5454545e-01   5.1515152e-01   1.6666667e-01
   3.1934344e-01   4.5454545e-01   6.6666667e-01   3.3333333e-01
   5.1340121e-01   4.5454545e-01   6.6666667e-01   1.6666667e-01
   6.0959900e-01   4.5454545e-01   6.8181818e-01   1.6666667e-01
   6.1416996e-01   4.5454545e-01   6.8181818e-01   1.6666667e-01
   5.9941824e-01   4.6969697e-01   6.8181818e-01   1.6666667e-01
   5.4768336e-01   4.6969697e-01   6.8181818e-01   1.6666667e-01
   4.8514440e-01   4.8484848e-01   6.8181818e-01   1.6666667e-01
   4.0951589e-01   5.0000000e-01   6.8181818e-01   1.6666667e-01
   3.3928942e-01   5.1515152e-01   6.6666667e-01   1.6666667e-01
   2.6511531e-01   5.1515152e-01   6.5151515e-01   1.6666667e-01
   2.1566590e-01   5.3030303e-01   6.2121212e-01   1.6666667e-01
   1.5063370e-01   5.3030303e-01   6.0606061e-01   1.6666667e-01
   1.1780594e-01   5.3030303e-01   5.9090909e-01   1.6666667e-01
   9.9729898e-02   5.1515152e-01   5.9090909e-01   1.6666667e-01
   7.6667359e-02   5.1515152e-01   5.7575758e-01   1.6666667e-01
   5.4020362e-02   5.1515152e-01   5.6060606e-01   1.6666667e-01
   5.7136921e-02   5.1515152e-01   5.4545455e-01   1.6666667e-01
   6.6278828e-02   5.0000000e-01   5.4545455e-01   1.6666667e-01
   8.2692707e-02   5.0000000e-01   5.4545455e-01   1.6666667e-01
   1.0720964e-01   4.8484848e-01   5.4545455e-01   1.6666667e-01
   1.2570123e-01   4.8484848e-01   5.4545455e-01   1.6666667e-01
   1.4502389e-01   4.8484848e-01   5.4545455e-01   1.6666667e-01
   1.7535840e-01   4.8484848e-01   5.6060606e-01   1.6666667e-01
   2.0818616e-01   4.8484848e-01   5.6060606e-01   1.6666667e-01
   2.4205277e-01   4.8484848e-01   5.9090909e-01   1.6666667e-01
   2.7488053e-01   4.8484848e-01   6.0606061e-01   1.6666667e-01
   2.8776231e-01   5.0000000e-01   6.2121212e-01   1.6666667e-01
   2.7342614e-01   5.0000000e-01   6.3636364e-01   1.6666667e-01
   2.5472678e-01   5.1515152e-01   6.3636364e-01   1.6666667e-01
   2.2376896e-01   5.3030303e-01   6.5151515e-01   1.6666667e-01
   1.7473509e-01   5.4545455e-01   6.5151515e-01   1.6666667e-01
   1.3879077e-01   6.0606061e-01   6.5151515e-01   1.6666667e-01
   1.0575525e-01   6.0606061e-01   6.6666667e-01   1.6666667e-01
   1.0201538e-01   6.2121212e-01   6.6666667e-01   1.6666667e-01
   1.0056098e-01   6.2121212e-01   6.6666667e-01   1.6666667e-01
   1.0970289e-01   6.2121212e-01   6.6666667e-01   1.6666667e-01
   1.0949512e-01   6.2121212e-01   6.6666667e-01   1.6666667e-01
   1.0617079e-01   6.2121212e-01   6.6666667e-01   1.6666667e-01
   9.7859963e-02   6.0606061e-01   6.6666667e-01   1.6666667e-01
   8.1653854e-02   6.0606061e-01   6.6666667e-01   1.6666667e-01
   7.9783919e-02   6.0606061e-01   6.5151515e-01   1.6666667e-01
   8.7679202e-02   6.0606061e-01   6.5151515e-01   1.6666667e-01
   7.5420736e-02   5.9090909e-01   6.5151515e-01   1.6666667e-01
   7.3758571e-02   5.9090909e-01   6.3636364e-01   1.6666667e-01
   8.1653854e-02   5.9090909e-01   6.3636364e-01   1.6666667e-01
   8.6432578e-02   5.7575758e-01   6.3636364e-01   1.6666667e-01
   7.1057552e-02   5.7575758e-01   6.3636364e-01   1.6666667e-01
   7.0849782e-02   5.6060606e-01   6.0606061e-01   1.6666667e-01
   9.4535633e-02   5.3030303e-01   6.0606061e-01   1.6666667e-01
   1.8450031e-01   4.6969697e-01   5.9090909e-01   1.6666667e-01
   2.7051735e-01   4.6969697e-01   5.7575758e-01   1.6666667e-01
   3.1061708e-01   4.5454545e-01   5.7575758e-01   1.6666667e-01
   3.2495325e-01   4.5454545e-01   5.9090909e-01   1.6666667e-01
   3.3721172e-01   4.6969697e-01   5.9090909e-01   1.6666667e-01
   3.3035529e-01   4.6969697e-01   1.0000000e+00   3.3333333e-01
   3.3451070e-01   4.8484848e-01   1.0000000e+00   3.3333333e-01
   3.1872013e-01   5.0000000e-01   1.0000000e+00   3.3333333e-01
   2.9607314e-01   5.4545455e-01   1.0000000e+00   3.3333333e-01
   2.7571161e-01   5.7575758e-01   1.0000000e+00   3.3333333e-01
   2.6303761e-01   5.9090909e-01   1.0000000e+00   3.3333333e-01
   2.6428423e-01   6.0606061e-01   1.0000000e+00   3.3333333e-01
   2.5638895e-01   6.2121212e-01   9.8484848e-01   3.3333333e-01
   2.4309163e-01   6.2121212e-01   9.6969697e-01   3.3333333e-01
   2.2002909e-01   6.2121212e-01   9.6969697e-01   3.3333333e-01
   2.2169125e-01   6.2121212e-01   9.5454545e-01   3.3333333e-01
   2.1982132e-01   6.2121212e-01   9.3939394e-01   3.3333333e-01
   2.0590069e-01   6.2121212e-01   9.0909091e-01   3.3333333e-01
   2.0693954e-01   6.2121212e-01   8.9393939e-01   3.3333333e-01
   2.7945149e-01   6.0606061e-01   8.9393939e-01   5.0000000e-01
   5.0446707e-01   6.0606061e-01   9.3939394e-01   5.0000000e-01
   7.6667359e-01   6.0606061e-01   9.5454545e-01   1.6666667e-01
   9.2894245e-01   5.9090909e-01   9.6969697e-01   1.6666667e-01
   9.7610638e-01   5.4545455e-01   9.8484848e-01   1.6666667e-01
   1.0000000e+00   5.1515152e-01   9.8484848e-01   1.6666667e-01
   9.9542905e-01   4.8484848e-01   9.6969697e-01   1.6666667e-01
   8.8614170e-01   4.8484848e-01   9.5454545e-01   1.6666667e-01
   6.9935591e-01   4.8484848e-01   8.1818182e-01   1.6666667e-01
   4.7247039e-01   4.8484848e-01   6.8181818e-01   1.6666667e-01
   2.8817785e-01   4.8484848e-01   6.5151515e-01   1.6666667e-01
   2.0195304e-01   5.0000000e-01   6.2121212e-01   1.6666667e-01
   1.0949512e-01   5.1515152e-01   5.9090909e-01   1.6666667e-01
   3.8853106e-02   5.4545455e-01   5.4545455e-01   1.6666667e-01
