   3.9400000e+02
   2.7096302e-02   5.2272727e-01   5.2272727e-01   0.0000000e+00
   2.5082387e-02   5.2272727e-01   5.2272727e-01   0.0000000e+00
   2.4716221e-02   5.2272727e-01   5.2272727e-01   0.0000000e+00
   2.2702307e-02   5.2272727e-01   5.2272727e-01   0.0000000e+00
   2.5448554e-02   5.2272727e-01   5.2272727e-01   0.0000000e+00
   2.7096302e-02   5.2272727e-01   5.2272727e-01   0.0000000e+00
   3.3870377e-02   5.2272727e-01   5.2272727e-01   0.0000000e+00
   6.0234346e-02   5.2272727e-01   5.2272727e-01   1.6666667e-01
   1.4243867e-01   1.5909091e-01   5.4545455e-01   3.3333333e-01
   2.7407543e-01   1.5909091e-01   5.6818182e-01   3.3333333e-01
   4.5752472e-01   1.3636364e-01   5.9090909e-01   1.6666667e-01
   6.3804467e-01   1.3636364e-01   5.9090909e-01   1.6666667e-01
   7.6528744e-01   1.1363636e-01   5.9090909e-01   1.6666667e-01
   8.4071769e-01   9.0909091e-02   6.1363636e-01   1.6666667e-01
   9.0955694e-01   4.5454545e-02   6.1363636e-01   1.6666667e-01
   9.6924204e-01   2.2727273e-02   6.3636364e-01   1.6666667e-01
   1.0000000e+00   2.2727273e-02   6.3636364e-01   1.6666667e-01
   9.8169169e-01   2.2727273e-02   6.5909091e-01   1.6666667e-01
   8.8081289e-01   2.2727273e-02   6.5909091e-01   1.6666667e-01
   7.3617722e-01   4.5454545e-02   6.5909091e-01   1.6666667e-01
   6.0966679e-01   4.5454545e-02   6.8181818e-01   1.6666667e-01
   4.8077627e-01   6.8181818e-02   6.8181818e-01   1.6666667e-01
   3.6140608e-01   1.1363636e-01   6.8181818e-01   3.3333333e-01
   2.6290736e-01   1.1363636e-01   6.8181818e-01   3.3333333e-01
   1.6916880e-01   1.3636364e-01   6.8181818e-01   3.3333333e-01
   1.1717320e-01   1.3636364e-01   6.8181818e-01   3.3333333e-01
   9.6301721e-02   1.3636364e-01   1.3636364e-01   1.6666667e-01
   8.4584401e-02   1.3636364e-01   1.5909091e-01   1.6666667e-01
   8.0007323e-02   1.3636364e-01   1.5909091e-01   1.6666667e-01
   7.7077993e-02   1.3636364e-01   1.5909091e-01   1.6666667e-01
   6.6276089e-02   1.3636364e-01   1.5909091e-01   1.6666667e-01
   6.4262175e-02   1.3636364e-01   1.3636364e-01   1.6666667e-01
   5.2544855e-02   1.3636364e-01   1.3636364e-01   1.6666667e-01
   4.2658367e-02   1.3636364e-01   1.3636364e-01   1.6666667e-01
   7.0120835e-02   1.1363636e-01   5.2272727e-01   3.3333333e-01
   1.3145368e-01   1.1363636e-01   5.4545455e-01   3.3333333e-01
   2.2299524e-01   1.1363636e-01   5.9090909e-01   3.3333333e-01
   3.2094471e-01   1.1363636e-01   6.1363636e-01   3.3333333e-01
   4.0168436e-01   1.1363636e-01   6.1363636e-01   3.3333333e-01
   4.4434273e-01   1.1363636e-01   6.3636364e-01   3.3333333e-01
   4.6576346e-01   1.1363636e-01   6.3636364e-01   3.3333333e-01
   4.7070670e-01   3.8636364e-01   6.5909091e-01   1.6666667e-01
   4.6155254e-01   3.8636364e-01   6.5909091e-01   1.6666667e-01
   4.5953863e-01   3.8636364e-01   6.5909091e-01   1.6666667e-01
   4.5642622e-01   3.8636364e-01   6.8181818e-01   1.6666667e-01
   4.5624313e-01   4.0909091e-01   6.8181818e-01   1.6666667e-01
   4.4361040e-01   4.0909091e-01   6.8181818e-01   1.6666667e-01
   4.2237276e-01   4.3181818e-01   6.8181818e-01   1.6666667e-01
   3.8593922e-01   4.3181818e-01   6.8181818e-01   1.6666667e-01
   3.2057854e-01   4.3181818e-01   6.8181818e-01   1.6666667e-01
   2.5595020e-01   4.3181818e-01   6.8181818e-01   1.6666667e-01
   2.1823508e-01   4.3181818e-01   6.5909091e-01   1.6666667e-01
   1.7997071e-01   4.3181818e-01   6.5909091e-01   1.6666667e-01
   1.4152325e-01   4.3181818e-01   5.0000000e-01   1.6666667e-01
   1.1076529e-01   4.3181818e-01   4.7727273e-01   1.6666667e-01
   8.0739656e-02   4.3181818e-01   4.7727273e-01   1.6666667e-01
   5.8952765e-02   4.3181818e-01   4.7727273e-01   1.6666667e-01
   5.5840352e-02   4.3181818e-01   4.5454545e-01   1.6666667e-01
   6.6459172e-02   4.0909091e-01   4.5454545e-01   1.6666667e-01
   8.5499817e-02   3.8636364e-01   4.3181818e-01   1.6666667e-01
   1.0930062e-01   3.8636364e-01   4.5454545e-01   1.6666667e-01
   1.3932625e-01   3.8636364e-01   4.7727273e-01   1.6666667e-01
   1.8930795e-01   3.8636364e-01   5.2272727e-01   1.6666667e-01
   2.5961186e-01   3.8636364e-01   5.9090909e-01   1.6666667e-01
   3.3614061e-01   4.0909091e-01   6.3636364e-01   1.6666667e-01
   3.7623581e-01   4.0909091e-01   6.5909091e-01   1.6666667e-01
   3.8740388e-01   4.3181818e-01   6.5909091e-01   1.6666667e-01
   3.8703772e-01   4.3181818e-01   6.8181818e-01   1.6666667e-01
   3.8008056e-01   4.5454545e-01   6.8181818e-01   1.6666667e-01
   3.7037715e-01   4.5454545e-01   6.8181818e-01   1.6666667e-01
   3.4181618e-01   4.5454545e-01   7.0454545e-01   1.6666667e-01
   3.0080557e-01   4.5454545e-01   7.0454545e-01   1.6666667e-01
   2.6089345e-01   4.3181818e-01   6.8181818e-01   1.6666667e-01
   2.3160015e-01   4.0909091e-01   6.5909091e-01   1.6666667e-01
   1.9644819e-01   4.0909091e-01   6.1363636e-01   1.6666667e-01
   1.5909923e-01   3.8636364e-01   5.2272727e-01   3.3333333e-01
   1.4005859e-01   3.6363636e-01   4.5454545e-01   1.6666667e-01
   1.3273526e-01   3.6363636e-01   4.5454545e-01   1.6666667e-01
   1.2193336e-01   3.6363636e-01   4.3181818e-01   1.6666667e-01
   1.2797510e-01   3.6363636e-01   4.3181818e-01   1.6666667e-01
   1.4170633e-01   3.6363636e-01   4.5454545e-01   1.6666667e-01
   1.6459172e-01   3.6363636e-01   4.7727273e-01   1.6666667e-01
   1.8711095e-01   3.8636364e-01   5.0000000e-01   1.6666667e-01
   2.2043208e-01   3.8636364e-01   5.4545455e-01   1.6666667e-01
   2.6272428e-01   4.0909091e-01   5.9090909e-01   1.6666667e-01
   3.1966313e-01   4.3181818e-01   6.5909091e-01   1.6666667e-01
   3.6598316e-01   4.3181818e-01   6.8181818e-01   1.6666667e-01
   3.9491029e-01   4.5454545e-01   6.8181818e-01   1.6666667e-01
   4.3811791e-01   4.3181818e-01   7.0454545e-01   1.6666667e-01
   4.7418528e-01   3.4090909e-01   7.0454545e-01   1.6666667e-01
   4.7217137e-01   3.4090909e-01   7.2727273e-01   1.6666667e-01
   4.2292201e-01   3.4090909e-01   7.2727273e-01   1.6666667e-01
   3.6360308e-01   3.4090909e-01   7.2727273e-01   1.6666667e-01
   3.0648114e-01   3.4090909e-01   7.2727273e-01   3.3333333e-01
   2.4148663e-01   3.6363636e-01   7.2727273e-01   3.3333333e-01
   1.8143537e-01   3.6363636e-01   4.3181818e-01   1.6666667e-01
   1.2760893e-01   3.8636364e-01   4.3181818e-01   1.6666667e-01
   8.5865983e-02   3.8636364e-01   4.3181818e-01   1.6666667e-01
   5.4192603e-02   4.0909091e-01   4.3181818e-01   1.6666667e-01
   4.9249359e-02   4.0909091e-01   4.5454545e-01   1.6666667e-01
   5.1446357e-02   4.3181818e-01   4.5454545e-01   1.6666667e-01
   4.6869279e-02   4.3181818e-01   4.5454545e-01   1.6666667e-01
   4.7784694e-02   4.3181818e-01   4.5454545e-01   1.6666667e-01
   4.7967777e-02   4.3181818e-01   4.7727273e-01   1.6666667e-01
   5.3460271e-02   4.3181818e-01   4.7727273e-01   1.6666667e-01
   5.6755767e-02   4.3181818e-01   4.7727273e-01   1.6666667e-01
   6.0600513e-02   4.3181818e-01   4.7727273e-01   1.6666667e-01
   7.1036250e-02   4.3181818e-01   4.7727273e-01   1.6666667e-01
   8.7879897e-02   4.0909091e-01   4.7727273e-01   1.6666667e-01
   1.1497620e-01   3.8636364e-01   4.7727273e-01   1.6666667e-01
   1.5653607e-01   3.6363636e-01   4.7727273e-01   1.6666667e-01
   1.9644819e-01   3.6363636e-01   4.7727273e-01   1.6666667e-01
   2.5833028e-01   3.4090909e-01   5.0000000e-01   1.6666667e-01
   3.4822409e-01   3.4090909e-01   6.3636364e-01   1.6666667e-01
   4.6228488e-01   3.6363636e-01   6.8181818e-01   1.6666667e-01
   5.3716587e-01   3.6363636e-01   7.0454545e-01   1.6666667e-01
   5.5034786e-01   3.6363636e-01   7.2727273e-01   1.6666667e-01
   5.3881362e-01   3.8636364e-01   7.2727273e-01   1.6666667e-01
   5.1812523e-01   4.0909091e-01   7.2727273e-01   1.6666667e-01
   4.8791651e-01   4.0909091e-01   7.5000000e-01   1.6666667e-01
   4.5276456e-01   4.3181818e-01   7.5000000e-01   1.6666667e-01
   4.1980959e-01   4.5454545e-01   7.5000000e-01   1.6666667e-01
   3.8300989e-01   4.7727273e-01   7.5000000e-01   1.6666667e-01
   3.4602710e-01   4.7727273e-01   7.5000000e-01   1.6666667e-01
   3.1453680e-01   4.5454545e-01   7.5000000e-01   1.6666667e-01
   2.9677774e-01   4.5454545e-01   7.2727273e-01   1.6666667e-01
   2.7956792e-01   4.5454545e-01   7.0454545e-01   1.6666667e-01
   2.5778103e-01   4.5454545e-01   6.5909091e-01   1.6666667e-01
   2.3800806e-01   4.5454545e-01   5.9090909e-01   1.6666667e-01
   2.1329183e-01   4.7727273e-01   6.1363636e-01   1.6666667e-01
   2.0926401e-01   4.7727273e-01   6.1363636e-01   1.6666667e-01
   2.0413768e-01   5.0000000e-01   6.3636364e-01   1.6666667e-01
   1.9095569e-01   5.2272727e-01   6.5909091e-01   1.6666667e-01
   1.7722446e-01   5.2272727e-01   6.5909091e-01   1.6666667e-01
   1.5928231e-01   5.4545455e-01   6.8181818e-01   1.6666667e-01
   1.4774808e-01   5.9090909e-01   6.8181818e-01   1.6666667e-01
   1.3365068e-01   6.1363636e-01   7.0454545e-01   1.6666667e-01
   1.2449652e-01   6.3636364e-01   7.0454545e-01   1.6666667e-01
   1.1369462e-01   6.3636364e-01   7.0454545e-01   1.6666667e-01
   1.0600513e-01   6.5909091e-01   7.2727273e-01   1.6666667e-01
   1.0655438e-01   6.5909091e-01   7.2727273e-01   1.6666667e-01
   1.1808861e-01   6.3636364e-01   7.2727273e-01   1.6666667e-01
   1.3127060e-01   6.3636364e-01   7.2727273e-01   1.6666667e-01
   1.4610033e-01   6.3636364e-01   7.2727273e-01   1.6666667e-01
   1.6001465e-01   6.1363636e-01   7.2727273e-01   1.6666667e-01
   1.7356280e-01   5.9090909e-01   7.2727273e-01   1.6666667e-01
   1.9553277e-01   5.6818182e-01   7.2727273e-01   1.6666667e-01
   2.1750275e-01   5.0000000e-01   7.0454545e-01   1.6666667e-01
   2.3965580e-01   4.7727273e-01   7.0454545e-01   1.6666667e-01
   2.2574149e-01   4.5454545e-01   7.0454545e-01   1.6666667e-01
   2.0523618e-01   4.5454545e-01   6.8181818e-01   1.6666667e-01
   1.7209813e-01   4.7727273e-01   6.5909091e-01   1.6666667e-01
   1.3108751e-01   5.0000000e-01   5.9090909e-01   1.6666667e-01
   8.6781399e-02   5.2272727e-01   5.4545455e-01   1.6666667e-01
   5.1080190e-02   5.2104377e-01   5.4545455e-01   0.0000000e+00
   1.8674478e-02   5.1936027e-01   5.4545455e-01   0.0000000e+00
   0.0000000e+00   5.1767677e-01   5.4545455e-01   0.0000000e+00
   7.3233248e-04   5.1599327e-01   5.4545455e-01   0.0000000e+00
   7.3233248e-04   5.1430976e-01   5.4545455e-01   0.0000000e+00
   7.3233248e-04   5.1262626e-01   5.4545455e-01   0.0000000e+00
   7.3233248e-04   5.1094276e-01   5.4545455e-01   0.0000000e+00
   7.3233248e-04   5.0925926e-01   5.4545455e-01   0.0000000e+00
   7.3233248e-04   5.0757576e-01   5.4545455e-01   0.0000000e+00
   7.3233248e-04   5.0589226e-01   5.4545455e-01   0.0000000e+00
   7.3233248e-04   5.0420875e-01   5.4545455e-01   0.0000000e+00
   7.3233248e-04   5.0252525e-01   5.4545455e-01   0.0000000e+00
   7.3233248e-04   5.0084175e-01   5.4545455e-01   0.0000000e+00
   7.3233248e-04   4.9915825e-01   5.4545455e-01   0.0000000e+00
   7.3233248e-04   4.9747475e-01   5.4545455e-01   0.0000000e+00
   7.3233248e-04   4.9579125e-01   5.4545455e-01   0.0000000e+00
   7.3233248e-04   4.9410774e-01   5.4545455e-01   0.0000000e+00
   7.3233248e-04   4.9242424e-01   5.4545455e-01   0.0000000e+00
   7.3233248e-04   4.9074074e-01   5.4545455e-01   0.0000000e+00
   7.3233248e-04   4.8905724e-01   5.4545455e-01   0.0000000e+00
   7.3233248e-04   4.8737374e-01   5.4545455e-01   0.0000000e+00
   7.3233248e-04   4.8569024e-01   5.4545455e-01   0.0000000e+00
   7.3233248e-04   4.8400673e-01   5.4545455e-01   0.0000000e+00
   7.3233248e-04   4.8232323e-01   5.4545455e-01   0.0000000e+00
   1.2815818e-03   4.8063973e-01   5.4545455e-01   0.0000000e+00
   1.5378982e-02   4.7895623e-01   5.4545455e-01   0.0000000e+00
   7.3233248e-02   4.7727273e-01   5.4545455e-01   1.6666667e-01
   1.6843647e-01   4.5454545e-01   5.9090909e-01   1.6666667e-01
   2.7389235e-01   4.3181818e-01   6.1363636e-01   1.6666667e-01
   3.4987184e-01   4.3181818e-01   6.3636364e-01   1.6666667e-01
   3.9637495e-01   4.0909091e-01   6.5909091e-01   1.6666667e-01
   4.2328817e-01   4.0909091e-01   6.8181818e-01   1.6666667e-01
   4.1706335e-01   4.0909091e-01   6.8181818e-01   1.6666667e-01
   3.7348956e-01   4.0909091e-01   7.0454545e-01   1.6666667e-01
   3.2680337e-01   4.3181818e-01   7.0454545e-01   1.6666667e-01
   3.0208715e-01   4.3181818e-01   7.0454545e-01   1.6666667e-01
   2.7773709e-01   4.0909091e-01   7.2727273e-01   1.6666667e-01
   2.5210546e-01   4.0909091e-01   7.2727273e-01   3.3333333e-01
   2.3434639e-01   4.0909091e-01   7.2727273e-01   3.3333333e-01
   2.2903698e-01   4.0909091e-01   7.2727273e-01   3.3333333e-01
   2.3343098e-01   4.0909091e-01   7.2727273e-01   3.3333333e-01
   2.5192237e-01   4.3181818e-01   7.2727273e-01   3.3333333e-01
   2.8835591e-01   4.3181818e-01   7.2727273e-01   1.6666667e-01
   3.3559136e-01   4.0909091e-01   7.0454545e-01   1.6666667e-01
   3.7532040e-01   4.0909091e-01   7.0454545e-01   1.6666667e-01
   3.9143171e-01   3.8636364e-01   6.8181818e-01   1.6666667e-01
   3.8923471e-01   3.8636364e-01   6.5909091e-01   1.6666667e-01
   3.8520688e-01   3.8636364e-01   6.1363636e-01   1.6666667e-01
   3.7623581e-01   3.8636364e-01   6.1363636e-01   1.6666667e-01
   3.5426584e-01   3.8636364e-01   6.1363636e-01   1.6666667e-01
   3.1435372e-01   4.0909091e-01   6.1363636e-01   1.6666667e-01
   2.7975101e-01   4.0909091e-01   6.3636364e-01   1.6666667e-01
   2.5100696e-01   4.3181818e-01   6.3636364e-01   1.6666667e-01
   2.1805200e-01   4.5454545e-01   6.3636364e-01   1.6666667e-01
   1.9351886e-01   5.2272727e-01   6.5909091e-01   1.6666667e-01
   1.6953497e-01   5.6818182e-01   6.5909091e-01   1.6666667e-01
   1.5049432e-01   5.9090909e-01   6.5909091e-01   1.6666667e-01
   1.2943977e-01   5.9090909e-01   6.5909091e-01   1.6666667e-01
   1.2394727e-01   5.9090909e-01   6.8181818e-01   1.6666667e-01
   1.2138411e-01   5.9090909e-01   6.8181818e-01   1.6666667e-01
   1.3291834e-01   5.9090909e-01   6.8181818e-01   1.6666667e-01
   1.5067741e-01   5.2272727e-01   6.8181818e-01   1.6666667e-01
   1.8326620e-01   5.0000000e-01   6.5909091e-01   1.6666667e-01
   1.9864518e-01   3.8636364e-01   6.5909091e-01   3.3333333e-01
   2.0102527e-01   3.8636364e-01   6.3636364e-01   1.6666667e-01
   1.9150494e-01   3.8636364e-01   5.9090909e-01   1.6666667e-01
   1.7228122e-01   3.8636364e-01   5.6818182e-01   1.6666667e-01
   1.4207250e-01   3.8636364e-01   5.4545455e-01   3.3333333e-01
   1.2394727e-01   3.8636364e-01   4.5454545e-01   1.6666667e-01
   1.2486269e-01   4.0909091e-01   4.5454545e-01   1.6666667e-01
   1.4317100e-01   4.0909091e-01   5.4545455e-01   1.6666667e-01
   1.7557671e-01   4.3181818e-01   5.6818182e-01   1.6666667e-01
   1.9132186e-01   4.3181818e-01   5.9090909e-01   1.6666667e-01
   1.9443427e-01   4.5454545e-01   5.9090909e-01   1.6666667e-01
   1.8216770e-01   4.5454545e-01   6.1363636e-01   1.6666667e-01
   1.7081655e-01   4.7727273e-01   6.1363636e-01   1.6666667e-01
   1.4921274e-01   5.0000000e-01   6.3636364e-01   1.6666667e-01
   1.2229952e-01   5.2272727e-01   6.3636364e-01   1.6666667e-01
   1.0307580e-01   5.6818182e-01   6.3636364e-01   1.6666667e-01
   7.8359575e-02   5.9090909e-01   6.3636364e-01   1.6666667e-01
   6.6459172e-02   6.1363636e-01   6.5909091e-01   1.6666667e-01
   5.2727938e-02   6.1363636e-01   6.5909091e-01   1.6666667e-01
   3.9179788e-02   6.3636364e-01   6.3636364e-01   1.6666667e-01
   3.1856463e-02   6.2727273e-01   6.2727273e-01   0.0000000e+00
   2.5265471e-02   6.1818182e-01   6.1818182e-01   0.0000000e+00
   3.0574881e-02   6.0909091e-01   6.0909091e-01   0.0000000e+00
   5.5840352e-02   6.0000000e-01   6.0000000e-01   0.0000000e+00
   1.0051263e-01   5.9090909e-01   5.9090909e-01   1.6666667e-01
   1.5140974e-01   3.8636364e-01   6.1363636e-01   3.3333333e-01
   2.0578543e-01   3.6363636e-01   6.1363636e-01   3.3333333e-01
   2.5540095e-01   3.6363636e-01   6.1363636e-01   3.3333333e-01
   3.0098865e-01   3.6363636e-01   6.1363636e-01   3.3333333e-01
   3.3394361e-01   1.8181818e-01   6.1363636e-01   3.3333333e-01
   3.4273160e-01   1.8181818e-01   6.1363636e-01   3.3333333e-01
   3.2295862e-01   1.8181818e-01   6.1363636e-01   3.3333333e-01
   2.9439766e-01   1.8181818e-01   6.1363636e-01   3.3333333e-01
   2.6913219e-01   1.8181818e-01   6.1363636e-01   3.3333333e-01
   2.4057122e-01   1.8181818e-01   6.3636364e-01   3.3333333e-01
   2.0322226e-01   1.8181818e-01   6.3636364e-01   5.0000000e-01
   1.7264738e-01   2.0454545e-01   6.3636364e-01   3.3333333e-01
   1.4976199e-01   2.0454545e-01   6.3636364e-01   3.3333333e-01
   1.2889052e-01   2.0454545e-01   6.3636364e-01   3.3333333e-01
   1.2175027e-01   1.8181818e-01   6.3636364e-01   3.3333333e-01
   1.1314537e-01   2.0454545e-01   6.1363636e-01   3.3333333e-01
   1.0655438e-01   2.0454545e-01   6.1363636e-01   3.3333333e-01
   1.0142805e-01   2.0454545e-01   2.2727273e-01   1.6666667e-01
   9.5569389e-02   2.0454545e-01   2.5000000e-01   1.6666667e-01
   9.7217137e-02   2.0454545e-01   2.5000000e-01   1.6666667e-01
   9.5752472e-02   2.0454545e-01   2.5000000e-01   1.6666667e-01
   9.2640059e-02   2.0454545e-01   2.5000000e-01   1.6666667e-01
   9.1541560e-02   2.0454545e-01   2.5000000e-01   1.6666667e-01
   8.3119736e-02   2.0454545e-01   2.5000000e-01   1.6666667e-01
   7.4697913e-02   2.2727273e-01   2.7272727e-01   1.6666667e-01
   6.3529843e-02   2.2727273e-01   2.7272727e-01   1.6666667e-01
   6.1699011e-02   2.2727273e-01   2.7272727e-01   1.6666667e-01
   5.8403515e-02   2.2727273e-01   2.7272727e-01   1.6666667e-01
   5.4741853e-02   2.2727273e-01   2.7272727e-01   1.6666667e-01
   5.3460271e-02   2.2727273e-01   2.7272727e-01   1.6666667e-01
   5.5840352e-02   2.2727273e-01   2.7272727e-01   1.6666667e-01
   6.3529843e-02   2.2727273e-01   2.7272727e-01   1.6666667e-01
   7.3050165e-02   2.2727273e-01   2.7272727e-01   1.6666667e-01
   8.6415233e-02   2.2727273e-01   2.7272727e-01   1.6666667e-01
   9.5935555e-02   2.2727273e-01   2.7272727e-01   1.6666667e-01
   1.1058220e-01   2.2727273e-01   2.7272727e-01   1.6666667e-01
   1.6147931e-01   2.0454545e-01   2.9545455e-01   1.6666667e-01
   2.5961186e-01   2.0454545e-01   5.0000000e-01   3.3333333e-01
   4.0992311e-01   2.0454545e-01   5.2272727e-01   1.6666667e-01
   5.5346027e-01   1.8181818e-01   5.4545455e-01   1.6666667e-01
   6.5818382e-01   1.3636364e-01   5.6818182e-01   1.6666667e-01
   7.5942878e-01   9.0909091e-02   5.6818182e-01   1.6666667e-01
   8.5206884e-01   2.2727273e-02   5.9090909e-01   1.6666667e-01
   9.2292201e-01   2.2727273e-02   5.9090909e-01   1.6666667e-01
   9.5221531e-01   0.0000000e+00   6.1363636e-01   1.6666667e-01
   9.0369828e-01   0.0000000e+00   6.1363636e-01   1.6666667e-01
   7.9512999e-01   0.0000000e+00   6.1363636e-01   1.6666667e-01
   6.8418162e-01   2.2727273e-02   6.1363636e-01   1.6666667e-01
   5.9025998e-01   2.2727273e-02   6.3636364e-01   1.6666667e-01
   4.9340901e-01   4.5454545e-02   6.3636364e-01   1.6666667e-01
   4.0058587e-01   6.8181818e-02   6.3636364e-01   3.3333333e-01
   3.2112779e-01   2.0454545e-01   6.3636364e-01   3.3333333e-01
   2.6565361e-01   2.2727273e-01   6.3636364e-01   3.3333333e-01
   2.1310875e-01   2.2727273e-01   6.1363636e-01   3.3333333e-01
   2.0963017e-01   2.2727273e-01   6.1363636e-01   3.3333333e-01
   2.3983889e-01   2.5000000e-01   5.9090909e-01   3.3333333e-01
   2.8762358e-01   2.5000000e-01   5.6818182e-01   3.3333333e-01
   3.3632369e-01   2.5000000e-01   5.6818182e-01   3.3333333e-01
   3.7568656e-01   2.5000000e-01   5.6818182e-01   3.3333333e-01
   4.0699378e-01   2.5000000e-01   5.9090909e-01   3.3333333e-01
   4.3885024e-01   2.5000000e-01   6.1363636e-01   3.3333333e-01
   4.7363603e-01   2.5000000e-01   6.1363636e-01   3.3333333e-01
   4.9835225e-01   2.5000000e-01   6.3636364e-01   3.3333333e-01
   5.1794215e-01   2.5000000e-01   6.3636364e-01   3.3333333e-01
   5.3387038e-01   2.5000000e-01   6.3636364e-01   3.3333333e-01
   5.3643354e-01   2.5000000e-01   6.5909091e-01   3.3333333e-01
   5.3057488e-01   2.2727273e-01   6.5909091e-01   3.3333333e-01
   5.0750641e-01   2.5000000e-01   6.5909091e-01   3.3333333e-01
   4.6283413e-01   2.5000000e-01   6.5909091e-01   3.3333333e-01
   3.9198096e-01   2.5000000e-01   6.5909091e-01   3.3333333e-01
   3.1435372e-01   2.5000000e-01   6.5909091e-01   3.3333333e-01
   2.4514830e-01   2.5000000e-01   6.5909091e-01   3.3333333e-01
   1.9315269e-01   5.0000000e-01   6.5909091e-01   1.6666667e-01
   1.3346759e-01   5.4545455e-01   6.1363636e-01   1.6666667e-01
   9.1724643e-02   5.3246753e-01   6.0064935e-01   0.0000000e+00
   5.8220432e-02   5.1948052e-01   5.8766234e-01   0.0000000e+00
   3.5518125e-02   5.0649351e-01   5.7467532e-01   0.0000000e+00
   1.8125229e-02   4.9350649e-01   5.6168831e-01   0.0000000e+00
   1.4829733e-02   4.8051948e-01   5.4870130e-01   0.0000000e+00
   1.5012816e-02   4.6753247e-01   5.3571429e-01   0.0000000e+00
   1.6111315e-02   4.5454545e-01   5.2272727e-01   0.0000000e+00
   1.6843647e-02   4.4155844e-01   5.0974026e-01   0.0000000e+00
   1.7392896e-02   4.2857143e-01   4.9675325e-01   0.0000000e+00
   1.8125229e-02   4.1558442e-01   4.8376623e-01   0.0000000e+00
   2.2885390e-02   4.0259740e-01   4.7077922e-01   0.0000000e+00
   2.8194800e-02   3.8961039e-01   4.5779221e-01   0.0000000e+00
   5.5108019e-02   3.7662338e-01   4.4480519e-01   0.0000000e+00
   1.0325888e-01   3.6363636e-01   4.3181818e-01   1.6666667e-01
   1.5031124e-01   3.6363636e-01   4.5454545e-01   1.6666667e-01
   1.8692787e-01   3.4090909e-01   4.5454545e-01   1.6666667e-01
   2.1219334e-01   3.4090909e-01   4.5454545e-01   1.6666667e-01
   2.2427682e-01   3.4090909e-01   4.7727273e-01   1.6666667e-01
   2.4240205e-01   3.4090909e-01   4.7727273e-01   1.6666667e-01
   2.7114610e-01   3.4090909e-01   5.2272727e-01   1.6666667e-01
   3.1508605e-01   3.4090909e-01   5.4545455e-01   1.6666667e-01
   3.4895643e-01   3.6363636e-01   5.6818182e-01   1.6666667e-01
   3.7165873e-01   3.6363636e-01   5.9090909e-01   1.6666667e-01
   3.8392530e-01   3.8636364e-01   6.1363636e-01   1.6666667e-01
   3.8008056e-01   2.5000000e-01   6.3636364e-01   3.3333333e-01
   3.6891249e-01   2.5000000e-01   6.3636364e-01   3.3333333e-01
   3.4913951e-01   2.5000000e-01   6.5909091e-01   3.3333333e-01
   3.2753570e-01   2.5000000e-01   6.5909091e-01   3.3333333e-01
   3.1545222e-01   2.7272727e-01   6.5909091e-01   3.3333333e-01
   3.1655071e-01   2.7272727e-01   6.8181818e-01   3.3333333e-01
   3.2442329e-01   2.5000000e-01   6.8181818e-01   3.3333333e-01
   3.3028195e-01   2.7272727e-01   6.8181818e-01   3.3333333e-01
   3.2808495e-01   2.7272727e-01   6.8181818e-01   3.3333333e-01
   3.1490297e-01   2.7272727e-01   6.8181818e-01   3.3333333e-01
   3.0593189e-01   2.7272727e-01   7.0454545e-01   3.3333333e-01
   2.9622849e-01   2.7272727e-01   7.0454545e-01   3.3333333e-01
   2.9293299e-01   2.7272727e-01   7.0454545e-01   3.3333333e-01
   2.8890516e-01   2.9545455e-01   7.0454545e-01   3.3333333e-01
   3.0446723e-01   2.9545455e-01   7.0454545e-01   5.0000000e-01
   3.7147565e-01   3.1818182e-01   6.8181818e-01   1.6666667e-01
   4.4727206e-01   3.4090909e-01   6.8181818e-01   1.6666667e-01
   4.8260710e-01   3.6363636e-01   6.8181818e-01   1.6666667e-01
   4.8041011e-01   3.6363636e-01   6.8181818e-01   1.6666667e-01
   4.8169169e-01   3.6363636e-01   6.5909091e-01   1.6666667e-01
   5.0512633e-01   3.4090909e-01   6.5909091e-01   1.6666667e-01
   5.4741853e-01   3.1818182e-01   6.5909091e-01   1.6666667e-01
   5.8202124e-01   2.9545455e-01   6.5909091e-01   1.6666667e-01
   6.0216038e-01   2.9545455e-01   6.5909091e-01   1.6666667e-01
   6.1149762e-01   2.9545455e-01   6.5909091e-01   1.6666667e-01
   6.1589161e-01   2.9545455e-01   6.5909091e-01   1.6666667e-01
   6.1991944e-01   2.9545455e-01   6.5909091e-01   1.6666667e-01
   6.1479312e-01   2.9545455e-01   6.5909091e-01   1.6666667e-01
   6.0380813e-01   2.9545455e-01   6.8181818e-01   1.6666667e-01
   5.8989381e-01   2.9545455e-01   6.8181818e-01   1.6666667e-01
   5.7286708e-01   2.9545455e-01   6.8181818e-01   1.6666667e-01
   5.4998169e-01   2.9545455e-01   6.8181818e-01   1.6666667e-01
   5.2471622e-01   2.9545455e-01   6.5909091e-01   1.6666667e-01
   4.8425485e-01   2.9545455e-01   6.5909091e-01   1.6666667e-01
   4.3061150e-01   3.1818182e-01   6.5909091e-01   1.6666667e-01
   3.7074332e-01   3.1818182e-01   6.5909091e-01   1.6666667e-01
   3.1838155e-01   3.4090909e-01   6.5909091e-01   1.6666667e-01
   2.7700476e-01   3.6363636e-01   6.3636364e-01   1.6666667e-01
   2.2976932e-01   3.8636364e-01   6.3636364e-01   3.3333333e-01
   1.8656170e-01   4.0909091e-01   6.3636364e-01   3.3333333e-01
   1.4591725e-01   5.6818182e-01   6.1363636e-01   1.6666667e-01
   1.1314537e-01   5.9090909e-01   6.1363636e-01   1.6666667e-01
   9.0076895e-02   5.8636364e-01   6.0909091e-01   0.0000000e+00
   7.5796412e-02   5.8181818e-01   6.0454545e-01   0.0000000e+00
   5.3277188e-02   5.7727273e-01   6.0000000e-01   0.0000000e+00
   2.7828634e-02   5.7272727e-01   5.9545455e-01   0.0000000e+00
   1.4097400e-02   5.6818182e-01   5.9090909e-01   0.0000000e+00
   1.5745148e-02   5.6363636e-01   5.8636364e-01   0.0000000e+00
   2.6180886e-02   5.5909091e-01   5.8181818e-01   0.0000000e+00
   3.9545954e-02   5.5454545e-01   5.7727273e-01   0.0000000e+00
   4.3939949e-02   5.5000000e-01   5.7272727e-01   0.0000000e+00
   4.8150860e-02   5.4545455e-01   5.6818182e-01   1.6666667e-01
   4.1559868e-02   5.6818182e-01   5.6818182e-01   1.6666667e-01
   3.3870377e-02   5.6818182e-01   5.6818182e-01   0.0000000e+00
