   3.5400000e+02
   6.1385890e-02   5.9047619e-01   6.0952381e-01   1.6666667e-01
   1.3934220e-01   5.7142857e-01   6.2857143e-01   1.6666667e-01
   2.0901331e-01   5.6190476e-01   6.3809524e-01   1.6666667e-01
   2.5596284e-01   5.6190476e-01   6.4761905e-01   1.6666667e-01
   2.8496108e-01   5.5238095e-01   6.4761905e-01   1.6666667e-01
   2.9550590e-01   5.5238095e-01   6.5714286e-01   1.6666667e-01
   2.9763997e-01   5.5238095e-01   6.5714286e-01   1.6666667e-01
   2.8948029e-01   5.5238095e-01   6.6666667e-01   1.6666667e-01
   2.7617374e-01   5.4285714e-01   6.6666667e-01   1.6666667e-01
   2.6449912e-01   5.4285714e-01   6.6666667e-01   3.3333333e-01
   2.5357771e-01   5.4285714e-01   6.7619048e-01   3.3333333e-01
   2.4654783e-01   5.4285714e-01   6.7619048e-01   3.3333333e-01
   2.4253076e-01   5.4285714e-01   6.7619048e-01   3.3333333e-01
   2.3851368e-01   5.4285714e-01   6.7619048e-01   3.3333333e-01
   2.3738388e-01   5.5238095e-01   6.7619048e-01   3.3333333e-01
   2.5571178e-01   5.5238095e-01   6.7619048e-01   3.3333333e-01
   2.7416520e-01   5.5238095e-01   6.7619048e-01   1.6666667e-01
   2.8609089e-01   5.5238095e-01   6.6666667e-01   1.6666667e-01
   2.7529500e-01   5.6190476e-01   6.6666667e-01   1.6666667e-01
   2.5809691e-01   5.6190476e-01   6.5714286e-01   1.6666667e-01
   2.5433091e-01   5.5238095e-01   6.4761905e-01   1.6666667e-01
   2.5144364e-01   5.5238095e-01   6.4761905e-01   1.6666667e-01
   2.5207130e-01   5.5238095e-01   6.3809524e-01   1.6666667e-01
   2.5345217e-01   5.5238095e-01   6.3809524e-01   1.6666667e-01
   2.5407984e-01   5.5238095e-01   6.3809524e-01   1.6666667e-01
   2.4930957e-01   5.5238095e-01   6.3809524e-01   1.6666667e-01
   2.3889028e-01   5.5238095e-01   6.4761905e-01   1.6666667e-01
   2.1604318e-01   5.6190476e-01   6.4761905e-01   1.6666667e-01
   1.8993221e-01   5.7142857e-01   6.5714286e-01   1.6666667e-01
   1.5955310e-01   5.8095238e-01   6.5714286e-01   1.6666667e-01
   1.3632940e-01   6.0000000e-01   6.5714286e-01   1.6666667e-01
   1.1109716e-01   6.2857143e-01   6.6666667e-01   1.6666667e-01
   9.3271403e-02   6.3809524e-01   6.6666667e-01   1.6666667e-01
   8.9128797e-02   6.3809524e-01   6.6666667e-01   1.6666667e-01
   8.6994728e-02   6.3809524e-01   6.6666667e-01   1.6666667e-01
   8.0969119e-02   6.3809524e-01   6.6666667e-01   1.6666667e-01
   7.7579714e-02   6.3809524e-01   6.7619048e-01   1.6666667e-01
   7.3311574e-02   6.4761905e-01   6.7619048e-01   1.6666667e-01
   7.0675370e-02   6.4761905e-01   6.7619048e-01   1.6666667e-01
   7.1303038e-02   6.3809524e-01   6.7619048e-01   1.6666667e-01
   7.6449912e-02   6.3809524e-01   6.6666667e-01   1.6666667e-01
   7.6324379e-02   6.3809524e-01   6.6666667e-01   1.6666667e-01
   7.8709515e-02   6.2857143e-01   6.6666667e-01   1.6666667e-01
   8.7622395e-02   6.2857143e-01   6.6666667e-01   1.6666667e-01
   8.6994728e-02   6.2857143e-01   6.6666667e-01   1.6666667e-01
   9.7665077e-02   6.1904762e-01   6.5714286e-01   1.6666667e-01
   1.2402712e-01   6.0952381e-01   6.5714286e-01   1.6666667e-01
   2.1767512e-01   5.0476190e-01   6.5714286e-01   3.3333333e-01
   3.9291991e-01   4.7619048e-01   6.5714286e-01   1.6666667e-01
   5.7444138e-01   3.6190476e-01   6.4761905e-01   3.3333333e-01
   6.5214662e-01   3.5238095e-01   6.4761905e-01   1.6666667e-01
   6.7172985e-01   3.4285714e-01   6.4761905e-01   1.6666667e-01
   6.6595531e-01   3.0476190e-01   6.3809524e-01   1.6666667e-01
   6.4649761e-01   2.9523810e-01   6.3809524e-01   1.6666667e-01
   6.0720562e-01   2.8571429e-01   6.3809524e-01   3.3333333e-01
   5.6038162e-01   2.8571429e-01   6.3809524e-01   3.3333333e-01
   4.7049962e-01   2.7619048e-01   6.4761905e-01   3.3333333e-01
   4.1338187e-01   2.7619048e-01   6.4761905e-01   3.3333333e-01
   3.8162189e-01   2.7619048e-01   6.4761905e-01   3.3333333e-01
   3.7220688e-01   2.8571429e-01   6.5714286e-01   3.3333333e-01
   3.8099423e-01   2.8571429e-01   6.5714286e-01   3.3333333e-01
   4.0522219e-01   2.9523810e-01   6.5714286e-01   5.0000000e-01
   4.2957570e-01   3.0476190e-01   6.6666667e-01   5.0000000e-01
   4.5380367e-01   3.0476190e-01   6.6666667e-01   5.0000000e-01
   4.6723575e-01   3.2380952e-01   6.6666667e-01   5.0000000e-01
   4.7376349e-01   3.3333333e-01   6.6666667e-01   5.0000000e-01
   4.8920412e-01   3.5238095e-01   6.6666667e-01   5.0000000e-01
   4.8845092e-01   3.7142857e-01   6.6666667e-01   3.3333333e-01
   4.5292493e-01   3.9047619e-01   6.6666667e-01   5.0000000e-01
   3.7484308e-01   4.1904762e-01   6.6666667e-01   6.6666667e-01
   2.6851619e-01   5.7142857e-01   6.6666667e-01   1.6666667e-01
   1.9068541e-01   5.7142857e-01   6.6666667e-01   1.6666667e-01
   1.7210645e-01   5.8095238e-01   6.6666667e-01   1.6666667e-01
   1.4787848e-01   5.8095238e-01   6.6666667e-01   1.6666667e-01
   1.2427818e-01   5.8095238e-01   6.0952381e-01   1.6666667e-01
   9.3396937e-02   5.8095238e-01   6.0952381e-01   1.6666667e-01
   7.9337183e-02   5.8095238e-01   6.0952381e-01   1.6666667e-01
   8.0215918e-02   5.8095238e-01   6.0952381e-01   1.6666667e-01
   8.6115993e-02   5.8095238e-01   6.0952381e-01   1.6666667e-01
   8.5237258e-02   5.8095238e-01   6.1904762e-01   1.6666667e-01
   8.1847853e-02   5.8095238e-01   6.1904762e-01   1.6666667e-01
   8.4860658e-02   5.8095238e-01   6.0952381e-01   1.6666667e-01
   1.2478032e-01   5.7142857e-01   6.6666667e-01   3.3333333e-01
   1.5553603e-01   5.7142857e-01   6.7619048e-01   3.3333333e-01
   1.8855134e-01   5.6190476e-01   6.8571429e-01   3.3333333e-01
   2.0248556e-01   5.5238095e-01   6.8571429e-01   3.3333333e-01
   2.1516445e-01   5.5238095e-01   6.9523810e-01   3.3333333e-01
   2.2859654e-01   5.4285714e-01   6.9523810e-01   3.3333333e-01
   2.4491589e-01   5.3333333e-01   6.9523810e-01   3.3333333e-01
   2.7441627e-01   5.3333333e-01   6.9523810e-01   3.3333333e-01
   2.9525483e-01   5.3333333e-01   7.0476190e-01   3.3333333e-01
   3.2663821e-01   5.2380952e-01   7.0476190e-01   1.6666667e-01
   3.2676375e-01   5.2380952e-01   7.0476190e-01   1.6666667e-01
   2.9538037e-01   5.3333333e-01   7.0476190e-01   1.6666667e-01
   2.4265629e-01   5.3333333e-01   6.9523810e-01   3.3333333e-01
   1.8943008e-01   6.0000000e-01   6.9523810e-01   1.6666667e-01
   1.2678885e-01   6.1904762e-01   6.9523810e-01   1.6666667e-01
   7.6826513e-02   6.3809524e-01   6.7619048e-01   1.6666667e-01
   4.2555862e-02   6.3571429e-01   6.7222222e-01   0.0000000e+00
   1.3181019e-02   6.3333333e-01   6.6825397e-01   0.0000000e+00
   1.2553352e-04   6.3095238e-01   6.6428571e-01   0.0000000e+00
   5.0213407e-04   6.2857143e-01   6.6031746e-01   0.0000000e+00
   5.0213407e-04   6.2619048e-01   6.5634921e-01   0.0000000e+00
   5.0213407e-04   6.2380952e-01   6.5238095e-01   0.0000000e+00
   5.0213407e-04   6.2142857e-01   6.4841270e-01   0.0000000e+00
   5.0213407e-04   6.1904762e-01   6.4444444e-01   0.0000000e+00
   5.0213407e-04   6.1666667e-01   6.4047619e-01   0.0000000e+00
   5.0213407e-04   6.1428571e-01   6.3650794e-01   0.0000000e+00
   1.5064022e-03   6.1190476e-01   6.3253968e-01   0.0000000e+00
   4.7451670e-02   6.0952381e-01   6.2857143e-01   1.6666667e-01
   1.1938238e-01   5.9047619e-01   6.4761905e-01   1.6666667e-01
   1.8679387e-01   5.9047619e-01   6.5714286e-01   1.6666667e-01
   2.2897314e-01   5.8095238e-01   6.6666667e-01   1.6666667e-01
   2.5709264e-01   5.8095238e-01   6.6666667e-01   1.6666667e-01
   2.6211398e-01   5.7142857e-01   6.7619048e-01   1.6666667e-01
   2.5859905e-01   5.7142857e-01   6.8571429e-01   1.6666667e-01
   2.5094150e-01   5.6190476e-01   6.8571429e-01   1.6666667e-01
   2.4479036e-01   5.6190476e-01   6.9523810e-01   1.6666667e-01
   2.2596033e-01   5.6190476e-01   6.9523810e-01   1.6666667e-01
   2.0461963e-01   5.6190476e-01   6.9523810e-01   3.3333333e-01
   1.6997238e-01   5.6190476e-01   7.0476190e-01   3.3333333e-01
   1.5490836e-01   5.6190476e-01   7.0476190e-01   3.3333333e-01
   1.5340196e-01   5.6190476e-01   7.0476190e-01   3.3333333e-01
   1.5114236e-01   5.6190476e-01   7.0476190e-01   3.3333333e-01
   1.6181270e-01   5.6190476e-01   7.1428571e-01   3.3333333e-01
   1.9081095e-01   5.6190476e-01   7.1428571e-01   3.3333333e-01
   2.4303289e-01   5.6190476e-01   7.1428571e-01   3.3333333e-01
   2.8295255e-01   5.6190476e-01   7.0476190e-01   1.6666667e-01
   2.8420788e-01   5.7142857e-01   7.0476190e-01   1.6666667e-01
   2.4742656e-01   5.7142857e-01   7.0476190e-01   1.6666667e-01
   2.1064524e-01   5.8095238e-01   7.0476190e-01   1.6666667e-01
   1.6721065e-01   5.9047619e-01   6.9523810e-01   1.6666667e-01
   1.1888024e-01   6.0952381e-01   6.9523810e-01   1.6666667e-01
   6.9294502e-02   6.0846561e-01   6.8465608e-01   0.0000000e+00
   1.7198092e-02   6.0740741e-01   6.7407407e-01   0.0000000e+00
   0.0000000e+00   6.0634921e-01   6.6349206e-01   0.0000000e+00
   5.0213407e-04   6.0529101e-01   6.5291005e-01   0.0000000e+00
   5.0213407e-04   6.0423280e-01   6.4232804e-01   0.0000000e+00
   7.5320110e-04   6.0317460e-01   6.3174603e-01   0.0000000e+00
   1.0670349e-02   6.0211640e-01   6.2116402e-01   0.0000000e+00
   1.3181019e-02   6.0105820e-01   6.1058201e-01   0.0000000e+00
   1.9834296e-02   6.0000000e-01   6.0000000e-01   1.6666667e-01
   3.3015315e-02   5.9047619e-01   6.0000000e-01   1.6666667e-01
   5.6741150e-02   5.8095238e-01   6.0000000e-01   1.6666667e-01
   8.0843585e-02   5.8095238e-01   6.0000000e-01   1.6666667e-01
   1.0444389e-01   5.7142857e-01   6.0952381e-01   1.6666667e-01
   1.6105950e-01   5.5238095e-01   6.0952381e-01   1.6666667e-01
   2.7027366e-01   5.0476190e-01   6.1904762e-01   1.6666667e-01
   3.8337936e-01   4.7619048e-01   6.1904762e-01   1.6666667e-01
   4.6798895e-01   4.4761905e-01   6.2857143e-01   1.6666667e-01
   5.7607331e-01   4.0000000e-01   6.3809524e-01   3.3333333e-01
   6.5942757e-01   3.8095238e-01   6.3809524e-01   1.6666667e-01
   6.9884509e-01   3.4285714e-01   6.4761905e-01   1.6666667e-01
   6.9470249e-01   3.2380952e-01   6.5714286e-01   1.6666667e-01
   6.7662566e-01   3.1428571e-01   6.5714286e-01   1.6666667e-01
   6.4737635e-01   3.0476190e-01   6.6666667e-01   1.6666667e-01
   5.8435852e-01   3.0476190e-01   6.6666667e-01   5.0000000e-01
   5.1845343e-01   2.9523810e-01   6.7619048e-01   5.0000000e-01
   4.2505649e-01   2.9523810e-01   6.7619048e-01   5.0000000e-01
   3.5651519e-01   2.9523810e-01   6.7619048e-01   5.0000000e-01
   3.2714035e-01   3.0476190e-01   6.7619048e-01   5.0000000e-01
   3.1345719e-01   3.0476190e-01   6.8571429e-01   5.0000000e-01
   2.9688677e-01   3.0476190e-01   6.8571429e-01   5.0000000e-01
   3.0605072e-01   3.1428571e-01   6.8571429e-01   5.0000000e-01
   3.1295506e-01   3.1428571e-01   6.8571429e-01   5.0000000e-01
   3.3354256e-01   3.2380952e-01   6.8571429e-01   5.0000000e-01
   3.7559628e-01   3.3333333e-01   6.8571429e-01   5.0000000e-01
   3.9530505e-01   3.4285714e-01   6.8571429e-01   3.3333333e-01
   3.7697715e-01   3.5238095e-01   6.8571429e-01   3.3333333e-01
   3.3956816e-01   3.6190476e-01   6.8571429e-01   3.3333333e-01
   2.8860156e-01   3.7142857e-01   6.8571429e-01   3.3333333e-01
   2.4855636e-01   3.9047619e-01   6.8571429e-01   3.3333333e-01
   2.0461963e-01   4.0952381e-01   6.7619048e-01   3.3333333e-01
   1.5628923e-01   6.2857143e-01   6.7619048e-01   1.6666667e-01
   1.1410997e-01   6.2857143e-01   6.7619048e-01   1.6666667e-01
   8.7245795e-02   6.2857143e-01   6.5714286e-01   1.6666667e-01
   7.4692443e-02   6.2857143e-01   6.5714286e-01   1.6666667e-01
   6.5528496e-02   6.2857143e-01   6.5714286e-01   1.6666667e-01
   1.0946523e-01   5.7142857e-01   6.4761905e-01   1.6666667e-01
   1.8390660e-01   5.6190476e-01   6.4761905e-01   1.6666667e-01
   2.4328396e-01   5.5238095e-01   6.4761905e-01   1.6666667e-01
   2.7303540e-01   5.5238095e-01   6.4761905e-01   1.6666667e-01
   2.9425056e-01   5.5238095e-01   6.5714286e-01   1.6666667e-01
   3.0002511e-01   5.5238095e-01   6.5714286e-01   1.6666667e-01
   2.7567160e-01   5.5238095e-01   6.6666667e-01   1.6666667e-01
   2.4792870e-01   5.5238095e-01   6.6666667e-01   1.6666667e-01
   2.2257093e-01   5.6190476e-01   6.7619048e-01   1.6666667e-01
   1.8817474e-01   5.7142857e-01   6.7619048e-01   1.6666667e-01
   1.5980417e-01   5.9047619e-01   6.7619048e-01   3.3333333e-01
   1.3821240e-01   6.4761905e-01   6.8571429e-01   1.6666667e-01
   1.0908863e-01   6.4761905e-01   6.8571429e-01   1.6666667e-01
   1.1624404e-01   6.4761905e-01   6.8571429e-01   1.6666667e-01
   1.2063771e-01   6.4761905e-01   6.8571429e-01   1.6666667e-01
   1.2528245e-01   6.4761905e-01   6.8571429e-01   1.6666667e-01
   1.3268893e-01   6.3809524e-01   6.9523810e-01   1.6666667e-01
   1.3557620e-01   6.3809524e-01   6.8571429e-01   1.6666667e-01
   1.3846347e-01   6.3809524e-01   6.8571429e-01   1.6666667e-01
   1.4637208e-01   6.2857143e-01   6.8571429e-01   1.6666667e-01
   1.5026362e-01   6.1904762e-01   6.8571429e-01   1.6666667e-01
   1.5628923e-01   6.1904762e-01   6.7619048e-01   1.6666667e-01
   1.8152147e-01   6.0952381e-01   6.7619048e-01   1.6666667e-01
   2.1905599e-01   3.7142857e-01   6.7619048e-01   3.3333333e-01
   2.8132061e-01   3.7142857e-01   6.6666667e-01   3.3333333e-01
   3.4785338e-01   3.6190476e-01   6.6666667e-01   3.3333333e-01
   3.7572182e-01   3.6190476e-01   6.5714286e-01   3.3333333e-01
   3.7860909e-01   3.6190476e-01   6.4761905e-01   3.3333333e-01
   3.6103440e-01   3.6190476e-01   6.4761905e-01   3.3333333e-01
   3.4170223e-01   3.6190476e-01   6.3809524e-01   3.3333333e-01
   3.1810193e-01   3.6190476e-01   6.3809524e-01   3.3333333e-01
   2.8583982e-01   3.7142857e-01   6.4761905e-01   3.3333333e-01
   2.5458197e-01   3.7142857e-01   6.4761905e-01   3.3333333e-01
   2.1880492e-01   3.7142857e-01   6.4761905e-01   3.3333333e-01
   1.8930454e-01   3.7142857e-01   6.5714286e-01   3.3333333e-01
   1.6796385e-01   3.7142857e-01   6.5714286e-01   3.3333333e-01
   1.5327642e-01   3.7142857e-01   6.5714286e-01   3.3333333e-01
   1.5001255e-01   3.7142857e-01   6.5714286e-01   3.3333333e-01
   1.4925935e-01   3.7142857e-01   6.6666667e-01   3.3333333e-01
   1.4888275e-01   3.7142857e-01   6.6666667e-01   3.3333333e-01
   1.4762742e-01   3.7142857e-01   6.6666667e-01   3.3333333e-01
   1.4524228e-01   3.7142857e-01   6.6666667e-01   3.3333333e-01
   1.3068039e-01   3.7142857e-01   6.6666667e-01   3.3333333e-01
   1.1536530e-01   3.7142857e-01   6.6666667e-01   3.3333333e-01
   1.0494602e-01   3.7142857e-01   6.6666667e-01   3.3333333e-01
   9.6660808e-02   3.7142857e-01   6.6666667e-01   3.3333333e-01
   9.9548079e-02   3.7142857e-01   6.5714286e-01   3.3333333e-01
   1.0118002e-01   3.7142857e-01   6.5714286e-01   3.3333333e-01
   1.1649510e-01   3.7142857e-01   6.3809524e-01   3.3333333e-01
   1.2816972e-01   3.7142857e-01   6.3809524e-01   3.3333333e-01
   1.4072307e-01   3.8095238e-01   6.3809524e-01   3.3333333e-01
   1.6269144e-01   3.7142857e-01   6.3809524e-01   3.3333333e-01
   2.8621642e-01   3.6190476e-01   6.3809524e-01   5.0000000e-01
   5.4155159e-01   3.4285714e-01   6.3809524e-01   1.6666667e-01
   8.1044439e-01   3.0476190e-01   6.2857143e-01   1.6666667e-01
   9.5091639e-01   2.5714286e-01   6.2857143e-01   1.6666667e-01
   1.0000000e+00   2.5714286e-01   6.1904762e-01   1.6666667e-01
   9.8769772e-01   2.5714286e-01   6.1904762e-01   1.6666667e-01
   9.3095657e-01   2.5714286e-01   6.2857143e-01   1.6666667e-01
   8.5525985e-01   2.5714286e-01   6.2857143e-01   1.6666667e-01
   7.5997991e-01   2.6666667e-01   6.3809524e-01   1.6666667e-01
   6.4411248e-01   2.6666667e-01   6.3809524e-01   1.6666667e-01
   5.2749184e-01   2.7619048e-01   6.3809524e-01   3.3333333e-01
   3.9881998e-01   3.5238095e-01   6.4761905e-01   3.3333333e-01
   2.6085865e-01   3.6190476e-01   6.4761905e-01   3.3333333e-01
   1.9018328e-01   3.6190476e-01   6.4761905e-01   3.3333333e-01
   1.4825508e-01   3.6190476e-01   6.5714286e-01   3.3333333e-01
   1.3494853e-01   3.6190476e-01   6.5714286e-01   3.3333333e-01
   1.2703992e-01   3.6190476e-01   6.5714286e-01   3.3333333e-01
   1.2352498e-01   3.6190476e-01   6.6666667e-01   3.3333333e-01
   1.1975898e-01   3.7142857e-01   6.6666667e-01   3.3333333e-01
   1.1536530e-01   3.7142857e-01   6.6666667e-01   3.3333333e-01
   1.0908863e-01   3.7142857e-01   6.6666667e-01   3.3333333e-01
   1.0268642e-01   3.7142857e-01   6.6666667e-01   3.3333333e-01
   9.5154406e-02   3.7142857e-01   6.6666667e-01   3.3333333e-01
   1.0921416e-01   6.3809524e-01   6.6666667e-01   1.6666667e-01
   1.6369571e-01   5.7142857e-01   6.6666667e-01   3.3333333e-01
   2.2608586e-01   5.5238095e-01   6.6666667e-01   1.6666667e-01
   2.7818227e-01   5.4285714e-01   6.6666667e-01   1.6666667e-01
   2.9663570e-01   5.3333333e-01   6.5714286e-01   1.6666667e-01
   3.0416771e-01   5.3333333e-01   6.5714286e-01   1.6666667e-01
   3.0253578e-01   5.3333333e-01   6.5714286e-01   1.6666667e-01
   3.0153151e-01   5.3333333e-01   6.4761905e-01   1.6666667e-01
   3.1006779e-01   5.3333333e-01   6.4761905e-01   1.6666667e-01
   3.1044439e-01   5.3333333e-01   6.5714286e-01   1.6666667e-01
   2.9086116e-01   5.3333333e-01   6.5714286e-01   1.6666667e-01
   2.5772031e-01   5.3333333e-01   6.5714286e-01   1.6666667e-01
   2.3223701e-01   5.4285714e-01   6.6666667e-01   1.6666667e-01
   2.0022596e-01   5.4285714e-01   6.6666667e-01   1.6666667e-01
   1.6507658e-01   5.6190476e-01   6.6666667e-01   1.6666667e-01
   1.3042932e-01   6.3809524e-01   6.6666667e-01   1.6666667e-01
   9.3145870e-02   6.4761905e-01   6.7619048e-01   1.6666667e-01
   6.8792368e-02   6.4761905e-01   6.7619048e-01   1.6666667e-01
   5.5485815e-02   6.4761905e-01   6.7619048e-01   1.6666667e-01
   5.3979413e-02   6.5714286e-01   6.7619048e-01   1.6666667e-01
   4.9585739e-02   6.5714286e-01   6.7619048e-01   1.6666667e-01
   4.6824002e-02   6.5714286e-01   6.7619048e-01   1.6666667e-01
   4.4940999e-02   6.4761905e-01   6.6666667e-01   1.6666667e-01
   4.1551594e-02   6.5714286e-01   6.6666667e-01   1.6666667e-01
   4.3936731e-02   6.4761905e-01   6.6666667e-01   1.6666667e-01
   4.9711273e-02   6.4761905e-01   6.6666667e-01   1.6666667e-01
   4.9711273e-02   6.4761905e-01   6.6666667e-01   1.6666667e-01
   4.7702737e-02   6.4761905e-01   6.6666667e-01   1.6666667e-01
   4.3936731e-02   6.4761905e-01   6.6666667e-01   1.6666667e-01
   4.0421793e-02   6.4761905e-01   6.6666667e-01   1.6666667e-01
   3.8915390e-02   6.3809524e-01   6.5714286e-01   1.6666667e-01
   3.9794125e-02   6.3809524e-01   6.5714286e-01   1.6666667e-01
   4.0923927e-02   6.3809524e-01   6.4761905e-01   1.6666667e-01
   3.6404720e-02   6.3809524e-01   6.4761905e-01   1.6666667e-01
   3.7283455e-02   6.3809524e-01   6.4761905e-01   1.6666667e-01
   3.6279187e-02   6.2857143e-01   6.3809524e-01   1.6666667e-01
   5.2473010e-02   6.2857143e-01   6.2857143e-01   1.6666667e-01
   1.7524479e-01   5.1428571e-01   6.3809524e-01   5.0000000e-01
   3.3304042e-01   4.7619048e-01   6.3809524e-01   1.6666667e-01
   4.5267386e-01   4.3809524e-01   6.3809524e-01   1.6666667e-01
   5.1079588e-01   4.1904762e-01   6.2857143e-01   1.6666667e-01
   5.3991966e-01   3.7142857e-01   6.3809524e-01   3.3333333e-01
   5.7117750e-01   3.4285714e-01   6.3809524e-01   1.6666667e-01
   5.9389907e-01   3.2380952e-01   6.4761905e-01   1.6666667e-01
   5.9841828e-01   3.1428571e-01   6.4761905e-01   3.3333333e-01
   5.6665830e-01   3.0476190e-01   6.5714286e-01   5.0000000e-01
   5.2648757e-01   3.0476190e-01   6.6666667e-01   3.3333333e-01
   4.7263369e-01   3.0476190e-01   6.6666667e-01   3.3333333e-01
   4.5279940e-01   3.0476190e-01   6.6666667e-01   3.3333333e-01
   4.3572684e-01   3.0476190e-01   6.7619048e-01   5.0000000e-01
   4.2631183e-01   3.0476190e-01   6.7619048e-01   5.0000000e-01
   4.3560131e-01   3.0476190e-01   6.7619048e-01   5.0000000e-01
   4.8091891e-01   3.0476190e-01   6.8571429e-01   5.0000000e-01
   5.4230480e-01   3.1428571e-01   6.8571429e-01   5.0000000e-01
   5.4996234e-01   3.2380952e-01   6.8571429e-01   3.3333333e-01
   5.0853628e-01   3.2380952e-01   6.8571429e-01   3.3333333e-01
   4.4388652e-01   3.3333333e-01   6.9523810e-01   3.3333333e-01
   3.7848356e-01   3.5238095e-01   6.9523810e-01   3.3333333e-01
   2.9550590e-01   3.8095238e-01   6.9523810e-01   3.3333333e-01
   2.1867939e-01   4.0000000e-01   6.9523810e-01   3.3333333e-01
   1.5854883e-01   6.3809524e-01   6.8571429e-01   1.6666667e-01
   1.1360783e-01   6.3809524e-01   6.8571429e-01   1.6666667e-01
   1.1210143e-01   6.2857143e-01   6.8571429e-01   1.6666667e-01
   1.1775044e-01   6.2857143e-01   6.6666667e-01   1.6666667e-01
   1.2465478e-01   6.1904762e-01   6.6666667e-01   1.6666667e-01
   1.4624655e-01   6.0952381e-01   6.6666667e-01   1.6666667e-01
   1.6909365e-01   6.0000000e-01   6.6666667e-01   1.6666667e-01
   1.8026613e-01   6.0000000e-01   6.6666667e-01   1.6666667e-01
   1.7913633e-01   5.9047619e-01   6.5714286e-01   1.6666667e-01
   1.7838313e-01   5.9047619e-01   6.5714286e-01   1.6666667e-01
   1.7637459e-01   6.0000000e-01   6.5714286e-01   1.6666667e-01
   1.6984685e-01   6.0000000e-01   6.6666667e-01   1.6666667e-01
   1.5277429e-01   6.0952381e-01   6.6666667e-01   1.6666667e-01
   1.3971880e-01   6.0952381e-01   6.7619048e-01   1.6666667e-01
   1.5001255e-01   6.2857143e-01   9.5238095e-01   3.3333333e-01
   1.9809189e-01   6.3809524e-01   9.7142857e-01   3.3333333e-01
   2.5106703e-01   6.4761905e-01   9.8095238e-01   3.3333333e-01
   2.8860156e-01   6.5714286e-01   9.9047619e-01   3.3333333e-01
   3.1232739e-01   6.5714286e-01   9.9047619e-01   3.3333333e-01
   3.3655536e-01   6.6666667e-01   1.0000000e+00   3.3333333e-01
   3.5124278e-01   6.6666667e-01   1.0000000e+00   3.3333333e-01
   3.5400452e-01   6.6666667e-01   1.0000000e+00   3.3333333e-01
   3.6580467e-01   6.6666667e-01   1.0000000e+00   3.3333333e-01
   3.9957319e-01   6.6666667e-01   1.0000000e+00   3.3333333e-01
   4.3409490e-01   6.6666667e-01   1.0000000e+00   3.3333333e-01
   4.6999749e-01   6.5714286e-01   1.0000000e+00   3.3333333e-01
   5.1682149e-01   6.5714286e-01   1.0000000e+00   3.3333333e-01
   6.2842079e-01   6.3809524e-01   9.9047619e-01   3.3333333e-01
   7.5797138e-01   6.1904762e-01   9.8095238e-01   1.6666667e-01
   8.3806176e-01   6.0952381e-01   9.7142857e-01   1.6666667e-01
   8.2638715e-01   6.0000000e-01   9.1428571e-01   1.6666667e-01
   7.5370324e-01   6.0000000e-01   9.1428571e-01   1.6666667e-01
   6.7700226e-01   6.0000000e-01   9.0476190e-01   1.6666667e-01
   5.9540547e-01   6.0000000e-01   8.8571429e-01   1.6666667e-01
   5.0075320e-01   6.0000000e-01   8.6666667e-01   3.3333333e-01
   3.9919659e-01   6.0000000e-01   8.2857143e-01   3.3333333e-01
   2.8634195e-01   6.0000000e-01   8.0952381e-01   3.3333333e-01
   1.9068541e-01   6.0952381e-01   8.0000000e-01   3.3333333e-01
   1.3105699e-01   6.1904762e-01   6.7619048e-01   1.6666667e-01
   7.9964851e-02   6.2857143e-01   6.6666667e-01   1.6666667e-01
   5.4732614e-02   6.2857143e-01   6.6666667e-01   0.0000000e+00
