   1.5500000e+02
   9.2974776e-02   2.9787234e-01   3.4042553e-01   1.6666667e-01
   2.6370648e-01   2.7659574e-01   4.2553191e-01   1.6666667e-01
   3.6877215e-01   2.7659574e-01   6.8085106e-01   3.3333333e-01
   3.6856369e-01   2.7659574e-01   4.6808511e-01   1.6666667e-01
   2.7433813e-01   2.9787234e-01   4.4680851e-01   1.6666667e-01
   1.9845737e-01   2.9787234e-01   4.2553191e-01   1.6666667e-01
   1.6030853e-01   3.1914894e-01   4.2553191e-01   1.6666667e-01
   1.3070669e-01   3.6170213e-01   4.2553191e-01   1.6666667e-01
   1.0464874e-01   3.8297872e-01   4.4680851e-01   1.6666667e-01
   1.0673338e-01   4.0425532e-01   4.4680851e-01   1.6666667e-01
   1.9053575e-01   4.0425532e-01   6.3829787e-01   3.3333333e-01
   3.3500104e-01   4.2553191e-01   6.8085106e-01   1.6666667e-01
   4.1963727e-01   4.2553191e-01   6.8085106e-01   1.6666667e-01
   4.3193663e-01   4.4680851e-01   7.0212766e-01   1.6666667e-01
   4.0650407e-01   4.6808511e-01   7.0212766e-01   1.6666667e-01
   3.7294142e-01   4.8936170e-01   7.2340426e-01   1.6666667e-01
   3.2145091e-01   5.1063830e-01   7.2340426e-01   1.6666667e-01
   2.6474880e-01   5.3191489e-01   7.2340426e-01   1.6666667e-01
   2.0700438e-01   6.3829787e-01   7.4468085e-01   1.6666667e-01
   1.4154680e-01   6.5957447e-01   7.4468085e-01   1.6666667e-01
   1.3216594e-01   6.5957447e-01   7.4468085e-01   1.6666667e-01
   1.2195122e-01   6.5957447e-01   7.4468085e-01   1.6666667e-01
   1.1194497e-01   6.3829787e-01   7.2340426e-01   1.6666667e-01
   1.1298728e-01   6.3829787e-01   7.0212766e-01   1.6666667e-01
   1.0089639e-01   6.3829787e-01   6.8085106e-01   1.6666667e-01
   8.5053158e-02   6.3829787e-01   6.8085106e-01   1.6666667e-01
   6.7959141e-02   6.3829787e-01   6.8085106e-01   1.6666667e-01
   3.3979571e-02   6.2978723e-01   6.7446809e-01   0.0000000e+00
   1.6677090e-03   6.2127660e-01   6.6808511e-01   0.0000000e+00
   1.1673963e-02   6.1276596e-01   6.6170213e-01   0.0000000e+00
   2.2930999e-03   6.0425532e-01   6.5531915e-01   0.0000000e+00
   2.5015635e-03   5.9574468e-01   6.4893617e-01   0.0000000e+00
   2.5015635e-03   5.8723404e-01   6.4255319e-01   0.0000000e+00
   2.5015635e-03   5.7872340e-01   6.3617021e-01   0.0000000e+00
   2.9184907e-03   5.7021277e-01   6.2978723e-01   0.0000000e+00
   1.4800917e-02   5.6170213e-01   6.2340426e-01   0.0000000e+00
   8.4636231e-02   5.5319149e-01   6.1702128e-01   1.6666667e-01
   1.6051699e-01   5.3191489e-01   6.3829787e-01   1.6666667e-01
   2.3660621e-01   4.8936170e-01   6.5957447e-01   1.6666667e-01
   2.8767980e-01   4.6808511e-01   6.5957447e-01   1.6666667e-01
   3.2165937e-01   4.2553191e-01   6.8085106e-01   1.6666667e-01
   3.0310611e-01   4.2553191e-01   6.8085106e-01   1.6666667e-01
   2.6870961e-01   4.2553191e-01   7.0212766e-01   3.3333333e-01
   2.1096519e-01   4.2553191e-01   7.0212766e-01   3.3333333e-01
   1.4071295e-01   6.5957447e-01   7.0212766e-01   1.6666667e-01
   1.2653742e-01   6.5957447e-01   7.0212766e-01   1.6666667e-01
   1.2987284e-01   4.4680851e-01   7.2340426e-01   3.3333333e-01
   1.4550761e-01   4.4680851e-01   7.2340426e-01   3.3333333e-01
   1.6552012e-01   4.4680851e-01   7.2340426e-01   3.3333333e-01
   1.5342923e-01   6.3829787e-01   7.2340426e-01   1.6666667e-01
   1.1090265e-01   6.3829787e-01   7.0212766e-01   1.6666667e-01
   6.7125287e-02   6.2021277e-01   6.8085106e-01   0.0000000e+00
   0.0000000e+00   6.0212766e-01   6.5957447e-01   0.0000000e+00
   2.5015635e-03   5.8404255e-01   6.3829787e-01   0.0000000e+00
   2.5015635e-03   5.6595745e-01   6.1702128e-01   0.0000000e+00
   2.5015635e-03   5.4787234e-01   5.9574468e-01   0.0000000e+00
   2.5015635e-03   5.2978723e-01   5.7446809e-01   0.0000000e+00
   2.5015635e-03   5.1170213e-01   5.5319149e-01   0.0000000e+00
   2.5015635e-03   4.9361702e-01   5.3191489e-01   0.0000000e+00
   2.5015635e-03   4.7553191e-01   5.1063830e-01   0.0000000e+00
   2.5015635e-03   4.5744681e-01   4.8936170e-01   0.0000000e+00
   2.5015635e-03   4.3936170e-01   4.6808511e-01   0.0000000e+00
   2.5015635e-03   4.2127660e-01   4.4680851e-01   0.0000000e+00
   2.5015635e-03   4.0319149e-01   4.2553191e-01   0.0000000e+00
   2.5015635e-03   3.8510638e-01   4.0425532e-01   0.0000000e+00
   2.5015635e-03   3.6702128e-01   3.8297872e-01   0.0000000e+00
   2.7100271e-03   3.4893617e-01   3.6170213e-01   0.0000000e+00
   1.1465499e-02   3.3085106e-01   3.4042553e-01   0.0000000e+00
   2.1680217e-02   3.1276596e-01   3.1914894e-01   0.0000000e+00
   1.3133208e-02   2.9468085e-01   2.9787234e-01   0.0000000e+00
   5.0239733e-02   2.7659574e-01   2.7659574e-01   1.6666667e-01
   3.1540546e-01   6.3829787e-02   3.8297872e-01   3.3333333e-01
   6.2351470e-01   4.2553191e-02   4.8936170e-01   1.6666667e-01
   8.7554722e-01   0.0000000e+00   5.7446809e-01   3.3333333e-01
   1.0000000e+00   6.3829787e-02   6.3829787e-01   1.6666667e-01
   9.9061914e-01   8.5106383e-02   6.8085106e-01   1.6666667e-01
   8.8993121e-01   1.0638298e-01   6.8085106e-01   1.6666667e-01
   7.5984991e-01   2.1276596e-01   7.0212766e-01   1.6666667e-01
   6.2288931e-01   2.5531915e-01   7.0212766e-01   1.6666667e-01
   4.7779862e-01   2.7659574e-01   6.1702128e-01   1.6666667e-01
   3.3958724e-01   2.9787234e-01   5.1063830e-01   1.6666667e-01
   2.2930999e-01   2.9787234e-01   4.4680851e-01   1.6666667e-01
   1.8720033e-01   2.9787234e-01   4.4680851e-01   1.6666667e-01
   1.8178028e-01   2.9787234e-01   4.6808511e-01   1.6666667e-01
   1.8073796e-01   3.1914894e-01   4.6808511e-01   3.3333333e-01
   1.9157807e-01   4.2553191e-01   4.8936170e-01   1.6666667e-01
   1.9887430e-01   2.5531915e-01   4.8936170e-01   3.3333333e-01
   2.5932875e-01   2.5531915e-01   4.8936170e-01   3.3333333e-01
   3.5084428e-01   2.3404255e-01   5.1063830e-01   3.3333333e-01
   4.2380655e-01   2.5531915e-01   5.1063830e-01   1.6666667e-01
   4.5194913e-01   2.5531915e-01   5.3191489e-01   1.6666667e-01
   4.3151970e-01   2.5531915e-01   5.5319149e-01   1.6666667e-01
   4.2443194e-01   2.7659574e-01   5.7446809e-01   1.6666667e-01
   3.8920158e-01   2.9787234e-01   5.9574468e-01   1.6666667e-01
   3.2499479e-01   3.1914894e-01   6.1702128e-01   1.6666667e-01
   2.6349802e-01   3.6170213e-01   6.3829787e-01   3.3333333e-01
   1.5947467e-01   5.3191489e-01   6.3829787e-01   1.6666667e-01
   1.2007505e-01   5.7446809e-01   6.3829787e-01   1.6666667e-01
   9.0264749e-02   5.9574468e-01   6.5957447e-01   1.6666667e-01
   7.2545341e-02   6.1702128e-01   6.5957447e-01   1.6666667e-01
   6.5874505e-02   6.3829787e-01   6.5957447e-01   1.6666667e-01
   5.1490515e-02   6.3829787e-01   6.5957447e-01   1.6666667e-01
   4.6070461e-02   6.5957447e-01   6.5957447e-01   1.6666667e-01
   3.7314989e-02   6.5957447e-01   6.5957447e-01   1.6666667e-01
   2.2722535e-02   5.8510638e-01   6.2765957e-01   0.0000000e+00
   1.2090890e-02   5.1063830e-01   5.9574468e-01   0.0000000e+00
   7.4629977e-02   4.3617021e-01   5.6382979e-01   0.0000000e+00
   2.0095893e-01   3.6170213e-01   5.3191489e-01   1.6666667e-01
   2.8767980e-01   3.4042553e-01   5.5319149e-01   1.6666667e-01
   3.4667501e-01   3.4042553e-01   5.9574468e-01   1.6666667e-01
   3.9149468e-01   3.4042553e-01   6.1702128e-01   1.6666667e-01
   3.9045237e-01   3.4042553e-01   6.1702128e-01   3.3333333e-01
   3.6939754e-01   3.4042553e-01   6.3829787e-01   3.3333333e-01
   3.2999792e-01   3.4042553e-01   6.3829787e-01   3.3333333e-01
   3.0539921e-01   3.6170213e-01   6.5957447e-01   3.3333333e-01
   2.7058578e-01   3.6170213e-01   6.5957447e-01   3.3333333e-01
   2.6287263e-01   3.8297872e-01   6.5957447e-01   3.3333333e-01
   2.2951845e-01   4.0425532e-01   6.8085106e-01   3.3333333e-01
   1.7927872e-01   4.2553191e-01   6.8085106e-01   3.3333333e-01
   1.2945591e-01   6.3829787e-01   6.8085106e-01   1.6666667e-01
   7.4213050e-02   6.5957447e-01   6.8085106e-01   1.6666667e-01
   5.7535960e-02   6.5957447e-01   6.8085106e-01   1.6666667e-01
   4.3151970e-02   6.5957447e-01   6.8085106e-01   1.6666667e-01
   3.9399625e-02   6.8085106e-01   6.8085106e-01   1.6666667e-01
   3.5438816e-02   6.7375887e-01   6.7375887e-01   0.0000000e+00
   2.6266417e-02   6.6666667e-01   6.6666667e-01   0.0000000e+00
   3.9399625e-02   6.5957447e-01   6.5957447e-01   1.6666667e-01
   4.9197415e-02   6.3829787e-01   6.5957447e-01   1.6666667e-01
   7.0252241e-02   6.3829787e-01   6.8085106e-01   1.6666667e-01
   7.6297686e-02   6.3829787e-01   6.8085106e-01   1.6666667e-01
   8.8180113e-02   6.3829787e-01   6.8085106e-01   1.6666667e-01
   1.4467375e-01   3.8297872e-01   6.5957447e-01   3.3333333e-01
   2.8038357e-01   3.6170213e-01   6.5957447e-01   5.0000000e-01
   3.8211382e-01   3.6170213e-01   6.5957447e-01   1.6666667e-01
   4.3131124e-01   3.4042553e-01   6.3829787e-01   1.6666667e-01
   4.3402126e-01   3.4042553e-01   6.3829787e-01   1.6666667e-01
   4.0066708e-01   3.4042553e-01   6.3829787e-01   1.6666667e-01
   3.5501355e-01   3.6170213e-01   6.3829787e-01   3.3333333e-01
   2.9226600e-01   3.6170213e-01   6.3829787e-01   3.3333333e-01
   2.5015635e-01   3.8297872e-01   6.3829787e-01   3.3333333e-01
   2.1221597e-01   3.8297872e-01   6.3829787e-01   3.3333333e-01
   1.9157807e-01   4.0425532e-01   6.5957447e-01   3.3333333e-01
   1.2445278e-01   4.2553191e-01   6.5957447e-01   3.3333333e-01
   9.6310194e-02   6.3829787e-01   6.5957447e-01   1.6666667e-01
   6.0871378e-02   6.3829787e-01   6.5957447e-01   1.6666667e-01
   4.9197415e-02   6.3829787e-01   6.5957447e-01   1.6666667e-01
   4.7946633e-02   6.3829787e-01   6.5957447e-01   1.6666667e-01
   4.5653533e-02   6.3829787e-01   6.5957447e-01   0.0000000e+00
   4.1901188e-02   6.3829787e-01   6.5957447e-01   0.0000000e+00
   2.9810298e-02   6.3829787e-01   6.5957447e-01   0.0000000e+00
   2.3139462e-02   6.3829787e-01   6.5957447e-01   0.0000000e+00
   2.4598708e-02   6.3829787e-01   6.5957447e-01   0.0000000e+00
   3.3771107e-02   6.3829787e-01   6.5957447e-01   0.0000000e+00
   3.5438816e-02   6.3829787e-01   6.5957447e-01   0.0000000e+00
   3.5647280e-02   6.3829787e-01   6.5957447e-01   0.0000000e+00
