   2.8200000e+02
   4.6778826e-02   5.3571429e-01   5.3571429e-01   0.0000000e+00
   6.3807961e-02   5.3571429e-01   5.3571429e-01   1.6666667e-01
   7.3861305e-02   5.1785714e-01   5.3571429e-01   1.6666667e-01
   7.1604432e-02   5.0000000e-01   5.3571429e-01   1.6666667e-01
   7.0988921e-02   5.0000000e-01   5.0000000e-01   1.6666667e-01
   7.5092327e-02   4.5535714e-01   4.8214286e-01   0.0000000e+00
   1.1920394e-01   4.1071429e-01   4.6428571e-01   1.6666667e-01
   2.0127206e-01   3.7500000e-01   4.8214286e-01   1.6666667e-01
   3.3688962e-01   3.3928571e-01   5.1785714e-01   1.6666667e-01
   5.0718096e-01   3.2142857e-01   5.7142857e-01   1.6666667e-01
   7.2630283e-01   2.3214286e-01   5.8928571e-01   1.6666667e-01
   8.5207222e-01   2.1428571e-01   6.0714286e-01   1.6666667e-01
   8.6089454e-01   1.9642857e-01   6.2500000e-01   1.6666667e-01
   8.5268773e-01   1.9642857e-01   6.2500000e-01   1.6666667e-01
   8.1185884e-01   7.1428571e-02   6.4285714e-01   3.3333333e-01
   6.8280673e-01   0.0000000e+00   6.4285714e-01   5.0000000e-01
   5.3590480e-01   2.3214286e-01   6.4285714e-01   3.3333333e-01
   3.5679114e-01   2.5000000e-01   6.6071429e-01   3.3333333e-01
   2.5584735e-01   1.6071429e-01   6.6071429e-01   5.0000000e-01
   2.3656135e-01   1.6071429e-01   6.6071429e-01   3.3333333e-01
   2.2219943e-01   1.6071429e-01   6.6071429e-01   3.3333333e-01
   2.6200246e-01   5.3571429e-02   6.7857143e-01   6.6666667e-01
   3.1350021e-01   0.0000000e+00   6.7857143e-01   5.0000000e-01
   3.9208043e-01   0.0000000e+00   6.7857143e-01   5.0000000e-01
   4.5465737e-01   0.0000000e+00   6.6071429e-01   5.0000000e-01
   5.1148954e-01   0.0000000e+00   4.8214286e-01   3.3333333e-01
   5.2297907e-01   0.0000000e+00   6.0714286e-01   5.0000000e-01
   4.9322938e-01   0.0000000e+00   6.0714286e-01   3.3333333e-01
   4.2388182e-01   0.0000000e+00   6.0714286e-01   3.3333333e-01
   3.4037751e-01   0.0000000e+00   5.3571429e-01   3.3333333e-01
   2.4025441e-01   4.2857143e-01   5.1785714e-01   1.6666667e-01
   1.5285187e-01   4.2857143e-01   5.0000000e-01   1.6666667e-01
   1.1571604e-01   4.4642857e-01   5.0000000e-01   1.6666667e-01
   8.5556011e-02   4.4642857e-01   5.0000000e-01   1.6666667e-01
   7.4681986e-02   4.6428571e-01   5.0000000e-01   1.6666667e-01
   6.7706196e-02   4.6428571e-01   5.0000000e-01   1.6666667e-01
   5.4780468e-02   4.6428571e-01   5.0000000e-01   1.6666667e-01
   5.0061551e-02   4.8214286e-01   5.0000000e-01   1.6666667e-01
   4.7804678e-02   4.8214286e-01   5.0000000e-01   1.6666667e-01
   5.4370127e-02   4.8214286e-01   5.0000000e-01   1.6666667e-01
   5.4164957e-02   4.8214286e-01   5.0000000e-01   1.6666667e-01
   4.6778826e-02   4.8214286e-01   5.0000000e-01   1.6666667e-01
   4.6163316e-02   4.8214286e-01   5.0000000e-01   1.6666667e-01
   4.8625359e-02   4.8214286e-01   5.0000000e-01   1.6666667e-01
   7.2630283e-02   4.8214286e-01   5.1785714e-01   1.6666667e-01
   1.2125564e-01   4.6428571e-01   5.1785714e-01   1.6666667e-01
   1.8875667e-01   4.4642857e-01   5.1785714e-01   1.6666667e-01
   2.3963890e-01   4.2857143e-01   5.3571429e-01   1.6666667e-01
   3.0118999e-01   3.9285714e-01   5.5357143e-01   1.6666667e-01
   3.5945835e-01   3.7500000e-01   5.7142857e-01   1.6666667e-01
   4.0192860e-01   3.5714286e-01   5.7142857e-01   1.6666667e-01
   4.2162495e-01   3.5714286e-01   5.8928571e-01   1.6666667e-01
   4.5260566e-01   3.5714286e-01   6.0714286e-01   1.6666667e-01
   4.6183833e-01   3.5714286e-01   6.0714286e-01   1.6666667e-01
   4.7496922e-01   3.5714286e-01   6.0714286e-01   3.3333333e-01
   4.6306935e-01   1.6071429e-01   6.2500000e-01   5.0000000e-01
   4.2736972e-01   1.6071429e-01   6.2500000e-01   5.0000000e-01
   3.7935987e-01   1.6071429e-01   6.2500000e-01   5.0000000e-01
   3.1616742e-01   1.6071429e-01   6.2500000e-01   5.0000000e-01
   2.4517850e-01   1.6071429e-01   6.2500000e-01   5.0000000e-01
   1.9142388e-01   1.6071429e-01   6.2500000e-01   5.0000000e-01
   1.4300369e-01   1.6071429e-01   4.8214286e-01   3.3333333e-01
   1.0176446e-01   1.6071429e-01   1.6071429e-01   1.6666667e-01
   5.9294214e-02   1.6071429e-01   6.2500000e-01   3.3333333e-01
   6.3192450e-02   6.2500000e-01   6.2500000e-01   1.6666667e-01
   6.4013131e-02   6.0714286e-01   6.2500000e-01   1.6666667e-01
   6.7090685e-02   6.0714286e-01   6.2500000e-01   1.6666667e-01
   5.7652852e-02   6.0714286e-01   6.2500000e-01   1.6666667e-01
   6.4218301e-02   6.0714286e-01   6.2500000e-01   1.6666667e-01
   7.5913008e-02   5.8928571e-01   6.0714286e-01   1.6666667e-01
   8.5556011e-02   5.7142857e-01   6.0714286e-01   1.6666667e-01
   9.1916291e-02   5.7142857e-01   6.0714286e-01   1.6666667e-01
   9.0890439e-02   1.7857143e-01   5.8928571e-01   3.3333333e-01
   9.3352483e-02   1.7857143e-01   5.8928571e-01   3.3333333e-01
   8.7607714e-02   5.5357143e-01   5.7142857e-01   1.6666667e-01
   8.1452606e-02   5.5357143e-01   5.5357143e-01   1.6666667e-01
   6.8937218e-02   3.6607143e-01   3.6607143e-01   0.0000000e+00
   6.1961428e-02   1.7857143e-01   1.7857143e-01   1.6666667e-01
   4.3496102e-02   1.7857143e-01   1.7857143e-01   1.6666667e-01
   4.3701272e-02   1.7857143e-01   1.7857143e-01   0.0000000e+00
   5.1292573e-02   1.7857143e-01   1.7857143e-01   0.0000000e+00
   5.9089044e-02   1.7857143e-01   1.7857143e-01   1.6666667e-01
   6.4423471e-02   1.7857143e-01   1.7857143e-01   1.6666667e-01
   8.8428396e-02   1.6071429e-01   1.9642857e-01   1.6666667e-01
   2.6918342e-01   1.6071429e-01   4.8214286e-01   5.0000000e-01
   5.5683217e-01   1.6071429e-01   5.1785714e-01   3.3333333e-01
   8.1042265e-01   1.6071429e-01   5.3571429e-01   1.6666667e-01
   9.5034879e-01   1.4285714e-01   5.5357143e-01   1.6666667e-01
   1.0000000e+00   1.4285714e-01   5.7142857e-01   1.6666667e-01
   9.9958966e-01   8.9285714e-02   5.8928571e-01   1.6666667e-01
   9.4460402e-01   7.1428571e-02   5.8928571e-01   1.6666667e-01
   8.6274108e-01   5.3571429e-02   5.8928571e-01   1.6666667e-01
   7.4517850e-01   3.5714286e-02   6.0714286e-01   1.6666667e-01
   6.0750923e-01   3.5714286e-02   6.0714286e-01   3.3333333e-01
   4.2880591e-01   3.5714286e-02   6.0714286e-01   3.3333333e-01
   3.3176036e-01   3.5714286e-02   6.0714286e-01   5.0000000e-01
   2.4333197e-01   1.7857143e-01   6.2500000e-01   3.3333333e-01
   1.6167419e-01   1.7857143e-01   6.2500000e-01   3.3333333e-01
   1.3171933e-01   1.9642857e-01   6.2500000e-01   3.3333333e-01
   1.1858843e-01   5.7142857e-01   6.2500000e-01   1.6666667e-01
   1.0709889e-01   5.7142857e-01   6.2500000e-01   1.6666667e-01
   9.1505950e-02   5.7142857e-01   6.2500000e-01   1.6666667e-01
   8.6992204e-02   5.7142857e-01   6.0714286e-01   1.6666667e-01
   9.3147312e-02   5.5357143e-01   5.8928571e-01   1.6666667e-01
   8.4530160e-02   5.5357143e-01   5.8928571e-01   1.6666667e-01
   7.2835453e-02   5.5357143e-01   5.7142857e-01   1.6666667e-01
   7.1194091e-02   5.5357143e-01   5.5357143e-01   1.6666667e-01
   8.4735330e-02   5.0000000e-01   5.0000000e-01   1.6666667e-01
   1.3315552e-01   4.6428571e-01   5.1785714e-01   1.6666667e-01
   1.9203939e-01   4.4642857e-01   5.3571429e-01   1.6666667e-01
   2.5379565e-01   4.2857143e-01   5.3571429e-01   1.6666667e-01
   2.8436602e-01   4.2857143e-01   5.5357143e-01   1.6666667e-01
   3.0098482e-01   4.2857143e-01   5.7142857e-01   1.6666667e-01
   2.9093147e-01   4.2857143e-01   5.8928571e-01   1.6666667e-01
   2.7246615e-01   4.4642857e-01   5.8928571e-01   1.6666667e-01
   2.3389413e-01   4.8214286e-01   6.0714286e-01   1.6666667e-01
   1.9388593e-01   5.1785714e-01   6.2500000e-01   1.6666667e-01
   1.4792778e-01   5.5357143e-01   6.2500000e-01   1.6666667e-01
   1.2187115e-01   5.7142857e-01   6.2500000e-01   1.6666667e-01
   1.0176446e-01   5.8928571e-01   6.4285714e-01   1.6666667e-01
   9.2121461e-02   6.0714286e-01   6.4285714e-01   1.6666667e-01
   8.2068117e-02   6.0714286e-01   6.4285714e-01   1.6666667e-01
   7.0578580e-02   6.2500000e-01   6.4285714e-01   1.6666667e-01
   5.6627000e-02   6.4285714e-01   6.4285714e-01   1.6666667e-01
   3.2006565e-02   6.1309524e-01   6.1904762e-01   0.0000000e+00
   1.3541239e-02   5.8333333e-01   5.9523810e-01   0.0000000e+00
   0.0000000e+00   5.5357143e-01   5.7142857e-01   0.0000000e+00
   8.2068117e-04   5.2380952e-01   5.4761905e-01   0.0000000e+00
   1.7439475e-02   4.9404762e-01   5.2380952e-01   0.0000000e+00
   8.1042265e-02   4.6428571e-01   5.0000000e-01   1.6666667e-01
   1.3254001e-01   4.4642857e-01   5.1785714e-01   1.6666667e-01
   1.6434140e-01   4.4642857e-01   5.3571429e-01   1.6666667e-01
   1.6290521e-01   4.6428571e-01   5.3571429e-01   1.6666667e-01
   1.4567091e-01   4.6428571e-01   5.5357143e-01   1.6666667e-01
   1.4054165e-01   4.8214286e-01   5.7142857e-01   1.6666667e-01
   1.1653673e-01   5.0000000e-01   5.7142857e-01   1.6666667e-01
   1.0279032e-01   5.1785714e-01   5.8928571e-01   1.6666667e-01
   8.2068117e-02   5.5357143e-01   5.8928571e-01   1.6666667e-01
   7.0373410e-02   5.7142857e-01   5.8928571e-01   1.6666667e-01
   5.7447682e-02   5.7142857e-01   6.0714286e-01   1.6666667e-01
   5.6216660e-02   5.8928571e-01   6.0714286e-01   1.6666667e-01
   5.9294214e-02   5.8928571e-01   6.2500000e-01   1.6666667e-01
   8.6581863e-02   5.8928571e-01   6.2500000e-01   1.6666667e-01
   1.9347558e-01   3.9285714e-01   6.2500000e-01   5.0000000e-01
   2.4107509e-01   3.9285714e-01   6.2500000e-01   5.0000000e-01
   2.5010259e-01   3.7500000e-01   6.2500000e-01   5.0000000e-01
   2.1460812e-01   3.9285714e-01   5.5357143e-01   3.3333333e-01
   1.6228970e-01   3.9285714e-01   4.2857143e-01   1.6666667e-01
   1.0053344e-01   4.1071429e-01   4.4642857e-01   1.6666667e-01
   8.1247435e-02   4.1071429e-01   4.4642857e-01   1.6666667e-01
   7.0988921e-02   4.2857143e-01   4.6428571e-01   1.6666667e-01
   6.0935577e-02   4.2857143e-01   4.6428571e-01   1.6666667e-01
   6.7090685e-02   4.4642857e-01   4.6428571e-01   1.6666667e-01
   5.6832171e-02   4.4642857e-01   4.8214286e-01   1.6666667e-01
   5.4780468e-02   4.6428571e-01   4.8214286e-01   1.6666667e-01
   5.6832171e-02   4.6428571e-01   4.8214286e-01   1.6666667e-01
   4.7189167e-02   4.6428571e-01   4.8214286e-01   1.6666667e-01
   4.2265080e-02   4.8214286e-01   5.0000000e-01   1.6666667e-01
   2.9749692e-02   4.8214286e-01   5.0000000e-01   1.6666667e-01
   2.5030776e-02   5.0000000e-01   5.0000000e-01   1.6666667e-01
   2.7492819e-02   5.0255102e-01   5.0255102e-01   0.0000000e+00
   1.9901518e-02   5.0510204e-01   5.0510204e-01   0.0000000e+00
   1.9696348e-02   5.0765306e-01   5.0765306e-01   0.0000000e+00
   1.8465326e-02   5.1020408e-01   5.1020408e-01   0.0000000e+00
   1.7439475e-02   5.1275510e-01   5.1275510e-01   0.0000000e+00
   1.6823964e-02   5.1530612e-01   5.1530612e-01   0.0000000e+00
   2.4620435e-02   5.1785714e-01   5.1785714e-01   1.6666667e-01
   7.9811243e-02   5.0000000e-01   5.3571429e-01   1.6666667e-01
   1.7931883e-01   4.4642857e-01   5.3571429e-01   1.6666667e-01
   2.8990562e-01   4.4642857e-01   5.5357143e-01   1.6666667e-01
   3.4160854e-01   3.9285714e-01   5.7142857e-01   1.6666667e-01
   3.6663931e-01   3.7500000e-01   5.8928571e-01   1.6666667e-01
   3.5761182e-01   3.7500000e-01   5.8928571e-01   1.6666667e-01
   3.3093968e-01   3.7500000e-01   6.0714286e-01   1.6666667e-01
   3.0878129e-01   3.7500000e-01   6.0714286e-01   3.3333333e-01
   2.8149364e-01   3.7500000e-01   6.2500000e-01   3.3333333e-01
   2.5564218e-01   3.7500000e-01   6.2500000e-01   5.0000000e-01
   2.3533032e-01   3.7500000e-01   6.4285714e-01   3.3333333e-01
   2.0660648e-01   3.9285714e-01   6.4285714e-01   3.3333333e-01
   1.6864998e-01   4.1071429e-01   6.4285714e-01   3.3333333e-01
   1.3254001e-01   4.2857143e-01   6.4285714e-01   3.3333333e-01
   8.9043906e-02   6.2500000e-01   6.6071429e-01   1.6666667e-01
   5.1497743e-02   6.2500000e-01   6.6071429e-01   1.6666667e-01
   5.0471892e-02   6.4285714e-01   6.6071429e-01   1.6666667e-01
   5.2318424e-02   6.4285714e-01   6.6071429e-01   1.6666667e-01
   4.0623718e-02   6.4285714e-01   6.6071429e-01   1.6666667e-01
   3.3647928e-02   6.6071429e-01   6.6071429e-01   1.6666667e-01
   2.6466968e-02   6.4285714e-01   6.4285714e-01   0.0000000e+00
   1.6823964e-02   6.2500000e-01   6.2500000e-01   0.0000000e+00
   1.8670497e-02   6.0714286e-01   6.0714286e-01   0.0000000e+00
   2.1953221e-02   5.8928571e-01   5.8928571e-01   0.0000000e+00
   2.3799754e-02   5.7142857e-01   5.7142857e-01   0.0000000e+00
   3.0365203e-02   5.5357143e-01   5.5357143e-01   0.0000000e+00
   2.8108330e-02   5.3571429e-01   5.3571429e-01   0.0000000e+00
   2.0106689e-02   5.1785714e-01   5.1785714e-01   0.0000000e+00
   1.9901518e-02   5.0000000e-01   5.0000000e-01   0.0000000e+00
   6.9347558e-02   4.8214286e-01   4.8214286e-01   1.6666667e-01
   1.8301190e-01   4.2857143e-01   5.3571429e-01   1.6666667e-01
   3.0939680e-01   3.9285714e-01   5.7142857e-01   1.6666667e-01
   3.9228560e-01   3.9285714e-01   6.0714286e-01   1.6666667e-01
   4.2572835e-01   3.9285714e-01   6.0714286e-01   1.6666667e-01
   4.2470250e-01   3.9285714e-01   6.2500000e-01   1.6666667e-01
   4.1382848e-01   3.9285714e-01   6.2500000e-01   1.6666667e-01
   3.8510464e-01   3.9285714e-01   6.4285714e-01   3.3333333e-01
   3.6581863e-01   3.9285714e-01   6.4285714e-01   3.3333333e-01
   3.5597046e-01   4.1071429e-01   6.4285714e-01   3.3333333e-01
   3.2765696e-01   4.1071429e-01   6.6071429e-01   1.6666667e-01
   2.9544522e-01   4.2857143e-01   6.6071429e-01   1.6666667e-01
   2.4353714e-01   4.4642857e-01   6.6071429e-01   3.3333333e-01
   1.9286007e-01   4.6428571e-01   6.6071429e-01   3.3333333e-01
   1.2638490e-01   6.2500000e-01   6.6071429e-01   1.6666667e-01
   7.5913008e-02   6.4285714e-01   6.6071429e-01   1.6666667e-01
   6.4628642e-02   6.4285714e-01   6.6071429e-01   1.6666667e-01
   6.1345917e-02   6.4285714e-01   6.6071429e-01   1.6666667e-01
   5.8268363e-02   6.4285714e-01   6.6071429e-01   1.6666667e-01
   5.2728765e-02   6.4285714e-01   6.6071429e-01   1.6666667e-01
   4.8215018e-02   6.4285714e-01   6.6071429e-01   1.6666667e-01
   5.2728765e-02   6.4285714e-01   6.4285714e-01   1.6666667e-01
   4.9856381e-02   6.2500000e-01   6.4285714e-01   1.6666667e-01
   5.1702913e-02   6.2500000e-01   6.4285714e-01   1.6666667e-01
   5.1292573e-02   6.2500000e-01   6.4285714e-01   1.6666667e-01
   5.6216660e-02   6.2500000e-01   6.4285714e-01   1.6666667e-01
   5.2523595e-02   6.2500000e-01   6.2500000e-01   1.6666667e-01
   5.0266721e-02   6.0714286e-01   6.0714286e-01   0.0000000e+00
   5.8473533e-02   5.8928571e-01   5.8928571e-01   0.0000000e+00
   5.5190808e-02   5.7142857e-01   5.7142857e-01   1.6666667e-01
   6.0525236e-02   5.5357143e-01   5.8928571e-01   1.6666667e-01
   6.9757899e-02   5.5357143e-01   5.7142857e-01   1.6666667e-01
   7.9195732e-02   5.3571429e-01   5.7142857e-01   1.6666667e-01
   7.6733689e-02   5.1785714e-01   5.5357143e-01   1.6666667e-01
   7.1809602e-02   5.0000000e-01   5.5357143e-01   1.6666667e-01
   6.9347558e-02   5.0000000e-01   5.3571429e-01   1.6666667e-01
   5.9704555e-02   5.1785714e-01   5.3571429e-01   1.6666667e-01
   4.7599508e-02   5.0000000e-01   5.1190476e-01   0.0000000e+00
   3.9187526e-02   4.8214286e-01   4.8809524e-01   0.0000000e+00
   3.8982355e-02   4.6428571e-01   4.6428571e-01   1.6666667e-01
   5.7858022e-02   4.6428571e-01   4.8214286e-01   1.6666667e-01
   7.9811243e-02   4.4642857e-01   4.8214286e-01   1.6666667e-01
   1.0853508e-01   4.4642857e-01   5.0000000e-01   1.6666667e-01
   1.7726713e-01   4.6428571e-01   5.1785714e-01   1.6666667e-01
   2.9524005e-01   4.6428571e-01   6.4285714e-01   1.6666667e-01
   4.0254411e-01   4.6428571e-01   6.7857143e-01   1.6666667e-01
   4.5814526e-01   4.8214286e-01   6.9642857e-01   1.6666667e-01
   4.5855560e-01   5.0000000e-01   7.1428571e-01   1.6666667e-01
   4.3803857e-01   5.0000000e-01   7.1428571e-01   1.6666667e-01
   4.0828888e-01   5.1785714e-01   7.1428571e-01   1.6666667e-01
   3.7033238e-01   5.3571429e-01   7.1428571e-01   1.6666667e-01
   3.2109151e-01   5.5357143e-01   7.1428571e-01   1.6666667e-01
   2.7205581e-01   5.5357143e-01   7.1428571e-01   1.6666667e-01
   2.2876487e-01   5.5357143e-01   6.7857143e-01   1.6666667e-01
   1.9060320e-01   5.3571429e-01   6.4285714e-01   1.6666667e-01
   1.5633976e-01   5.3571429e-01   6.2500000e-01   1.6666667e-01
   1.1386951e-01   5.3571429e-01   6.0714286e-01   1.6666667e-01
   8.9454247e-02   5.2380952e-01   5.7738095e-01   0.0000000e+00
   7.0783751e-02   5.1190476e-01   5.4761905e-01   0.0000000e+00
   6.4218301e-02   5.0000000e-01   5.1785714e-01   1.6666667e-01
   9.5814526e-02   4.8214286e-01   5.1785714e-01   1.6666667e-01
   1.2105047e-01   4.8214286e-01   5.3571429e-01   1.6666667e-01
   1.4136233e-01   4.8214286e-01   5.5357143e-01   1.6666667e-01
   1.7890849e-01   4.8214286e-01   5.7142857e-01   1.6666667e-01
   2.0947887e-01   5.0000000e-01   6.0714286e-01   1.6666667e-01
   2.2343045e-01   5.0000000e-01   6.2500000e-01   1.6666667e-01
   2.2609766e-01   5.1785714e-01   6.4285714e-01   1.6666667e-01
   2.1707017e-01   5.3571429e-01   6.6071429e-01   1.6666667e-01
   1.8773082e-01   5.7142857e-01   6.6071429e-01   1.6666667e-01
   1.6270004e-01   6.0714286e-01   6.7857143e-01   1.6666667e-01
   1.2987279e-01   6.2500000e-01   6.7857143e-01   1.6666667e-01
   1.0196963e-01   6.4285714e-01   6.7857143e-01   1.6666667e-01
   1.0402134e-01   6.4285714e-01   6.7857143e-01   1.6666667e-01
   1.0012310e-01   6.6071429e-01   6.9642857e-01   1.6666667e-01
   1.0668855e-01   6.6071429e-01   6.9642857e-01   1.6666667e-01
   1.1612638e-01   6.6071429e-01   6.9642857e-01   1.6666667e-01
   1.2146081e-01   6.6071429e-01   7.1428571e-01   1.6666667e-01
   1.2043496e-01   6.6071429e-01   7.1428571e-01   1.6666667e-01
   1.1694707e-01   6.6071429e-01   7.1428571e-01   1.6666667e-01
   1.1940911e-01   6.6071429e-01   7.1428571e-01   1.6666667e-01
   1.1243332e-01   6.7857143e-01   7.1428571e-01   1.6666667e-01
   1.0381617e-01   6.7857143e-01   7.1428571e-01   1.6666667e-01
   9.1505950e-02   6.6071429e-01   6.9642857e-01   1.6666667e-01
   9.7661059e-02   6.6071429e-01   6.9642857e-01   1.6666667e-01
   8.7812885e-02   6.6071429e-01   6.9642857e-01   1.6666667e-01
   6.1551087e-02   6.7857143e-01   6.7857143e-01   1.6666667e-01
