   2.0000000e+02
   0.0000000e+00   5.6666667e-01   5.8333333e-01   0.0000000e+00
   1.3285358e-02   5.6666667e-01   5.8333333e-01   1.6666667e-01
   2.0066427e-02   5.6666667e-01   5.8333333e-01   1.6666667e-01
   2.8369776e-02   5.5000000e-01   5.8333333e-01   1.6666667e-01
   3.5842790e-02   5.5000000e-01   5.8333333e-01   1.6666667e-01
   4.3730971e-02   5.5000000e-01   5.6666667e-01   1.6666667e-01
   5.5078882e-02   4.8333333e-01   5.3333333e-01   1.6666667e-01
   5.9922502e-02   4.6666667e-01   5.3333333e-01   1.6666667e-01
   5.6739552e-02   4.6666667e-01   5.3333333e-01   1.6666667e-01
   6.1859950e-02   4.5000000e-01   5.3333333e-01   1.6666667e-01
   7.4038195e-02   4.3333333e-01   5.1666667e-01   1.6666667e-01
   1.1140327e-01   4.0000000e-01   5.0000000e-01   1.6666667e-01
   1.9734293e-01   1.6666667e-01   4.8333333e-01   3.3333333e-01
   2.7719347e-01   1.8333333e-01   4.8333333e-01   1.6666667e-01
   4.1461389e-01   2.0000000e-01   5.6666667e-01   1.6666667e-01
   6.7810684e-01   2.5000000e-01   8.8333333e-01   1.6666667e-01
   9.2568503e-01   2.6666667e-01   9.5000000e-01   1.6666667e-01
   1.0000000e+00   2.5000000e-01   9.6666667e-01   1.6666667e-01
   9.7453640e-01   2.5000000e-01   9.6666667e-01   1.6666667e-01
   9.4173817e-01   2.5000000e-01   9.8333333e-01   1.6666667e-01
   8.9759203e-01   2.3333333e-01   9.8333333e-01   3.3333333e-01
   8.0985331e-01   1.8333333e-01   9.8333333e-01   3.3333333e-01
   6.7395516e-01   1.6666667e-01   1.0000000e+00   5.0000000e-01
   5.2172710e-01   1.6666667e-01   1.0000000e+00   5.0000000e-01
   3.9842236e-01   1.6666667e-01   1.0000000e+00   3.3333333e-01
   2.8272903e-01   1.6666667e-01   1.0000000e+00   5.0000000e-01
   1.8474952e-01   1.6666667e-01   9.8333333e-01   5.0000000e-01
   9.6042070e-02   6.0000000e-01   6.3333333e-01   1.6666667e-01
   3.2244672e-02   6.1666667e-01   6.3333333e-01   1.6666667e-01
   9.4104622e-03   6.1666667e-01   6.3333333e-01   1.6666667e-01
   9.5488514e-03   6.1666667e-01   6.3333333e-01   1.6666667e-01
   8.8569056e-03   6.1666667e-01   6.3333333e-01   1.6666667e-01
   8.3033490e-03   6.1666667e-01   6.3333333e-01   1.6666667e-01
   7.4730141e-03   6.1666667e-01   6.3333333e-01   1.6666667e-01
   5.9507335e-03   6.1666667e-01   6.3333333e-01   1.6666667e-01
   4.1516745e-03   6.1666667e-01   6.3333333e-01   1.6666667e-01
   2.4910047e-03   6.1666667e-01   6.1666667e-01   1.6666667e-01
   2.2142264e-03   6.1666667e-01   6.1666667e-01   1.6666667e-01
   1.9374481e-03   6.1666667e-01   6.1666667e-01   1.6666667e-01
   1.9374481e-03   6.0000000e-01   6.1666667e-01   1.6666667e-01
   2.2142264e-03   6.0000000e-01   6.1666667e-01   1.6666667e-01
   6.3659009e-03   6.0000000e-01   6.1666667e-01   1.6666667e-01
   2.5740382e-02   5.8333333e-01   6.1666667e-01   1.6666667e-01
   7.5975644e-02   5.1666667e-01   6.1666667e-01   1.6666667e-01
   1.4600055e-01   5.0000000e-01   6.1666667e-01   1.6666667e-01
   2.0190977e-01   4.8333333e-01   6.1666667e-01   1.6666667e-01
   2.3152505e-01   4.8333333e-01   6.3333333e-01   1.6666667e-01
   2.4771658e-01   4.6666667e-01   6.3333333e-01   1.6666667e-01
   2.5214503e-01   4.6666667e-01   6.3333333e-01   1.6666667e-01
   2.3055632e-01   4.8333333e-01   6.5000000e-01   1.6666667e-01
   1.9761971e-01   4.8333333e-01   6.5000000e-01   1.6666667e-01
   1.6800443e-01   5.0000000e-01   6.6666667e-01   1.6666667e-01
   1.3977304e-01   5.1666667e-01   6.6666667e-01   1.6666667e-01
   1.0918904e-01   6.0000000e-01   6.6666667e-01   1.6666667e-01
   8.1511210e-02   6.3333333e-01   6.8333333e-01   1.6666667e-01
   5.6185995e-02   6.3333333e-01   6.8333333e-01   1.6666667e-01
   5.4525325e-02   6.3333333e-01   6.8333333e-01   1.6666667e-01
   5.6462773e-02   6.3333333e-01   6.8333333e-01   1.6666667e-01
   6.1444783e-02   6.3333333e-01   7.0000000e-01   1.6666667e-01
   6.4766122e-02   6.3333333e-01   7.0000000e-01   1.6666667e-01
   6.5319679e-02   6.1666667e-01   7.0000000e-01   1.6666667e-01
   6.4489344e-02   6.1666667e-01   6.8333333e-01   1.6666667e-01
   5.8815389e-02   6.1666667e-01   6.8333333e-01   1.6666667e-01
   5.5632438e-02   6.1666667e-01   6.6666667e-01   1.6666667e-01
   5.7985054e-02   6.0000000e-01   6.6666667e-01   1.6666667e-01
   6.1721561e-02   5.8333333e-01   6.6666667e-01   1.6666667e-01
   7.3899806e-02   5.6666667e-01   6.5000000e-01   1.6666667e-01
   9.1890396e-02   5.5000000e-01   6.5000000e-01   1.6666667e-01
   1.1320232e-01   5.3333333e-01   6.3333333e-01   1.6666667e-01
   1.4364794e-01   5.0000000e-01   6.1666667e-01   1.6666667e-01
   1.7450872e-01   4.8333333e-01   6.1666667e-01   1.6666667e-01
   1.8986991e-01   4.8333333e-01   6.1666667e-01   1.6666667e-01
   1.9734293e-01   4.6666667e-01   6.1666667e-01   1.6666667e-01
   1.9983393e-01   4.6666667e-01   6.0000000e-01   1.6666667e-01
   1.9817326e-01   4.6666667e-01   6.1666667e-01   1.6666667e-01
   1.9443676e-01   4.8333333e-01   6.1666667e-01   1.6666667e-01
   1.8378079e-01   4.8333333e-01   6.3333333e-01   1.6666667e-01
   1.6163853e-01   5.0000000e-01   6.3333333e-01   1.6666667e-01
   1.4074177e-01   5.1666667e-01   6.5000000e-01   1.6666667e-01
   1.1417105e-01   5.5000000e-01   6.5000000e-01   1.6666667e-01
   8.9537780e-02   5.8333333e-01   6.5000000e-01   1.6666667e-01
   7.0440077e-02   6.0000000e-01   6.6666667e-01   1.6666667e-01
   5.4110158e-02   6.1666667e-01   6.6666667e-01   1.6666667e-01
   4.8297813e-02   6.3333333e-01   6.6666667e-01   1.6666667e-01
   4.2623858e-02   6.3333333e-01   6.8333333e-01   1.6666667e-01
   3.8748962e-02   6.5000000e-01   6.8333333e-01   1.6666667e-01
   4.0132854e-02   6.5000000e-01   6.8333333e-01   1.6666667e-01
   4.1655134e-02   6.5000000e-01   6.8333333e-01   1.6666667e-01
   4.7467479e-02   6.3333333e-01   6.8333333e-01   1.6666667e-01
   4.6913922e-02   6.3333333e-01   6.8333333e-01   1.6666667e-01
   4.2070302e-02   6.3333333e-01   6.8333333e-01   1.6666667e-01
   4.2762247e-02   6.1666667e-01   6.8333333e-01   1.6666667e-01
   4.8021035e-02   6.0000000e-01   6.8333333e-01   1.6666667e-01
   5.2587877e-02   5.8333333e-01   6.6666667e-01   1.6666667e-01
   5.9230556e-02   5.6666667e-01   6.3333333e-01   1.6666667e-01
   6.9332964e-02   5.6666667e-01   6.3333333e-01   1.6666667e-01
   8.7877110e-02   5.5000000e-01   6.3333333e-01   1.6666667e-01
   1.2731802e-01   5.3333333e-01   6.3333333e-01   1.6666667e-01
   2.0730695e-01   4.6666667e-01   6.3333333e-01   1.6666667e-01
   2.8840299e-01   4.0000000e-01   6.1666667e-01   3.3333333e-01
   3.3697758e-01   2.5000000e-01   6.1666667e-01   3.3333333e-01
   3.4528093e-01   1.8333333e-01   6.1666667e-01   5.0000000e-01
   3.1331304e-01   1.6666667e-01   6.1666667e-01   3.3333333e-01
   2.6376972e-01   1.6666667e-01   6.3333333e-01   3.3333333e-01
   2.0080266e-01   1.6666667e-01   6.3333333e-01   3.3333333e-01
   1.6329920e-01   1.6666667e-01   6.3333333e-01   3.3333333e-01
   1.3880432e-01   1.6666667e-01   6.5000000e-01   5.0000000e-01
   1.2399668e-01   1.6666667e-01   6.5000000e-01   5.0000000e-01
   1.1015776e-01   1.6666667e-01   6.5000000e-01   5.0000000e-01
   1.1292555e-01   1.6666667e-01   6.6666667e-01   5.0000000e-01
   1.4046499e-01   1.6666667e-01   6.6666667e-01   5.0000000e-01
   1.7478550e-01   1.6666667e-01   6.6666667e-01   6.6666667e-01
   1.8627180e-01   1.8333333e-01   6.6666667e-01   3.3333333e-01
   1.7603100e-01   2.0000000e-01   6.6666667e-01   3.3333333e-01
   1.5596457e-01   2.1666667e-01   6.6666667e-01   3.3333333e-01
   1.2814835e-01   2.6666667e-01   6.6666667e-01   3.3333333e-01
   9.2997509e-02   6.3333333e-01   6.6666667e-01   1.6666667e-01
   6.3935787e-02   6.1666667e-01   6.6666667e-01   1.6666667e-01
   4.1378356e-02   6.1666667e-01   6.6666667e-01   1.6666667e-01
   4.3592582e-02   6.1666667e-01   6.6666667e-01   1.6666667e-01
   4.5806809e-02   6.0000000e-01   6.6666667e-01   1.6666667e-01
   4.6083587e-02   6.0000000e-01   6.6666667e-01   1.6666667e-01
   4.5530030e-02   5.8333333e-01   6.5000000e-01   1.6666667e-01
   6.4350955e-02   5.8333333e-01   6.5000000e-01   1.6666667e-01
   1.6620537e-01   5.3333333e-01   9.0000000e-01   3.3333333e-01
   3.3808469e-01   5.1666667e-01   9.1666667e-01   3.3333333e-01
   5.0871852e-01   5.0000000e-01   9.3333333e-01   3.3333333e-01
   6.4918350e-01   4.5000000e-01   9.3333333e-01   1.6666667e-01
   8.0487130e-01   4.1666667e-01   9.5000000e-01   1.6666667e-01
   9.4699696e-01   3.6666667e-01   9.5000000e-01   1.6666667e-01
   9.9737061e-01   2.0000000e-01   9.5000000e-01   5.0000000e-01
   9.4395239e-01   1.6666667e-01   9.5000000e-01   6.6666667e-01
   7.9615278e-01   3.5000000e-01   9.6666667e-01   1.6666667e-01
   6.5430390e-01   3.6666667e-01   9.6666667e-01   1.6666667e-01
   5.2117354e-01   3.6666667e-01   9.5000000e-01   1.6666667e-01
   3.9869914e-01   3.5000000e-01   9.5000000e-01   5.0000000e-01
   2.9919734e-01   3.5000000e-01   6.0000000e-01   3.3333333e-01
   2.0730695e-01   3.3333333e-01   6.0000000e-01   3.3333333e-01
   1.4766122e-01   3.3333333e-01   6.0000000e-01   3.3333333e-01
   1.3368392e-01   3.5000000e-01   6.0000000e-01   3.3333333e-01
   1.0351508e-01   5.6666667e-01   6.0000000e-01   1.6666667e-01
   7.3207861e-02   5.6666667e-01   6.0000000e-01   1.6666667e-01
   3.0307224e-02   5.6666667e-01   6.0000000e-01   1.6666667e-01
   3.1414337e-02   5.5000000e-01   6.0000000e-01   1.6666667e-01
   4.5668420e-02   5.5000000e-01   6.0000000e-01   1.6666667e-01
   6.3243842e-02   5.5000000e-01   6.0000000e-01   1.6666667e-01
   8.7046776e-02   5.3333333e-01   6.0000000e-01   1.6666667e-01
   1.2012178e-01   5.3333333e-01   6.1666667e-01   1.6666667e-01
   1.5665652e-01   5.3333333e-01   6.3333333e-01   1.6666667e-01
   1.8571824e-01   5.1666667e-01   6.5000000e-01   1.6666667e-01
   2.0384722e-01   5.1666667e-01   6.6666667e-01   1.6666667e-01
   1.9678937e-01   5.1666667e-01   6.6666667e-01   1.6666667e-01
   1.7063382e-01   5.1666667e-01   6.8333333e-01   1.6666667e-01
   1.4212566e-01   5.3333333e-01   6.8333333e-01   1.6666667e-01
   1.2261279e-01   5.3333333e-01   6.8333333e-01   1.6666667e-01
   9.2997509e-02   5.5000000e-01   7.0000000e-01   1.6666667e-01
   6.5042901e-02   6.6666667e-01   7.0000000e-01   1.6666667e-01
   4.1655134e-02   6.6666667e-01   7.0000000e-01   1.6666667e-01
   1.7852200e-02   6.8333333e-01   7.0000000e-01   1.6666667e-01
   1.9512870e-02   6.8333333e-01   7.1666667e-01   1.6666667e-01
   2.0896762e-02   6.8333333e-01   7.0000000e-01   1.6666667e-01
   2.3802934e-02   6.6666667e-01   7.0000000e-01   1.6666667e-01
   2.6155549e-02   6.6666667e-01   7.0000000e-01   1.6666667e-01
   2.6985884e-02   6.6666667e-01   7.0000000e-01   1.6666667e-01
   2.8092998e-02   6.6666667e-01   7.0000000e-01   1.6666667e-01
   3.1552726e-02   6.5000000e-01   7.0000000e-01   1.6666667e-01
   3.2798229e-02   6.5000000e-01   7.0000000e-01   1.6666667e-01
   3.2936618e-02   6.3333333e-01   6.8333333e-01   1.6666667e-01
   2.8092998e-02   6.3333333e-01   6.8333333e-01   1.6666667e-01
   4.2485469e-02   6.3333333e-01   6.6666667e-01   1.6666667e-01
   1.4240244e-01   4.5000000e-01   6.6666667e-01   3.3333333e-01
   2.8923332e-01   2.8333333e-01   6.6666667e-01   1.6666667e-01
   3.8347634e-01   2.5000000e-01   6.3333333e-01   1.6666667e-01
   4.0769444e-01   2.5000000e-01   6.3333333e-01   1.6666667e-01
   3.9731525e-01   2.3333333e-01   6.5000000e-01   1.6666667e-01
   3.6590091e-01   2.5000000e-01   6.5000000e-01   1.6666667e-01
   3.2258511e-01   2.6666667e-01   6.6666667e-01   3.3333333e-01
   2.6349294e-01   2.8333333e-01   6.6666667e-01   3.3333333e-01
   1.9845004e-01   5.3333333e-01   6.6666667e-01   1.6666667e-01
   1.5582618e-01   5.3333333e-01   6.8333333e-01   1.6666667e-01
   1.4157210e-01   5.3333333e-01   6.8333333e-01   1.6666667e-01
   1.2828674e-01   5.1666667e-01   6.8333333e-01   1.6666667e-01
   1.2358151e-01   5.1666667e-01   7.0000000e-01   3.3333333e-01
   1.1458622e-01   5.0000000e-01   7.0000000e-01   3.3333333e-01
   1.0088569e-01   4.8333333e-01   7.0000000e-01   3.3333333e-01
   9.4243011e-02   4.6666667e-01   7.0000000e-01   3.3333333e-01
   7.3623028e-02   4.5000000e-01   7.0000000e-01   3.3333333e-01
   5.0235262e-02   4.5000000e-01   7.0000000e-01   3.3333333e-01
   3.0307224e-02   7.0000000e-01   7.1666667e-01   1.6666667e-01
   1.9512870e-02   7.0000000e-01   7.1666667e-01   1.6666667e-01
   1.4946028e-02   7.0000000e-01   7.1666667e-01   1.6666667e-01
   2.0619983e-02   7.0000000e-01   7.1666667e-01   1.6666667e-01
   2.7539441e-02   6.8333333e-01   7.1666667e-01   1.6666667e-01
   3.0999170e-02   6.8333333e-01   7.1666667e-01   1.6666667e-01
   3.1137559e-02   6.6666667e-01   7.0000000e-01   1.6666667e-01
   2.7677830e-02   6.6666667e-01   7.0000000e-01   1.6666667e-01
   2.6847495e-02   6.8333333e-01   7.0000000e-01   1.6666667e-01
   2.5186825e-02   6.8333333e-01   7.0000000e-01   1.6666667e-01
   1.8959314e-02   6.8333333e-01   7.0000000e-01   0.0000000e+00
   1.1209521e-02   6.8333333e-01   7.0000000e-01   0.0000000e+00
