   1.8400000e+02
   4.9050633e-02   1.6176471e-01   1.6176471e-01   1.6666667e-01
   7.5791139e-02   1.4705882e-01   1.7647059e-01   1.6666667e-01
   1.0379747e-01   1.4705882e-01   1.9117647e-01   1.6666667e-01
   1.0838608e-01   1.4705882e-01   1.9117647e-01   1.6666667e-01
   1.1139241e-01   1.6176471e-01   2.0588235e-01   1.6666667e-01
   9.7151899e-02   1.6176471e-01   2.0588235e-01   1.6666667e-01
   8.7341772e-02   1.7647059e-01   2.0588235e-01   1.6666667e-01
   7.0569620e-02   1.7647059e-01   2.0588235e-01   1.6666667e-01
   5.3006329e-02   1.9117647e-01   2.2058824e-01   1.6666667e-01
   4.0506329e-02   2.0588235e-01   2.0588235e-01   1.6666667e-01
   2.6582278e-02   2.2875817e-01   2.2875817e-01   0.0000000e+00
   1.4873418e-02   2.5163399e-01   2.5163399e-01   0.0000000e+00
   1.4556962e-02   2.7450980e-01   2.7450980e-01   0.0000000e+00
   1.3924051e-02   2.9738562e-01   2.9738562e-01   0.0000000e+00
   1.3291139e-02   3.2026144e-01   3.2026144e-01   0.0000000e+00
   1.2658228e-02   3.4313725e-01   3.4313725e-01   0.0000000e+00
   1.2025316e-02   3.6601307e-01   3.6601307e-01   0.0000000e+00
   1.1392405e-02   3.8888889e-01   3.8888889e-01   0.0000000e+00
   1.0759494e-02   4.1176471e-01   4.1176471e-01   0.0000000e+00
   1.0126582e-02   4.3464052e-01   4.3464052e-01   0.0000000e+00
   9.4936709e-03   4.5751634e-01   4.5751634e-01   0.0000000e+00
   8.8607595e-03   4.8039216e-01   4.8039216e-01   0.0000000e+00
   8.2278481e-03   5.0326797e-01   5.0326797e-01   0.0000000e+00
   7.4367089e-03   5.2614379e-01   5.2614379e-01   0.0000000e+00
   6.6455696e-03   5.4901961e-01   5.4901961e-01   0.0000000e+00
   7.1202532e-03   5.7189542e-01   5.7189542e-01   0.0000000e+00
   1.5031646e-02   5.9477124e-01   5.9477124e-01   0.0000000e+00
   2.9430380e-02   6.1764706e-01   6.1764706e-01   1.6666667e-01
   4.0981013e-02   6.1764706e-01   6.3235294e-01   1.6666667e-01
   7.9905063e-02   5.4411765e-01   6.3235294e-01   3.3333333e-01
   1.6297468e-01   5.1470588e-01   6.1764706e-01   1.6666667e-01
   2.5632911e-01   5.0000000e-01   6.3235294e-01   1.6666667e-01
   3.1898734e-01   5.0000000e-01   6.3235294e-01   1.6666667e-01
   3.5237342e-01   5.0000000e-01   6.4705882e-01   1.6666667e-01
   3.7136076e-01   4.8529412e-01   6.4705882e-01   1.6666667e-01
   3.7341772e-01   4.8529412e-01   6.6176471e-01   1.6666667e-01
   3.6930380e-01   4.8529412e-01   6.6176471e-01   1.6666667e-01
   3.6028481e-01   4.8529412e-01   6.7647059e-01   1.6666667e-01
   3.3639241e-01   4.8529412e-01   6.7647059e-01   1.6666667e-01
   2.9477848e-01   4.8529412e-01   6.7647059e-01   3.3333333e-01
   2.6028481e-01   4.8529412e-01   6.7647059e-01   3.3333333e-01
   2.2088608e-01   5.0000000e-01   6.7647059e-01   3.3333333e-01
   1.9272152e-01   5.0000000e-01   6.7647059e-01   3.3333333e-01
   1.9430380e-01   5.1470588e-01   6.7647059e-01   3.3333333e-01
   3.9462025e-01   2.3529412e-01   6.7647059e-01   5.0000000e-01
   6.4762658e-01   2.0588235e-01   6.7647059e-01   5.0000000e-01
   8.5237342e-01   1.9117647e-01   6.9117647e-01   1.6666667e-01
   9.7167722e-01   1.9117647e-01   6.9117647e-01   1.6666667e-01
   1.0000000e+00   1.9117647e-01   6.7647059e-01   1.6666667e-01
   9.5617089e-01   2.0588235e-01   6.4705882e-01   1.6666667e-01
   8.7768987e-01   2.2058824e-01   6.4705882e-01   1.6666667e-01
   7.8259494e-01   2.3529412e-01   6.4705882e-01   1.6666667e-01
   6.5205696e-01   2.5000000e-01   6.4705882e-01   1.6666667e-01
   5.2310127e-01   2.9411765e-01   6.4705882e-01   1.6666667e-01
   3.9952532e-01   3.9705882e-01   6.4705882e-01   1.6666667e-01
   2.7626582e-01   4.5588235e-01   6.6176471e-01   1.6666667e-01
   1.8528481e-01   5.7352941e-01   6.6176471e-01   1.6666667e-01
   1.0569620e-01   6.1764706e-01   6.6176471e-01   1.6666667e-01
   7.0253165e-02   6.3235294e-01   6.6176471e-01   1.6666667e-01
   5.9018987e-02   6.3235294e-01   6.6176471e-01   1.6666667e-01
   5.3006329e-02   6.3235294e-01   6.6176471e-01   1.6666667e-01
   5.9651899e-02   6.3235294e-01   6.6176471e-01   1.6666667e-01
   6.2025316e-02   6.3235294e-01   6.6176471e-01   1.6666667e-01
   7.4208861e-02   6.1764706e-01   6.6176471e-01   1.6666667e-01
   2.4920886e-01   2.6470588e-01   6.6176471e-01   3.3333333e-01
   5.1155063e-01   1.6176471e-01   6.6176471e-01   3.3333333e-01
   7.2262658e-01   1.4705882e-01   6.4705882e-01   3.3333333e-01
   8.2547468e-01   1.4705882e-01   6.4705882e-01   3.3333333e-01
   9.0917722e-01   1.6176471e-01   6.4705882e-01   1.6666667e-01
   9.1661392e-01   1.4705882e-02   6.4705882e-01   3.3333333e-01
   8.5537975e-01   1.4705882e-02   6.3235294e-01   3.3333333e-01
   7.6534810e-01   0.0000000e+00   6.3235294e-01   3.3333333e-01
   6.6518987e-01   0.0000000e+00   6.1764706e-01   3.3333333e-01
   5.5870253e-01   1.4705882e-02   6.1764706e-01   3.3333333e-01
   4.7563291e-01   1.4705882e-02   6.1764706e-01   3.3333333e-01
   3.9604430e-01   1.4705882e-02   6.3235294e-01   3.3333333e-01
   3.4778481e-01   2.9411765e-02   6.3235294e-01   3.3333333e-01
   3.0933544e-01   4.4117647e-02   6.4705882e-01   3.3333333e-01
   2.7768987e-01   5.8823529e-02   6.4705882e-01   3.3333333e-01
   2.2357595e-01   7.3529412e-02   6.4705882e-01   3.3333333e-01
   1.7927215e-01   1.0294118e-01   6.6176471e-01   3.3333333e-01
   1.1946203e-01   6.3235294e-01   6.6176471e-01   1.6666667e-01
   5.5696203e-02   6.3235294e-01   6.6176471e-01   1.6666667e-01
   5.1582278e-02   6.4705882e-01   6.6176471e-01   1.6666667e-01
   4.5727848e-02   6.4705882e-01   6.7647059e-01   1.6666667e-01
   3.4968354e-02   6.4705882e-01   6.7647059e-01   1.6666667e-01
   3.2911392e-02   6.4705882e-01   6.6176471e-01   1.6666667e-01
   4.1455696e-02   6.4705882e-01   6.6176471e-01   1.6666667e-01
   5.5221519e-02   6.4705882e-01   6.6176471e-01   1.6666667e-01
   1.0158228e-01   5.5882353e-01   6.6176471e-01   3.3333333e-01
   1.8386076e-01   4.8529412e-01   6.7647059e-01   5.0000000e-01
   2.3639241e-01   4.7058824e-01   6.7647059e-01   3.3333333e-01
   2.7325949e-01   4.7058824e-01   6.7647059e-01   1.6666667e-01
   2.8148734e-01   4.7058824e-01   6.7647059e-01   1.6666667e-01
   2.6772152e-01   4.8529412e-01   6.7647059e-01   3.3333333e-01
   2.4651899e-01   4.8529412e-01   6.6176471e-01   3.3333333e-01
   2.3148734e-01   5.0000000e-01   6.6176471e-01   3.3333333e-01
   2.1740506e-01   5.4411765e-01   6.6176471e-01   1.6666667e-01
   2.0379747e-01   5.2941176e-01   6.6176471e-01   1.6666667e-01
   1.7974684e-01   5.4411765e-01   6.6176471e-01   1.6666667e-01
   1.4968354e-01   5.4411765e-01   6.6176471e-01   1.6666667e-01
   1.1787975e-01   5.5882353e-01   6.6176471e-01   3.3333333e-01
   8.9398734e-02   6.3235294e-01   6.6176471e-01   1.6666667e-01
   6.0759494e-02   6.4705882e-01   6.7647059e-01   1.6666667e-01
   5.7753165e-02   6.4705882e-01   6.7647059e-01   1.6666667e-01
   5.6645570e-02   6.4705882e-01   6.7647059e-01   1.6666667e-01
   5.7753165e-02   6.4705882e-01   6.7647059e-01   1.6666667e-01
   6.3765823e-02   6.4705882e-01   6.7647059e-01   1.6666667e-01
   6.5506329e-02   6.4705882e-01   6.7647059e-01   1.6666667e-01
   6.6613924e-02   6.4705882e-01   6.7647059e-01   1.6666667e-01
   6.6613924e-02   6.3235294e-01   6.7647059e-01   1.6666667e-01
   6.7088608e-02   6.3235294e-01   6.7647059e-01   1.6666667e-01
   6.6455696e-02   6.3235294e-01   6.7647059e-01   1.6666667e-01
   6.5822785e-02   6.4705882e-01   6.7647059e-01   1.6666667e-01
   6.6772152e-02   5.8823529e-01   6.0294118e-01   1.6666667e-01
   6.5506329e-02   5.7352941e-01   6.0294118e-01   1.6666667e-01
   6.0284810e-02   5.7352941e-01   6.0294118e-01   1.6666667e-01
   5.8702532e-02   5.7352941e-01   6.1764706e-01   1.6666667e-01
   4.8259494e-02   5.8823529e-01   6.1764706e-01   1.6666667e-01
   2.8639241e-02   5.8210784e-01   6.1090686e-01   0.0000000e+00
   9.3354430e-03   5.7598039e-01   6.0416667e-01   0.0000000e+00
   0.0000000e+00   5.6985294e-01   5.9742647e-01   0.0000000e+00
   6.3291139e-04   5.6372549e-01   5.9068627e-01   0.0000000e+00
   6.3291139e-04   5.5759804e-01   5.8394608e-01   0.0000000e+00
   6.3291139e-04   5.5147059e-01   5.7720588e-01   0.0000000e+00
   6.3291139e-04   5.4534314e-01   5.7046569e-01   0.0000000e+00
   6.3291139e-04   5.3921569e-01   5.6372549e-01   0.0000000e+00
   6.3291139e-04   5.3308824e-01   5.5698529e-01   0.0000000e+00
   6.3291139e-04   5.2696078e-01   5.5024510e-01   0.0000000e+00
   6.3291139e-04   5.2083333e-01   5.4350490e-01   0.0000000e+00
   6.3291139e-04   5.1470588e-01   5.3676471e-01   0.0000000e+00
   6.3291139e-04   5.0857843e-01   5.3002451e-01   0.0000000e+00
   6.3291139e-04   5.0245098e-01   5.2328431e-01   0.0000000e+00
   6.3291139e-04   4.9632353e-01   5.1654412e-01   0.0000000e+00
   6.3291139e-04   4.9019608e-01   5.0980392e-01   0.0000000e+00
   6.3291139e-04   4.8406863e-01   5.0306373e-01   0.0000000e+00
   6.3291139e-04   4.7794118e-01   4.9632353e-01   0.0000000e+00
   1.2658228e-03   4.7181373e-01   4.8958333e-01   0.0000000e+00
   1.8987342e-03   4.6568627e-01   4.8284314e-01   0.0000000e+00
   3.0063291e-03   4.5955882e-01   4.7610294e-01   0.0000000e+00
   1.0917722e-02   4.5343137e-01   4.6936275e-01   0.0000000e+00
   2.8164557e-02   4.4730392e-01   4.6262255e-01   0.0000000e+00
   4.0189873e-02   4.4117647e-01   4.5588235e-01   1.6666667e-01
   4.6677215e-02   4.2647059e-01   4.5588235e-01   1.6666667e-01
   5.6170886e-02   4.2647059e-01   4.5588235e-01   1.6666667e-01
   6.2658228e-02   4.2647059e-01   4.5588235e-01   1.6666667e-01
   8.2436709e-02   4.2647059e-01   4.5588235e-01   1.6666667e-01
   1.4003165e-01   4.1176471e-01   4.8529412e-01   1.6666667e-01
   2.5079114e-01   3.9705882e-01   5.1470588e-01   1.6666667e-01
   3.7990506e-01   3.5294118e-01   5.4411765e-01   1.6666667e-01
   5.1819620e-01   3.5294118e-01   6.1764706e-01   3.3333333e-01
   6.1170886e-01   3.3823529e-01   6.3235294e-01   1.6666667e-01
   6.7310127e-01   3.3823529e-01   6.4705882e-01   1.6666667e-01
   6.9177215e-01   3.3823529e-01   6.6176471e-01   1.6666667e-01
   6.9129747e-01   3.5294118e-01   6.6176471e-01   1.6666667e-01
   6.4746835e-01   3.5294118e-01   6.7647059e-01   1.6666667e-01
   5.7405063e-01   3.8235294e-01   6.9117647e-01   1.6666667e-01
   4.7594937e-01   3.9705882e-01   6.9117647e-01   1.6666667e-01
   3.9620253e-01   4.1176471e-01   7.0588235e-01   1.6666667e-01
   3.0759494e-01   4.2647059e-01   7.0588235e-01   3.3333333e-01
   2.1582278e-01   4.2647059e-01   7.0588235e-01   3.3333333e-01
   1.5094937e-01   4.4117647e-01   7.0588235e-01   3.3333333e-01
   1.1218354e-01   4.4117647e-01   7.0588235e-01   3.3333333e-01
   8.6550633e-02   4.4117647e-01   7.0588235e-01   3.3333333e-01
   6.8354430e-02   4.5320856e-01   6.9385027e-01   0.0000000e+00
   5.6962025e-02   4.6524064e-01   6.8181818e-01   0.0000000e+00
   5.2215190e-02   4.7727273e-01   6.6978610e-01   0.0000000e+00
   3.7341772e-02   4.8930481e-01   6.5775401e-01   0.0000000e+00
   3.9556962e-02   5.0133690e-01   6.4572193e-01   0.0000000e+00
   4.2879747e-02   5.1336898e-01   6.3368984e-01   0.0000000e+00
   4.6360759e-02   5.2540107e-01   6.2165775e-01   0.0000000e+00
   4.6360759e-02   5.3743316e-01   6.0962567e-01   0.0000000e+00
   4.1772152e-02   5.4946524e-01   5.9759358e-01   0.0000000e+00
   3.5759494e-02   5.6149733e-01   5.8556150e-01   0.0000000e+00
   4.7943038e-02   5.7352941e-01   5.7352941e-01   1.6666667e-01
   5.0316456e-02   5.7352941e-01   5.7352941e-01   1.6666667e-01
   4.1930380e-02   5.8823529e-01   5.8823529e-01   1.6666667e-01
   3.3386076e-02   6.0294118e-01   6.0661765e-01   0.0000000e+00
   3.3227848e-02   6.1764706e-01   6.2500000e-01   0.0000000e+00
   4.0189873e-02   6.3235294e-01   6.4338235e-01   0.0000000e+00
   5.7911392e-02   6.4705882e-01   6.6176471e-01   1.6666667e-01
   6.7563291e-02   6.6176471e-01   6.7647059e-01   1.6666667e-01
   6.2183544e-02   6.7647059e-01   6.9117647e-01   1.6666667e-01
   4.5411392e-02   6.9117647e-01   6.9117647e-01   1.6666667e-01
