   1.9500000e+02
   1.2880562e-02   5.9649123e-01   5.9649123e-01   0.0000000e+00
   4.6448087e-02   5.9649123e-01   5.9649123e-01   1.6666667e-01
   1.1072079e-01   4.5614035e-01   5.9649123e-01   1.6666667e-01
   1.5443664e-01   4.5614035e-01   5.9649123e-01   1.6666667e-01
   1.6718709e-01   4.3859649e-01   5.9649123e-01   1.6666667e-01
   1.5313557e-01   4.3859649e-01   5.7894737e-01   1.6666667e-01
   1.3400989e-01   4.3859649e-01   5.7894737e-01   1.6666667e-01
   1.0798855e-01   4.5614035e-01   5.7894737e-01   1.6666667e-01
   8.2877960e-02   5.2631579e-01   5.6140351e-01   1.6666667e-01
   6.5833984e-02   4.0350877e-01   4.0350877e-01   1.6666667e-01
   3.6950299e-02   3.8596491e-01   4.2105263e-01   1.6666667e-01
   3.9422326e-02   3.8596491e-01   4.2105263e-01   1.6666667e-01
   4.0593286e-02   3.8596491e-01   4.2105263e-01   1.6666667e-01
   3.7861046e-02   3.8596491e-01   4.2105263e-01   1.6666667e-01
   3.2136352e-02   4.0350877e-01   4.2105263e-01   1.6666667e-01
   2.9924538e-02   3.9473684e-01   4.1228070e-01   0.0000000e+00
   2.1988030e-02   3.8596491e-01   4.0350877e-01   0.0000000e+00
   1.7434296e-02   3.7719298e-01   3.9473684e-01   0.0000000e+00
   2.1337497e-02   3.6842105e-01   3.8596491e-01   0.0000000e+00
   2.0686963e-02   3.5964912e-01   3.7719298e-01   0.0000000e+00
   2.4590164e-02   3.5087719e-01   3.6842105e-01   1.6666667e-01
   2.5240697e-02   3.6842105e-01   3.6842105e-01   1.6666667e-01
   2.1988030e-02   3.6842105e-01   3.6842105e-01   1.6666667e-01
   2.5500911e-02   3.4210526e-01   3.5964912e-01   0.0000000e+00
   4.6057767e-02   3.1578947e-01   3.5087719e-01   1.6666667e-01
   7.9104866e-02   3.1578947e-01   3.5087719e-01   1.6666667e-01
   1.8006766e-01   2.9824561e-01   4.7368421e-01   3.3333333e-01
   4.4054124e-01   1.7543860e-01   6.1403509e-01   3.3333333e-01
   7.2807702e-01   1.2280702e-01   6.4912281e-01   1.6666667e-01
   9.1751236e-01   0.0000000e+00   6.6666667e-01   1.6666667e-01
   9.8425709e-01   0.0000000e+00   6.8421053e-01   1.6666667e-01
   1.0000000e+00   0.0000000e+00   6.8421053e-01   1.6666667e-01
   9.9596669e-01   0.0000000e+00   6.8421053e-01   1.6666667e-01
   9.6435077e-01   0.0000000e+00   7.0175439e-01   1.6666667e-01
   8.8992974e-01   0.0000000e+00   7.0175439e-01   1.6666667e-01
   7.8545407e-01   0.0000000e+00   7.0175439e-01   3.3333333e-01
   6.6757741e-01   1.5789474e-01   7.0175439e-01   1.6666667e-01
   5.2315899e-01   2.4561404e-01   7.0175439e-01   1.6666667e-01
   4.2401769e-01   2.4561404e-01   7.0175439e-01   3.3333333e-01
   3.3645589e-01   2.4561404e-01   6.8421053e-01   3.3333333e-01
   2.5670049e-01   2.4561404e-01   6.3157895e-01   3.3333333e-01
   2.1506635e-01   2.4561404e-01   5.7894737e-01   3.3333333e-01
   1.8618267e-01   2.4561404e-01   5.6140351e-01   3.3333333e-01
   1.5651835e-01   2.4561404e-01   5.4385965e-01   3.3333333e-01
   1.4936248e-01   2.6315789e-01   5.0877193e-01   3.3333333e-01
   1.4090554e-01   2.1052632e-01   5.0877193e-01   3.3333333e-01
   1.5248504e-01   2.1052632e-01   5.2631579e-01   3.3333333e-01
   1.9516003e-01   0.0000000e+00   5.4385965e-01   5.0000000e-01
   2.4694249e-01   0.0000000e+00   5.6140351e-01   5.0000000e-01
   2.5735103e-01   0.0000000e+00   5.7894737e-01   5.0000000e-01
   2.3341140e-01   0.0000000e+00   5.9649123e-01   5.0000000e-01
   2.0895134e-01   0.0000000e+00   6.1403509e-01   3.3333333e-01
   1.7356232e-01   0.0000000e+00   6.1403509e-01   3.3333333e-01
   1.1982826e-01   5.4385965e-01   6.3157895e-01   1.6666667e-01
   7.5331772e-02   5.6140351e-01   6.3157895e-01   1.6666667e-01
   6.0109290e-02   5.9649123e-01   6.3157895e-01   1.6666667e-01
   4.8529794e-02   6.1403509e-01   6.4912281e-01   1.6666667e-01
   4.2805100e-02   6.1403509e-01   6.4912281e-01   1.6666667e-01
   3.6429872e-02   6.3157895e-01   6.4912281e-01   1.6666667e-01
   3.4738486e-02   6.3157895e-01   6.4912281e-01   1.6666667e-01
   3.2786885e-02   6.3157895e-01   6.6666667e-01   1.6666667e-01
   3.0705178e-02   6.4912281e-01   6.6666667e-01   1.6666667e-01
   2.8233151e-02   6.4912281e-01   6.4912281e-01   1.6666667e-01
   2.7322404e-02   6.4912281e-01   6.4912281e-01   1.6666667e-01
   2.8753578e-02   6.4912281e-01   6.4912281e-01   1.6666667e-01
   3.1746032e-02   6.3157895e-01   6.4912281e-01   1.6666667e-01
   3.9812646e-02   6.1403509e-01   6.4912281e-01   1.6666667e-01
   4.7749154e-02   6.1403509e-01   6.4912281e-01   1.6666667e-01
   5.3994275e-02   5.9649123e-01   6.4912281e-01   1.6666667e-01
   5.2823315e-02   5.7894737e-01   6.3157895e-01   1.6666667e-01
   4.9180328e-02   5.7894737e-01   6.1403509e-01   1.6666667e-01
   7.8714546e-02   4.9122807e-01   5.9649123e-01   3.3333333e-01
   1.1683581e-01   4.7368421e-01   5.4385965e-01   1.6666667e-01
   1.5807963e-01   4.5614035e-01   5.6140351e-01   1.6666667e-01
   1.8670310e-01   4.5614035e-01   5.6140351e-01   1.6666667e-01
   2.0752017e-01   4.3859649e-01   5.7894737e-01   1.6666667e-01
   2.2157169e-01   4.3859649e-01   5.9649123e-01   1.6666667e-01
   2.2183190e-01   4.5614035e-01   5.9649123e-01   1.6666667e-01
   2.0765027e-01   4.5614035e-01   6.1403509e-01   1.6666667e-01
   2.0843091e-01   1.0526316e-01   6.1403509e-01   3.3333333e-01
   2.4512100e-01   8.7719298e-02   6.3157895e-01   3.3333333e-01
   2.6710903e-01   8.7719298e-02   6.3157895e-01   3.3333333e-01
   2.5461879e-01   8.7719298e-02   6.3157895e-01   3.3333333e-01
   2.2924798e-01   8.7719298e-02   6.3157895e-01   3.3333333e-01
   1.9060630e-01   8.7719298e-02   6.4912281e-01   3.3333333e-01
   1.5938069e-01   1.0526316e-01   6.4912281e-01   3.3333333e-01
   1.3752277e-01   1.2280702e-01   6.4912281e-01   3.3333333e-01
   1.0902940e-01   1.2280702e-01   6.4912281e-01   3.3333333e-01
   8.1707000e-02   1.5789474e-01   6.4912281e-01   3.3333333e-01
   5.9328649e-02   6.3157895e-01   6.4912281e-01   1.6666667e-01
   4.0853500e-02   6.3157895e-01   6.4912281e-01   1.6666667e-01
   4.1894353e-02   6.3157895e-01   6.6666667e-01   1.6666667e-01
   4.6708301e-02   6.3157895e-01   6.6666667e-01   1.6666667e-01
   5.9068436e-02   6.1403509e-01   6.6666667e-01   1.6666667e-01
   6.0369503e-02   6.1403509e-01   6.6666667e-01   1.6666667e-01
   5.9849076e-02   6.1403509e-01   6.6666667e-01   1.6666667e-01
   5.6726516e-02   5.9649123e-01   6.4912281e-01   1.6666667e-01
   5.3213635e-02   6.1403509e-01   6.4912281e-01   1.6666667e-01
   4.3585740e-02   6.1403509e-01   6.4912281e-01   1.6666667e-01
   3.0705178e-02   6.3157895e-01   6.3157895e-01   1.6666667e-01
   1.3010669e-02   6.0745614e-01   6.1842105e-01   0.0000000e+00
   2.6021337e-04   5.8333333e-01   6.0526316e-01   0.0000000e+00
   6.1150143e-03   5.5921053e-01   5.9210526e-01   0.0000000e+00
   1.0538642e-02   5.3508772e-01   5.7894737e-01   0.0000000e+00
   1.1189175e-02   5.1096491e-01   5.6578947e-01   0.0000000e+00
   9.3676815e-03   4.8684211e-01   5.5263158e-01   0.0000000e+00
   2.1988030e-02   4.6271930e-01   5.3947368e-01   0.0000000e+00
   9.1465001e-02   4.3859649e-01   5.2631579e-01   1.6666667e-01
   1.7460317e-01   4.2105263e-01   5.6140351e-01   1.6666667e-01
   2.3913609e-01   4.2105263e-01   5.7894737e-01   1.6666667e-01
   2.7894874e-01   4.2105263e-01   5.9649123e-01   1.6666667e-01
   2.9638303e-01   4.0350877e-01   5.9649123e-01   1.6666667e-01
   2.8493365e-01   4.0350877e-01   6.1403509e-01   1.6666667e-01
   2.6307572e-01   4.0350877e-01   6.1403509e-01   1.6666667e-01
   2.3744470e-01   4.0350877e-01   6.3157895e-01   1.6666667e-01
   2.0426750e-01   4.0350877e-01   6.3157895e-01   1.6666667e-01
   1.7004944e-01   4.2105263e-01   6.3157895e-01   3.3333333e-01
   1.3557117e-01   4.2105263e-01   6.4912281e-01   3.3333333e-01
   9.6148842e-02   4.2105263e-01   6.4912281e-01   3.3333333e-01
   9.0424148e-02   4.3859649e-01   6.4912281e-01   3.3333333e-01
   8.4179027e-02   4.3859649e-01   6.4912281e-01   3.3333333e-01
   7.2599532e-02   4.5614035e-01   6.6666667e-01   3.3333333e-01
   7.2469425e-02   4.5614035e-01   6.6666667e-01   3.3333333e-01
   6.4272704e-02   4.7368421e-01   6.6666667e-01   3.3333333e-01
   5.7767369e-02   4.9122807e-01   6.6666667e-01   3.3333333e-01
   4.8399688e-02   5.0877193e-01   5.2631579e-01   1.6666667e-01
   3.8901900e-02   6.6666667e-01   6.6666667e-01   1.6666667e-01
   2.8233151e-02   6.6228070e-01   6.6228070e-01   0.0000000e+00
   2.1857923e-02   6.5789474e-01   6.5789474e-01   0.0000000e+00
   1.9646110e-02   6.5350877e-01   6.5350877e-01   0.0000000e+00
   2.1857923e-02   6.4912281e-01   6.4912281e-01   1.6666667e-01
   2.1727817e-02   6.4912281e-01   6.4912281e-01   1.6666667e-01
   2.0036430e-02   6.4473684e-01   6.4473684e-01   0.0000000e+00
   2.1727817e-02   6.4035088e-01   6.4035088e-01   0.0000000e+00
   2.2508457e-02   6.3596491e-01   6.3596491e-01   0.0000000e+00
   2.2248244e-02   6.3157895e-01   6.3157895e-01   1.6666667e-01
   2.3289097e-02   6.3157895e-01   6.3157895e-01   1.6666667e-01
   2.3939630e-02   6.3157895e-01   6.3157895e-01   1.6666667e-01
   2.5370804e-02   5.8040936e-01   5.9502924e-01   0.0000000e+00
   1.7954723e-02   5.2923977e-01   5.5847953e-01   0.0000000e+00
   1.1839709e-02   4.7807018e-01   5.2192982e-01   0.0000000e+00
   0.0000000e+00   4.2690058e-01   4.8538012e-01   0.0000000e+00
   7.8064012e-04   3.7573099e-01   4.4883041e-01   0.0000000e+00
   7.8064012e-04   3.2456140e-01   4.1228070e-01   0.0000000e+00
   7.8064012e-04   2.7339181e-01   3.7573099e-01   0.0000000e+00
   7.8064012e-04   2.2222222e-01   3.3918129e-01   0.0000000e+00
   7.8064012e-04   1.7105263e-01   3.0263158e-01   0.0000000e+00
   1.1709602e-03   1.1988304e-01   2.6608187e-01   0.0000000e+00
   2.9794431e-02   6.8713450e-02   2.2953216e-01   0.0000000e+00
   1.3166797e-01   1.7543860e-02   1.9298246e-01   3.3333333e-01
   2.3393182e-01   0.0000000e+00   2.4561404e-01   1.6666667e-01
   4.1386937e-01   0.0000000e+00   4.0350877e-01   3.3333333e-01
   5.8066615e-01   0.0000000e+00   5.6140351e-01   1.6666667e-01
   7.3198022e-01   1.7543860e-02   6.3157895e-01   1.6666667e-01
   7.7673692e-01   5.2631579e-02   6.4912281e-01   1.6666667e-01
   7.4577153e-01   1.5789474e-01   6.6666667e-01   1.6666667e-01
   7.0882123e-01   1.9298246e-01   6.8421053e-01   1.6666667e-01
   6.5300546e-01   2.2807018e-01   6.8421053e-01   1.6666667e-01
   6.0733802e-01   2.6315789e-01   7.0175439e-01   1.6666667e-01
   5.5464481e-01   2.9824561e-01   7.0175439e-01   1.6666667e-01
   5.1821494e-01   3.1578947e-01   7.0175439e-01   1.6666667e-01
   4.8477752e-01   3.3333333e-01   7.0175439e-01   1.6666667e-01
   4.4496487e-01   3.8596491e-01   7.1929825e-01   1.6666667e-01
   3.8693729e-01   2.1052632e-01   7.1929825e-01   5.0000000e-01
   3.0405933e-01   2.2807018e-01   7.1929825e-01   3.3333333e-01
   2.2807702e-01   4.9122807e-01   6.6666667e-01   1.6666667e-01
   1.5547749e-01   4.7368421e-01   6.3157895e-01   1.6666667e-01
   1.2321103e-01   4.7368421e-01   5.7894737e-01   1.6666667e-01
   1.0382514e-01   4.5614035e-01   5.2631579e-01   1.6666667e-01
   9.4847775e-02   4.5614035e-01   5.0877193e-01   1.6666667e-01
   1.0278428e-01   4.5614035e-01   5.2631579e-01   1.6666667e-01
   1.1371324e-01   4.5614035e-01   5.4385965e-01   1.6666667e-01
   1.2594327e-01   4.5614035e-01   5.6140351e-01   1.6666667e-01
   1.3921416e-01   4.7368421e-01   5.7894737e-01   1.6666667e-01
   1.4025501e-01   4.9122807e-01   5.7894737e-01   1.6666667e-01
   1.3309914e-01   5.0877193e-01   5.9649123e-01   1.6666667e-01
   1.3166797e-01   5.0877193e-01   6.1403509e-01   1.6666667e-01
   1.2399167e-01   5.2631579e-01   6.1403509e-01   1.6666667e-01
   1.1488421e-01   5.4385965e-01   6.3157895e-01   1.6666667e-01
   1.0824876e-01   5.6140351e-01   6.3157895e-01   1.6666667e-01
   1.0018215e-01   5.7894737e-01   6.4912281e-01   1.6666667e-01
   9.5758522e-02   5.9649123e-01   6.4912281e-01   1.6666667e-01
   1.0304450e-01   5.9649123e-01   6.6666667e-01   1.6666667e-01
   1.0863908e-01   5.9649123e-01   6.6666667e-01   1.6666667e-01
   1.1384335e-01   5.9649123e-01   6.6666667e-01   1.6666667e-01
   1.1332292e-01   5.9649123e-01   6.6666667e-01   1.6666667e-01
   1.1007026e-01   5.9649123e-01   6.6666667e-01   1.6666667e-01
   1.0460578e-01   5.9649123e-01   6.6666667e-01   1.6666667e-01
   9.9791829e-02   5.9649123e-01   6.6666667e-01   1.6666667e-01
   9.7710122e-02   5.9649123e-01   6.6666667e-01   1.6666667e-01
   9.9011189e-02   5.7894737e-01   6.6666667e-01   1.6666667e-01
   8.9123081e-02   5.9649123e-01   6.4912281e-01   1.6666667e-01
   7.1038251e-02   5.9649123e-01   6.4912281e-01   1.6666667e-01
   4.6187874e-02   6.1403509e-01   6.3157895e-01   1.6666667e-01
   2.7842831e-02   6.1403509e-01   6.3157895e-01   0.0000000e+00
