   2.6300000e+02
   3.8685586e-02   5.4716981e-01   5.8490566e-01   1.6666667e-01
   1.1755041e-01   5.0943396e-01   6.0377358e-01   1.6666667e-01
   1.8700523e-01   5.0943396e-01   6.2264151e-01   1.6666667e-01
   2.2389843e-01   4.9056604e-01   6.2264151e-01   1.6666667e-01
   2.5123226e-01   4.9056604e-01   6.4150943e-01   1.6666667e-01
   2.7692308e-01   4.9056604e-01   6.4150943e-01   1.6666667e-01
   2.8872293e-01   4.9056604e-01   6.6037736e-01   1.6666667e-01
   2.8976848e-01   4.9056604e-01   6.6037736e-01   1.6666667e-01
   2.7453323e-01   4.9056604e-01   6.6037736e-01   1.6666667e-01
   2.4570575e-01   4.9056604e-01   6.7924528e-01   1.6666667e-01
   2.1523525e-01   4.9056604e-01   6.7924528e-01   1.6666667e-01
   1.8566094e-01   4.9056604e-01   6.7924528e-01   1.6666667e-01
   1.6235997e-01   4.9056604e-01   6.7924528e-01   3.3333333e-01
   1.4622853e-01   4.9056604e-01   6.7924528e-01   3.3333333e-01
   1.4682599e-01   4.9056604e-01   6.7924528e-01   3.3333333e-01
   1.6071695e-01   5.0943396e-01   6.7924528e-01   1.6666667e-01
   1.7893951e-01   5.0943396e-01   6.6037736e-01   1.6666667e-01
   2.9245706e-01   2.8301887e-01   6.6037736e-01   3.3333333e-01
   6.1717700e-01   3.7735849e-02   6.2264151e-01   1.6666667e-01
   8.9439881e-01   1.8867925e-02   6.2264151e-01   1.6666667e-01
   9.9865571e-01   1.8867925e-02   6.0377358e-01   1.6666667e-01
   1.0000000e+00   1.8867925e-02   6.0377358e-01   1.6666667e-01
   9.8790142e-01   1.8867925e-02   6.2264151e-01   1.6666667e-01
   9.6863331e-01   3.7735849e-02   6.2264151e-01   1.6666667e-01
   8.9992532e-01   3.7735849e-02   6.4150943e-01   1.6666667e-01
   7.8177745e-01   5.6603774e-02   6.4150943e-01   1.6666667e-01
   6.4436146e-01   9.4339623e-02   6.6037736e-01   1.6666667e-01
   4.9469754e-01   1.3207547e-01   6.6037736e-01   1.6666667e-01
   3.5429425e-01   3.0188679e-01   6.6037736e-01   1.6666667e-01
   2.1672890e-01   5.2830189e-01   6.7924528e-01   1.6666667e-01
   9.6041822e-02   6.2264151e-01   6.7924528e-01   1.6666667e-01
   4.3465273e-02   6.4150943e-01   6.7924528e-01   1.6666667e-01
   3.0321135e-02   6.6037736e-01   6.7924528e-01   1.6666667e-01
   2.5242718e-02   6.6037736e-01   6.9811321e-01   1.6666667e-01
   1.7475728e-02   6.7924528e-01   6.9811321e-01   1.6666667e-01
   1.5832711e-02   6.7924528e-01   6.9811321e-01   1.6666667e-01
   1.9417476e-02   6.6037736e-01   6.7924528e-01   1.6666667e-01
   2.2255414e-02   6.6037736e-01   6.7924528e-01   1.6666667e-01
   2.4645258e-02   6.6037736e-01   6.7924528e-01   1.6666667e-01
   2.3749066e-02   6.6037736e-01   6.7924528e-01   1.6666667e-01
   5.4219567e-02   0.0000000e+00   6.7924528e-01   3.3333333e-01
   7.3786408e-02   0.0000000e+00   3.7735849e-02   1.6666667e-01
   9.0365945e-02   0.0000000e+00   5.6603774e-02   1.6666667e-01
   1.2710978e-01   0.0000000e+00   5.8490566e-01   3.3333333e-01
   1.9432412e-01   0.0000000e+00   5.8490566e-01   3.3333333e-01
   2.4256908e-01   0.0000000e+00   6.0377358e-01   3.3333333e-01
   2.5735624e-01   1.8867925e-02   6.0377358e-01   3.3333333e-01
   2.3913368e-01   3.7735849e-02   6.2264151e-01   3.3333333e-01
   1.9955190e-01   4.7169811e-01   6.2264151e-01   1.6666667e-01
   1.4861837e-01   4.9056604e-01   6.2264151e-01   1.6666667e-01
   1.1351755e-01   5.2830189e-01   6.4150943e-01   1.6666667e-01
   8.3644511e-02   5.6603774e-01   6.4150943e-01   1.6666667e-01
   5.7356236e-02   5.8490566e-01   6.4150943e-01   1.6666667e-01
   4.5705751e-02   6.0377358e-01   6.6037736e-01   1.6666667e-01
   4.2867812e-02   6.2264151e-01   6.6037736e-01   1.6666667e-01
   4.5556385e-02   6.2264151e-01   6.6037736e-01   1.6666667e-01
   4.8842420e-02   6.2264151e-01   6.6037736e-01   1.6666667e-01
   5.4368932e-02   6.2264151e-01   6.7924528e-01   1.6666667e-01
   5.3771471e-02   6.2264151e-01   6.7924528e-01   1.6666667e-01
   5.1530993e-02   6.2264151e-01   6.6037736e-01   1.6666667e-01
   4.7946229e-02   6.2264151e-01   6.6037736e-01   1.6666667e-01
   4.8842420e-02   6.2264151e-01   6.6037736e-01   1.6666667e-01
   5.3174010e-02   6.2264151e-01   6.4150943e-01   1.6666667e-01
   5.0037341e-02   5.6603774e-01   5.8490566e-01   1.6666667e-01
   4.9439881e-02   5.4716981e-01   5.6603774e-01   1.6666667e-01
   5.1530993e-02   4.9056604e-01   5.6603774e-01   1.6666667e-01
   6.0492905e-02   4.9056604e-01   5.4716981e-01   1.6666667e-01
   6.8259895e-02   4.9056604e-01   5.2830189e-01   1.6666667e-01
   7.4533234e-02   4.7169811e-01   5.2830189e-01   1.6666667e-01
   8.5287528e-02   4.9056604e-01   5.4716981e-01   1.6666667e-01
   1.0619866e-01   4.9056604e-01   5.6603774e-01   1.6666667e-01
   1.2740851e-01   4.9056604e-01   5.8490566e-01   1.6666667e-01
   1.3681852e-01   4.9056604e-01   6.0377358e-01   1.6666667e-01
   1.3532487e-01   5.0943396e-01   6.2264151e-01   1.6666667e-01
   1.1934279e-01   5.0943396e-01   6.2264151e-01   1.6666667e-01
   1.0858850e-01   5.2830189e-01   6.4150943e-01   1.6666667e-01
   8.6631815e-02   5.4716981e-01   6.4150943e-01   1.6666667e-01
   6.7961165e-02   5.6603774e-01   6.4150943e-01   1.6666667e-01
   4.7348768e-02   6.0377358e-01   6.6037736e-01   1.6666667e-01
   2.8827483e-02   6.2264151e-01   6.6037736e-01   1.6666667e-01
   2.5242718e-02   6.4150943e-01   6.6037736e-01   1.6666667e-01
   2.2554145e-02   6.4150943e-01   6.6037736e-01   1.6666667e-01
   2.0164302e-02   6.4150943e-01   6.7924528e-01   1.6666667e-01
   2.8528753e-02   6.4150943e-01   6.7924528e-01   1.6666667e-01
   3.7640030e-02   6.2264151e-01   6.7924528e-01   1.6666667e-01
   7.4682599e-02   6.2264151e-01   6.6037736e-01   1.6666667e-01
   1.5235250e-01   4.7169811e-01   6.6037736e-01   1.6666667e-01
   2.0373413e-01   4.7169811e-01   6.6037736e-01   1.6666667e-01
   2.3345780e-01   4.7169811e-01   6.6037736e-01   1.6666667e-01
   2.3047050e-01   4.7169811e-01   6.6037736e-01   1.6666667e-01
   2.2016430e-01   5.0943396e-01   6.6037736e-01   1.6666667e-01
   2.0866318e-01   5.2830189e-01   6.4150943e-01   1.6666667e-01
   1.9775952e-01   5.2830189e-01   6.4150943e-01   1.6666667e-01
   1.9566841e-01   4.3396226e-01   6.6037736e-01   3.3333333e-01
   1.8043316e-01   5.0943396e-01   6.6037736e-01   1.6666667e-01
   1.6131441e-01   5.0943396e-01   6.6037736e-01   1.6666667e-01
   1.3651979e-01   5.0943396e-01   6.7924528e-01   1.6666667e-01
   1.0082151e-01   5.2830189e-01   6.7924528e-01   3.3333333e-01
   7.3338312e-02   6.4150943e-01   6.7924528e-01   1.6666667e-01
   4.6303211e-02   6.4150943e-01   6.9811321e-01   1.6666667e-01
   5.0933532e-02   6.6037736e-01   6.9811321e-01   1.6666667e-01
   5.0784167e-02   6.6037736e-01   6.9811321e-01   1.6666667e-01
   5.3622106e-02   6.6037736e-01   6.9811321e-01   1.6666667e-01
   5.0037341e-02   6.6037736e-01   6.9811321e-01   1.6666667e-01
   4.3166542e-02   6.6037736e-01   6.9811321e-01   1.6666667e-01
   3.4652726e-02   6.6037736e-01   6.9811321e-01   1.6666667e-01
   2.5093353e-02   6.6037736e-01   6.6037736e-01   1.6666667e-01
   1.2696042e-02   6.1635220e-01   6.1635220e-01   0.0000000e+00
   3.7341299e-03   5.7232704e-01   5.7232704e-01   0.0000000e+00
   2.3749066e-02   5.2830189e-01   5.2830189e-01   1.6666667e-01
   1.1381628e-01   4.7169811e-01   5.8490566e-01   1.6666667e-01
   2.0941001e-01   4.7169811e-01   6.0377358e-01   1.6666667e-01
   2.6198656e-01   4.5283019e-01   6.2264151e-01   1.6666667e-01
   2.9410007e-01   4.5283019e-01   6.2264151e-01   1.6666667e-01
   3.1456311e-01   4.5283019e-01   6.4150943e-01   1.6666667e-01
   3.2188200e-01   4.5283019e-01   6.4150943e-01   1.6666667e-01
   3.1292009e-01   4.5283019e-01   6.4150943e-01   1.6666667e-01
   2.9559373e-01   4.5283019e-01   6.6037736e-01   1.6666667e-01
   2.6825990e-01   4.5283019e-01   6.6037736e-01   1.6666667e-01
   2.4480956e-01   4.5283019e-01   6.6037736e-01   1.6666667e-01
   2.2270351e-01   4.7169811e-01   6.6037736e-01   3.3333333e-01
   1.8954444e-01   4.7169811e-01   6.7924528e-01   3.3333333e-01
   1.5265123e-01   4.9056604e-01   6.7924528e-01   3.3333333e-01
   1.1784914e-01   4.9056604e-01   6.7924528e-01   3.3333333e-01
   1.0126960e-01   5.0943396e-01   6.7924528e-01   3.3333333e-01
   7.4831964e-02   5.4716981e-01   6.7924528e-01   3.3333333e-01
   5.2576550e-02   6.6037736e-01   6.7924528e-01   1.6666667e-01
   3.2262883e-02   6.4150943e-01   6.7924528e-01   1.6666667e-01
   3.9432412e-02   6.4150943e-01   6.7924528e-01   1.6666667e-01
   3.6893204e-02   6.4150943e-01   6.7924528e-01   1.6666667e-01
   3.1964152e-02   6.4150943e-01   6.7924528e-01   1.6666667e-01
   2.4346527e-02   6.4150943e-01   6.6037736e-01   1.6666667e-01
   1.9566841e-02   6.4150943e-01   6.6037736e-01   1.6666667e-01
   8.2150859e-03   6.6037736e-01   6.6037736e-01   1.6666667e-01
   0.0000000e+00   5.3459119e-01   5.3459119e-01   0.0000000e+00
   9.8581031e-03   4.0880503e-01   4.0880503e-01   0.0000000e+00
   2.6288275e-02   2.8301887e-01   2.8301887e-01   1.6666667e-01
   6.4525765e-02   2.8301887e-01   6.2264151e-01   3.3333333e-01
   1.7147125e-01   2.6415094e-01   6.2264151e-01   3.3333333e-01
   4.3271098e-01   1.6981132e-01   6.2264151e-01   6.6666667e-01
   7.2397311e-01   3.7735849e-02   5.8490566e-01   1.6666667e-01
   9.0246453e-01   3.7735849e-02   5.8490566e-01   1.6666667e-01
   9.6071695e-01   1.8867925e-02   6.0377358e-01   1.6666667e-01
   9.6758775e-01   1.8867925e-02   6.0377358e-01   1.6666667e-01
   9.6101568e-01   1.8867925e-02   6.0377358e-01   1.6666667e-01
   9.0126960e-01   3.7735849e-02   6.2264151e-01   1.6666667e-01
   7.7580284e-01   3.7735849e-02   6.2264151e-01   1.6666667e-01
   6.6109037e-01   5.6603774e-02   6.2264151e-01   1.6666667e-01
   5.5056012e-01   7.5471698e-02   6.4150943e-01   1.6666667e-01
   4.2106049e-01   1.1320755e-01   6.4150943e-01   1.6666667e-01
   3.0709485e-01   2.4528302e-01   6.4150943e-01   3.3333333e-01
   1.6758775e-01   2.4528302e-01   6.4150943e-01   3.3333333e-01
   1.2830471e-01   2.6415094e-01   6.4150943e-01   3.3333333e-01
   1.0649739e-01   2.6415094e-01   6.4150943e-01   3.3333333e-01
   8.6333084e-02   2.6415094e-01   6.4150943e-01   3.3333333e-01
   6.9604182e-02   6.0377358e-01   6.4150943e-01   1.6666667e-01
   5.9596714e-02   5.8490566e-01   6.4150943e-01   1.6666667e-01
   4.6601942e-02   5.8490566e-01   6.2264151e-01   1.6666667e-01
   4.5556385e-02   5.6603774e-01   6.2264151e-01   1.6666667e-01
   6.8409261e-02   5.4716981e-01   6.2264151e-01   1.6666667e-01
   1.3950709e-01   4.9056604e-01   6.2264151e-01   1.6666667e-01
   2.1956684e-01   4.5283019e-01   6.0377358e-01   1.6666667e-01
   2.9066468e-01   4.1509434e-01   6.0377358e-01   1.6666667e-01
   3.5638536e-01   3.7735849e-02   6.0377358e-01   3.3333333e-01
   3.9850635e-01   1.8867925e-02   6.0377358e-01   3.3333333e-01
   4.1971621e-01   1.8867925e-02   6.0377358e-01   3.3333333e-01
   4.2106049e-01   1.8867925e-02   6.0377358e-01   3.3333333e-01
   3.7236744e-01   3.7735849e-02   6.2264151e-01   3.3333333e-01
   3.0664675e-01   3.7735849e-02   6.2264151e-01   3.3333333e-01
   2.5959671e-01   5.6603774e-02   6.2264151e-01   3.3333333e-01
   2.0582524e-01   7.5471698e-02   6.4150943e-01   3.3333333e-01
   1.5130695e-01   9.4339623e-02   6.4150943e-01   5.0000000e-01
   1.1486184e-01   5.8490566e-01   6.4150943e-01   1.6666667e-01
   8.1404033e-02   5.8490566e-01   6.4150943e-01   1.6666667e-01
   8.1254668e-02   5.8490566e-01   6.4150943e-01   1.6666667e-01
   8.1105302e-02   5.8490566e-01   6.4150943e-01   1.6666667e-01
   8.0806572e-02   5.8490566e-01   6.6037736e-01   1.6666667e-01
   8.8722928e-02   5.8490566e-01   6.6037736e-01   1.6666667e-01
   9.2158327e-02   5.6603774e-01   6.6037736e-01   1.6666667e-01
   9.4846901e-02   5.6603774e-01   6.6037736e-01   1.6666667e-01
   1.0067214e-01   5.6603774e-01   6.4150943e-01   1.6666667e-01
   9.6041822e-02   5.4716981e-01   6.4150943e-01   1.6666667e-01
   8.7079910e-02   5.4716981e-01   6.2264151e-01   1.6666667e-01
   8.5884989e-02   5.4716981e-01   6.2264151e-01   1.6666667e-01
   8.0657207e-02   5.4716981e-01   6.2264151e-01   1.6666667e-01
   8.8125467e-02   5.0943396e-01   6.0377358e-01   1.6666667e-01
   1.0724421e-01   5.0943396e-01   6.0377358e-01   1.6666667e-01
   1.3592233e-01   4.9056604e-01   6.0377358e-01   1.6666667e-01
   1.6489918e-01   4.7169811e-01   5.8490566e-01   1.6666667e-01
   2.0209111e-01   4.5283019e-01   5.8490566e-01   1.6666667e-01
   2.4316654e-01   4.5283019e-01   6.0377358e-01   1.6666667e-01
   2.6930545e-01   4.3396226e-01   6.0377358e-01   1.6666667e-01
   2.8230022e-01   4.3396226e-01   6.2264151e-01   1.6666667e-01
   2.7781927e-01   4.3396226e-01   6.2264151e-01   1.6666667e-01
   2.6975355e-01   4.3396226e-01   6.2264151e-01   1.6666667e-01
   2.6706497e-01   4.3396226e-01   6.4150943e-01   1.6666667e-01
   2.5511576e-01   4.5283019e-01   6.4150943e-01   1.6666667e-01
   2.3614638e-01   4.5283019e-01   6.4150943e-01   1.6666667e-01
   2.0881255e-01   4.5283019e-01   6.4150943e-01   1.6666667e-01
   1.8267364e-01   4.5283019e-01   6.4150943e-01   1.6666667e-01
   1.5130695e-01   4.7169811e-01   6.2264151e-01   1.6666667e-01
   1.2068708e-01   4.7169811e-01   5.8490566e-01   1.6666667e-01
   8.9917849e-02   4.7169811e-01   5.4716981e-01   1.6666667e-01
   5.8252427e-02   4.7169811e-01   5.2830189e-01   1.6666667e-01
   4.2867812e-02   4.7169811e-01   5.0943396e-01   1.6666667e-01
   3.1217326e-02   4.7169811e-01   4.9056604e-01   1.6666667e-01
   2.8678118e-02   4.5283019e-01   4.9056604e-01   1.6666667e-01
   3.2412248e-02   4.3396226e-01   4.7169811e-01   1.6666667e-01
   4.5556385e-02   4.3396226e-01   4.7169811e-01   1.6666667e-01
   6.5870052e-02   4.3396226e-01   4.7169811e-01   1.6666667e-01
   9.7834205e-02   4.3396226e-01   4.9056604e-01   1.6666667e-01
   1.5802838e-01   4.3396226e-01   5.4716981e-01   1.6666667e-01
   2.3868559e-01   4.3396226e-01   6.2264151e-01   1.6666667e-01
   2.9604182e-01   4.3396226e-01   6.4150943e-01   1.6666667e-01
   3.1784914e-01   4.5283019e-01   6.4150943e-01   1.6666667e-01
   3.1545930e-01   4.5283019e-01   6.4150943e-01   1.6666667e-01
   2.9917849e-01   4.7169811e-01   6.6037736e-01   1.6666667e-01
   2.8185213e-01   4.7169811e-01   6.6037736e-01   1.6666667e-01
   2.5511576e-01   4.9056604e-01   6.6037736e-01   1.6666667e-01
   2.2987304e-01   4.9056604e-01   6.6037736e-01   1.6666667e-01
   2.0567588e-01   4.9056604e-01   6.6037736e-01   1.6666667e-01
   1.8461538e-01   4.7169811e-01   6.4150943e-01   1.6666667e-01
   1.8043316e-01   4.5283019e-01   6.2264151e-01   1.6666667e-01
   1.7714712e-01   4.5283019e-01   5.8490566e-01   1.6666667e-01
   1.6923077e-01   4.3396226e-01   5.6603774e-01   1.6666667e-01
   1.6176251e-01   4.3396226e-01   5.4716981e-01   1.6666667e-01
   1.5369679e-01   4.3396226e-01   5.4716981e-01   1.6666667e-01
   1.4787155e-01   4.5283019e-01   5.4716981e-01   1.6666667e-01
   1.4189694e-01   4.5283019e-01   5.4716981e-01   1.6666667e-01
   1.1874533e-01   4.7169811e-01   5.6603774e-01   1.6666667e-01
   9.3054518e-02   4.7169811e-01   5.6603774e-01   1.6666667e-01
   8.0955937e-02   4.9056604e-01   5.8490566e-01   1.6666667e-01
   6.2135922e-02   5.2830189e-01   5.8490566e-01   1.6666667e-01
   5.0037341e-02   5.4716981e-01   5.8490566e-01   1.6666667e-01
   3.8237491e-02   5.6603774e-01   6.0377358e-01   1.6666667e-01
   3.9880508e-02   5.6603774e-01   6.0377358e-01   1.6666667e-01
   4.2867812e-02   5.6603774e-01   6.0377358e-01   1.6666667e-01
   4.7498133e-02   5.6603774e-01   6.0377358e-01   1.6666667e-01
   5.3472741e-02   5.6603774e-01   6.0377358e-01   1.6666667e-01
   5.2427184e-02   5.6603774e-01   6.0377358e-01   1.6666667e-01
   5.1232263e-02   5.6603774e-01   6.0377358e-01   1.6666667e-01
   6.0194175e-02   5.6603774e-01   6.0377358e-01   1.6666667e-01
   1.1710232e-01   3.7735849e-01   6.0377358e-01   3.3333333e-01
   2.0343540e-01   3.7735849e-01   5.8490566e-01   3.3333333e-01
   2.5451830e-01   3.7735849e-01   5.4716981e-01   1.6666667e-01
   2.5541449e-01   3.7735849e-01   5.4716981e-01   1.6666667e-01
   2.3988051e-01   3.7735849e-01   5.4716981e-01   1.6666667e-01
   2.2061240e-01   3.9622642e-01   5.4716981e-01   1.6666667e-01
   1.9641524e-01   4.1509434e-01   5.4716981e-01   1.6666667e-01
   1.9402539e-01   4.3396226e-01   5.4716981e-01   1.6666667e-01
   2.3958178e-01   4.5283019e-01   7.5471698e-01   3.3333333e-01
   3.1008215e-01   4.7169811e-01   7.7358491e-01   3.3333333e-01
   3.9014190e-01   4.9056604e-01   7.7358491e-01   1.6666667e-01
   4.2539208e-01   5.0943396e-01   7.7358491e-01   1.6666667e-01
   4.1508588e-01   5.2830189e-01   7.9245283e-01   1.6666667e-01
   3.7953697e-01   5.2830189e-01   7.9245283e-01   1.6666667e-01
   3.4055265e-01   5.4716981e-01   7.9245283e-01   1.6666667e-01
   2.8185213e-01   5.6603774e-01   7.9245283e-01   1.6666667e-01
   2.1911875e-01   5.8490566e-01   7.7358491e-01   1.6666667e-01
   1.6579537e-01   6.0377358e-01   7.5471698e-01   1.6666667e-01
   1.1605676e-01   6.4150943e-01   7.3584906e-01   1.6666667e-01
   7.3188947e-02   6.7924528e-01   7.3584906e-01   1.6666667e-01
   3.4802091e-02   6.7924528e-01   7.3584906e-01   0.0000000e+00
