   1.5300000e+02
   7.6837209e-02   5.6521739e-01   5.9420290e-01   1.6666667e-01
   2.1469767e-01   5.2173913e-01   6.0869565e-01   1.6666667e-01
   3.6725581e-01   4.7826087e-01   6.3768116e-01   1.6666667e-01
   4.7609302e-01   4.6376812e-01   6.5217391e-01   1.6666667e-01
   5.1032558e-01   4.6376812e-01   6.6666667e-01   1.6666667e-01
   4.7311628e-01   4.6376812e-01   6.6666667e-01   1.6666667e-01
   4.1860465e-01   4.7826087e-01   6.8115942e-01   1.6666667e-01
   3.6465116e-01   4.7826087e-01   6.8115942e-01   1.6666667e-01
   2.8948837e-01   4.9275362e-01   6.8115942e-01   1.6666667e-01
   2.1972093e-01   5.2173913e-01   6.9565217e-01   3.3333333e-01
   1.1255814e-01   6.5217391e-01   6.9565217e-01   1.6666667e-01
   6.5674419e-02   6.6666667e-01   6.9565217e-01   1.6666667e-01
   4.3720930e-02   6.6666667e-01   6.9565217e-01   1.6666667e-01
   3.2930233e-02   6.5217391e-01   6.8115942e-01   0.0000000e+00
   1.1906977e-02   6.3768116e-01   6.6666667e-01   0.0000000e+00
   2.7906977e-03   6.2318841e-01   6.5217391e-01   0.0000000e+00
   2.6046512e-03   6.0869565e-01   6.3768116e-01   0.0000000e+00
   2.6046512e-03   5.9420290e-01   6.2318841e-01   0.0000000e+00
   2.6046512e-03   5.7971014e-01   6.0869565e-01   0.0000000e+00
   2.6046512e-03   5.6521739e-01   5.9420290e-01   0.0000000e+00
   2.6046512e-03   5.5072464e-01   5.7971014e-01   0.0000000e+00
   1.3023256e-03   5.3623188e-01   5.6521739e-01   0.0000000e+00
   1.5255814e-02   5.2173913e-01   5.5072464e-01   0.0000000e+00
   4.3720930e-02   5.0724638e-01   5.3623188e-01   1.6666667e-01
   7.8325581e-02   5.0724638e-01   5.5072464e-01   1.6666667e-01
   1.0511628e-01   5.0724638e-01   5.6521739e-01   1.6666667e-01
   1.2000000e-01   5.2173913e-01   5.6521739e-01   1.6666667e-01
   1.1981395e-01   5.2173913e-01   5.7971014e-01   1.6666667e-01
   1.0511628e-01   5.3623188e-01   5.9420290e-01   1.6666667e-01
   9.1720930e-02   5.5072464e-01   5.9420290e-01   1.6666667e-01
   8.2418605e-02   5.6521739e-01   5.9420290e-01   1.6666667e-01
   6.1767442e-02   5.7971014e-01   6.0869565e-01   1.6666667e-01
   3.2744186e-02   5.9420290e-01   6.0869565e-01   1.6666667e-01
   1.5069767e-02   5.9170415e-01   6.0669665e-01   0.0000000e+00
   3.5348837e-03   5.8920540e-01   6.0469765e-01   0.0000000e+00
   2.4186047e-03   5.8670665e-01   6.0269865e-01   0.0000000e+00
   2.6046512e-03   5.8420790e-01   6.0069965e-01   0.0000000e+00
   2.6046512e-03   5.8170915e-01   5.9870065e-01   0.0000000e+00
   2.6046512e-03   5.7921039e-01   5.9670165e-01   0.0000000e+00
   2.6046512e-03   5.7671164e-01   5.9470265e-01   0.0000000e+00
   2.6046512e-03   5.7421289e-01   5.9270365e-01   0.0000000e+00
   2.6046512e-03   5.7171414e-01   5.9070465e-01   0.0000000e+00
   2.6046512e-03   5.6921539e-01   5.8870565e-01   0.0000000e+00
   2.6046512e-03   5.6671664e-01   5.8670665e-01   0.0000000e+00
   2.6046512e-03   5.6421789e-01   5.8470765e-01   0.0000000e+00
   2.6046512e-03   5.6171914e-01   5.8270865e-01   0.0000000e+00
   2.6046512e-03   5.5922039e-01   5.8070965e-01   0.0000000e+00
   2.6046512e-03   5.5672164e-01   5.7871064e-01   0.0000000e+00
   2.6046512e-03   5.5422289e-01   5.7671164e-01   0.0000000e+00
   2.6046512e-03   5.5172414e-01   5.7471264e-01   0.0000000e+00
   2.6046512e-03   5.4922539e-01   5.7271364e-01   0.0000000e+00
   2.6046512e-03   5.4672664e-01   5.7071464e-01   0.0000000e+00
   2.6046512e-03   5.4422789e-01   5.6871564e-01   0.0000000e+00
   2.6046512e-03   5.4172914e-01   5.6671664e-01   0.0000000e+00
   2.6046512e-03   5.3923038e-01   5.6471764e-01   0.0000000e+00
   2.6046512e-03   5.3673163e-01   5.6271864e-01   0.0000000e+00
   2.6046512e-03   5.3423288e-01   5.6071964e-01   0.0000000e+00
   2.6046512e-03   5.3173413e-01   5.5872064e-01   0.0000000e+00
   2.6046512e-03   5.2923538e-01   5.5672164e-01   0.0000000e+00
   0.0000000e+00   5.2673663e-01   5.5472264e-01   0.0000000e+00
   2.7348837e-02   5.2423788e-01   5.5272364e-01   0.0000000e+00
   7.1069767e-02   5.2173913e-01   5.5072464e-01   1.6666667e-01
   1.2967442e-01   5.0724638e-01   5.6521739e-01   1.6666667e-01
   1.7041860e-01   4.9275362e-01   5.6521739e-01   1.6666667e-01
   1.8120930e-01   4.9275362e-01   5.7971014e-01   1.6666667e-01
   1.8474419e-01   5.0724638e-01   5.9420290e-01   1.6666667e-01
   1.7711628e-01   5.0724638e-01   5.9420290e-01   1.6666667e-01
   1.5832558e-01   5.2173913e-01   6.0869565e-01   1.6666667e-01
   1.4400000e-01   5.3623188e-01   6.2318841e-01   1.6666667e-01
   1.2186047e-01   5.6521739e-01   6.2318841e-01   1.6666667e-01
   9.8418605e-02   5.7971014e-01   6.2318841e-01   1.6666667e-01
   7.7953488e-02   5.9420290e-01   6.3768116e-01   1.6666667e-01
   6.1023256e-02   6.0869565e-01   6.3768116e-01   1.6666667e-01
   5.4511628e-02   6.0869565e-01   6.3768116e-01   1.6666667e-01
   4.8744186e-02   6.2318841e-01   6.3768116e-01   1.6666667e-01
   4.4279070e-02   6.2318841e-01   6.3768116e-01   1.6666667e-01
   3.9813953e-02   6.3768116e-01   6.5217391e-01   1.6666667e-01
   2.7348837e-02   6.3768116e-01   6.3768116e-01   1.6666667e-01
   2.2139535e-02   6.2939959e-01   6.3077985e-01   0.0000000e+00
   3.7209302e-03   6.2111801e-01   6.2387854e-01   0.0000000e+00
   2.6046512e-03   6.1283644e-01   6.1697723e-01   0.0000000e+00
   2.6046512e-03   6.0455487e-01   6.1007591e-01   0.0000000e+00
   2.6046512e-03   5.9627329e-01   6.0317460e-01   0.0000000e+00
   2.6046512e-03   5.8799172e-01   5.9627329e-01   0.0000000e+00
   2.6046512e-03   5.7971014e-01   5.8937198e-01   0.0000000e+00
   2.6046512e-03   5.7142857e-01   5.8247067e-01   0.0000000e+00
   2.6046512e-03   5.6314700e-01   5.7556936e-01   0.0000000e+00
   2.6046512e-03   5.5486542e-01   5.6866805e-01   0.0000000e+00
   2.6046512e-03   5.4658385e-01   5.6176674e-01   0.0000000e+00
   2.6046512e-03   5.3830228e-01   5.5486542e-01   0.0000000e+00
   2.0465116e-03   5.3002070e-01   5.4796411e-01   0.0000000e+00
   9.6744186e-03   5.2173913e-01   5.4106280e-01   0.0000000e+00
   1.1720930e-02   5.1345756e-01   5.3416149e-01   0.0000000e+00
   3.5348837e-03   5.0517598e-01   5.2726018e-01   0.0000000e+00
   2.4186047e-03   4.9689441e-01   5.2035887e-01   0.0000000e+00
   2.6046512e-03   4.8861284e-01   5.1345756e-01   0.0000000e+00
   3.7209302e-04   4.8033126e-01   5.0655625e-01   0.0000000e+00
   1.8790698e-02   4.7204969e-01   4.9965493e-01   0.0000000e+00
   8.0000000e-02   4.6376812e-01   4.9275362e-01   1.6666667e-01
   1.8511628e-01   4.4927536e-01   5.2173913e-01   1.6666667e-01
   3.5293023e-01   3.9130435e-01   5.5072464e-01   1.6666667e-01
   5.6000000e-01   3.0434783e-01   5.7971014e-01   3.3333333e-01
   7.1627907e-01   2.8985507e-01   5.9420290e-01   1.6666667e-01
   7.8213953e-01   2.8985507e-01   6.0869565e-01   1.6666667e-01
   7.9051163e-01   2.8985507e-01   6.2318841e-01   1.6666667e-01
   7.4251163e-01   2.8985507e-01   6.2318841e-01   1.6666667e-01
   6.6846512e-01   3.1884058e-01   6.3768116e-01   1.6666667e-01
   6.2679070e-01   2.8985507e-02   6.3768116e-01   3.3333333e-01
   6.1134884e-01   1.4492754e-02   6.5217391e-01   3.3333333e-01
   5.5200000e-01   1.4492754e-02   6.5217391e-01   5.0000000e-01
   4.7776744e-01   1.4492754e-02   6.5217391e-01   3.3333333e-01
   4.3144186e-01   0.0000000e+00   6.6666667e-01   5.0000000e-01
   4.3534884e-01   1.4492754e-02   6.6666667e-01   5.0000000e-01
   4.0948837e-01   1.4492754e-02   6.6666667e-01   5.0000000e-01
   3.5274419e-01   1.4492754e-02   6.6666667e-01   5.0000000e-01
   2.5655814e-01   2.8985507e-02   6.6666667e-01   3.3333333e-01
   1.8027907e-01   4.3478261e-02   6.6666667e-01   3.3333333e-01
   1.2204651e-01   5.7971014e-02   1.1594203e-01   1.6666667e-01
   6.3627907e-02   7.4534161e-02   1.4596273e-01   0.0000000e+00
   9.1162791e-03   9.1097308e-02   1.7598344e-01   0.0000000e+00
   3.1627907e-03   1.0766046e-01   2.0600414e-01   0.0000000e+00
   2.6046512e-03   1.2422360e-01   2.3602484e-01   0.0000000e+00
   2.6046512e-03   1.4078675e-01   2.6604555e-01   0.0000000e+00
   2.6046512e-03   1.5734990e-01   2.9606625e-01   0.0000000e+00
   3.3488372e-03   1.7391304e-01   3.2608696e-01   0.0000000e+00
   4.0930233e-03   1.9047619e-01   3.5610766e-01   0.0000000e+00
   4.8372093e-03   2.0703934e-01   3.8612836e-01   0.0000000e+00
   5.5813953e-03   2.2360248e-01   4.1614907e-01   0.0000000e+00
   6.3255814e-03   2.4016563e-01   4.4616977e-01   0.0000000e+00
   4.8372093e-03   2.5672878e-01   4.7619048e-01   0.0000000e+00
   8.7441860e-03   2.7329193e-01   5.0621118e-01   0.0000000e+00
   2.0279070e-01   2.8985507e-01   5.3623188e-01   5.0000000e-01
   5.5162791e-01   2.6086957e-01   5.5072464e-01   1.6666667e-01
   8.2120930e-01   2.6086957e-01   5.7971014e-01   1.6666667e-01
   9.5200000e-01   2.4637681e-01   5.9420290e-01   1.6666667e-01
   9.9144186e-01   2.1739130e-01   6.0869565e-01   1.6666667e-01
   1.0000000e+00   2.0289855e-01   6.0869565e-01   1.6666667e-01
   9.7990698e-01   2.1739130e-01   6.2318841e-01   1.6666667e-01
   8.9209302e-01   2.4637681e-01   6.3768116e-01   1.6666667e-01
   7.4958140e-01   3.0434783e-01   6.5217391e-01   1.6666667e-01
   6.0651163e-01   3.4782609e-01   6.5217391e-01   1.6666667e-01
   5.0418605e-01   3.6231884e-01   6.6666667e-01   1.6666667e-01
   3.9739535e-01   3.7681159e-01   6.6666667e-01   1.6666667e-01
   2.5804651e-01   4.3478261e-01   6.6666667e-01   3.3333333e-01
   1.4195349e-01   6.2318841e-01   6.6666667e-01   1.6666667e-01
   9.7116279e-02   6.3768116e-01   6.8115942e-01   1.6666667e-01
   8.2976744e-02   6.5217391e-01   6.8115942e-01   1.6666667e-01
   6.7348837e-02   6.5217391e-01   6.8115942e-01   1.6666667e-01
   6.1581395e-02   6.6666667e-01   6.8115942e-01   1.6666667e-01
   5.0418605e-02   6.6666667e-01   6.8115942e-01   1.6666667e-01
   4.7813953e-02   6.6666667e-01   6.8115942e-01   1.6666667e-01
   5.3581395e-02   6.6666667e-01   6.8115942e-01   0.0000000e+00
   4.2604651e-02   6.6666667e-01   6.8115942e-01   0.0000000e+00
