   4.1000000e+02
   4.5543736e-02   5.9829060e-01   5.9829060e-01   1.6666667e-01
   9.2016937e-02   5.5555556e-01   6.0683761e-01   1.6666667e-01
   1.3043478e-01   5.4700855e-01   6.1538462e-01   1.6666667e-01
   1.5408448e-01   5.4700855e-01   6.2393162e-01   1.6666667e-01
   1.6141692e-01   5.3846154e-01   6.3247863e-01   1.6666667e-01
   1.5522049e-01   5.3846154e-01   6.3247863e-01   1.6666667e-01
   1.4220799e-01   5.3846154e-01   6.4102564e-01   3.3333333e-01
   1.2165651e-01   5.3846154e-01   6.4102564e-01   3.3333333e-01
   1.1039967e-01   5.3846154e-01   6.4957265e-01   3.3333333e-01
   1.0647527e-01   5.3846154e-01   6.4957265e-01   3.3333333e-01
   1.0843747e-01   5.3846154e-01   6.4957265e-01   3.3333333e-01
   1.0637199e-01   5.3846154e-01   6.5811966e-01   3.3333333e-01
   1.0317051e-01   5.3846154e-01   6.5811966e-01   3.3333333e-01
   1.0141485e-01   5.3846154e-01   6.5811966e-01   3.3333333e-01
   1.0172467e-01   5.3846154e-01   6.6666667e-01   3.3333333e-01
   9.7180626e-02   5.4700855e-01   6.6666667e-01   3.3333333e-01
   9.2946401e-02   5.4700855e-01   6.6666667e-01   3.3333333e-01
   9.3772591e-02   5.5555556e-01   6.6666667e-01   3.3333333e-01
   9.0054735e-02   5.5555556e-01   6.6666667e-01   3.3333333e-01
   9.1397294e-02   5.6410256e-01   6.6666667e-01   3.3333333e-01
   7.7145513e-02   5.7264957e-01   6.6666667e-01   3.3333333e-01
   6.3513374e-02   6.4957265e-01   6.6666667e-01   1.6666667e-01
   5.5458019e-02   6.4102564e-01   6.6666667e-01   1.6666667e-01
   5.8556233e-02   6.4102564e-01   6.6666667e-01   1.6666667e-01
   5.5561293e-02   6.4102564e-01   6.6666667e-01   1.6666667e-01
   5.1843437e-02   6.4102564e-01   6.5811966e-01   1.6666667e-01
   4.9468140e-02   6.4102564e-01   6.5811966e-01   1.6666667e-01
   4.3581535e-02   6.3247863e-01   6.5811966e-01   1.6666667e-01
   4.1722607e-02   6.3247863e-01   6.4957265e-01   1.6666667e-01
   4.0380048e-02   6.3247863e-01   6.4957265e-01   1.6666667e-01
   3.6765465e-02   6.2393162e-01   6.4102564e-01   1.6666667e-01
   3.7591655e-02   6.2393162e-01   6.4102564e-01   1.6666667e-01
   4.1516059e-02   6.1538462e-01   6.3247863e-01   1.6666667e-01
   7.0226170e-02   5.9829060e-01   6.3247863e-01   1.6666667e-01
   1.0761128e-01   5.8119658e-01   6.3247863e-01   1.6666667e-01
   1.4303418e-01   5.7264957e-01   6.3247863e-01   1.6666667e-01
   1.6771662e-01   5.7264957e-01   6.3247863e-01   1.6666667e-01
   1.8888774e-01   5.6410256e-01   6.4102564e-01   1.6666667e-01
   2.0551482e-01   5.6410256e-01   6.4102564e-01   1.6666667e-01
   2.1418982e-01   5.5555556e-01   6.4102564e-01   1.6666667e-01
   2.2141898e-01   5.4700855e-01   6.4957265e-01   1.6666667e-01
   2.1480946e-01   5.4700855e-01   6.4957265e-01   1.6666667e-01
   2.0334607e-01   5.4700855e-01   6.5811966e-01   3.3333333e-01
   1.8620262e-01   5.4700855e-01   6.5811966e-01   3.3333333e-01
   1.7112465e-01   5.4700855e-01   6.6666667e-01   3.3333333e-01
   1.5573686e-01   5.4700855e-01   6.6666667e-01   3.3333333e-01
   1.4365383e-01   5.5555556e-01   6.6666667e-01   3.3333333e-01
   1.2392853e-01   5.5555556e-01   6.7521368e-01   3.3333333e-01
   1.0471961e-01   5.6410256e-01   6.7521368e-01   3.3333333e-01
   8.3651761e-02   5.6410256e-01   6.7521368e-01   3.3333333e-01
   7.2601466e-02   5.7264957e-01   6.7521368e-01   3.3333333e-01
   5.4735103e-02   5.8119658e-01   6.7521368e-01   3.3333333e-01
   4.0999690e-02   6.6666667e-01   6.7521368e-01   1.6666667e-01
   3.2944335e-02   6.6666667e-01   6.7521368e-01   1.6666667e-01
   3.3150883e-02   6.6666667e-01   6.7521368e-01   1.6666667e-01
   3.2634514e-02   6.6666667e-01   6.7521368e-01   1.6666667e-01
   3.2118145e-02   6.6666667e-01   6.7521368e-01   1.6666667e-01
   3.2531240e-02   6.6666667e-01   6.7521368e-01   1.6666667e-01
   3.3047609e-02   6.6666667e-01   6.8376068e-01   1.6666667e-01
   3.0982134e-02   6.6666667e-01   6.7521368e-01   1.6666667e-01
   2.7264278e-02   6.6666667e-01   6.7521368e-01   1.6666667e-01
   2.2513684e-02   6.6666667e-01   6.6666667e-01   1.6666667e-01
   1.9312197e-02   6.6666667e-01   6.6666667e-01   1.6666667e-01
   2.0654756e-02   6.6666667e-01   6.6666667e-01   1.6666667e-01
   2.0344934e-02   6.4957265e-01   6.5811966e-01   1.6666667e-01
   2.6231540e-02   6.4957265e-01   6.5811966e-01   1.6666667e-01
   2.7574099e-02   6.4957265e-01   6.5811966e-01   1.6666667e-01
   2.7987194e-02   6.4102564e-01   6.5811966e-01   1.6666667e-01
   2.6644635e-02   6.4102564e-01   6.5811966e-01   1.6666667e-01
   2.4166064e-02   6.4102564e-01   6.4957265e-01   1.6666667e-01
   1.9312197e-02   6.4102564e-01   6.4102564e-01   1.6666667e-01
   1.2599401e-02   6.3403263e-01   6.3791764e-01   0.0000000e+00
   9.3979139e-03   6.2703963e-01   6.3480963e-01   0.0000000e+00
   1.0533925e-02   6.2004662e-01   6.3170163e-01   0.0000000e+00
   8.7782712e-03   6.1305361e-01   6.2859363e-01   0.0000000e+00
   3.6145823e-03   6.0606061e-01   6.2548563e-01   0.0000000e+00
   8.2619023e-04   5.9906760e-01   6.2237762e-01   0.0000000e+00
   1.1360116e-03   5.9207459e-01   6.1926962e-01   0.0000000e+00
   1.0327378e-03   5.8508159e-01   6.1616162e-01   0.0000000e+00
   5.1636889e-04   5.7808858e-01   6.1305361e-01   0.0000000e+00
   1.5800888e-02   5.7109557e-01   6.0994561e-01   0.0000000e+00
   8.3961582e-02   5.6410256e-01   6.0683761e-01   1.6666667e-01
   1.6792316e-01   5.5555556e-01   6.3247863e-01   1.6666667e-01
   2.3288237e-01   5.4700855e-01   6.4102564e-01   1.6666667e-01
   2.6551689e-01   5.4700855e-01   6.4957265e-01   1.6666667e-01
   2.7233295e-01   5.4700855e-01   6.5811966e-01   1.6666667e-01
   2.7284932e-01   5.4700855e-01   6.5811966e-01   1.6666667e-01
   2.6882165e-01   5.4700855e-01   6.6666667e-01   1.6666667e-01
   2.5942373e-01   5.4700855e-01   6.6666667e-01   1.6666667e-01
   2.5023237e-01   5.4700855e-01   6.7521368e-01   3.3333333e-01
   2.2565321e-01   5.4700855e-01   6.7521368e-01   3.3333333e-01
   2.0262315e-01   5.4700855e-01   6.7521368e-01   3.3333333e-01
   1.9084994e-01   5.4700855e-01   6.8376068e-01   3.3333333e-01
   1.7711453e-01   5.4700855e-01   6.8376068e-01   3.3333333e-01
   1.7370650e-01   5.5555556e-01   6.8376068e-01   3.3333333e-01
   1.8537643e-01   5.5555556e-01   6.7521368e-01   3.3333333e-01
   2.0768357e-01   5.5555556e-01   6.7521368e-01   1.6666667e-01
   2.1852732e-01   5.5555556e-01   6.7521368e-01   1.6666667e-01
   2.1501601e-01   5.5555556e-01   6.6666667e-01   1.6666667e-01
   1.9601363e-01   5.6410256e-01   6.6666667e-01   1.6666667e-01
   1.6658061e-01   5.6410256e-01   6.4957265e-01   1.6666667e-01
   1.3074460e-01   5.6410256e-01   6.3247863e-01   1.6666667e-01
   9.8729733e-02   5.6410256e-01   6.1538462e-01   1.6666667e-01
   7.5080037e-02   5.6410256e-01   5.9829060e-01   1.6666667e-01
   6.1034803e-02   5.7264957e-01   5.9829060e-01   1.6666667e-01
   6.1447898e-02   5.7264957e-01   5.9829060e-01   1.6666667e-01
   6.0931529e-02   5.7264957e-01   5.9829060e-01   1.6666667e-01
   6.5682123e-02   5.7264957e-01   5.9829060e-01   1.6666667e-01
   7.3737478e-02   5.7264957e-01   5.9829060e-01   1.6666667e-01
   8.4994320e-02   5.8119658e-01   6.0683761e-01   1.6666667e-01
   1.0916038e-01   5.8119658e-01   6.2393162e-01   1.6666667e-01
   1.3373954e-01   5.8119658e-01   6.4102564e-01   1.6666667e-01
   1.5976454e-01   5.8119658e-01   6.4957265e-01   1.6666667e-01
   1.7670144e-01   5.8974359e-01   6.5811966e-01   1.6666667e-01
   1.7597852e-01   5.9829060e-01   6.6666667e-01   1.6666667e-01
   1.6399876e-01   5.9829060e-01   6.7521368e-01   1.6666667e-01
   1.4778478e-01   6.0683761e-01   6.8376068e-01   1.6666667e-01
   1.2299907e-01   6.2393162e-01   6.8376068e-01   1.6666667e-01
   9.7696995e-02   6.4102564e-01   6.8376068e-01   1.6666667e-01
   7.8694619e-02   6.5811966e-01   6.9230769e-01   1.6666667e-01
   6.3719922e-02   6.6666667e-01   6.9230769e-01   1.6666667e-01
   5.8143137e-02   6.6666667e-01   6.9230769e-01   1.6666667e-01
   5.5561293e-02   6.6666667e-01   6.9230769e-01   1.6666667e-01
   5.6490757e-02   6.6666667e-01   6.9230769e-01   1.6666667e-01
   5.5561293e-02   6.6666667e-01   6.9230769e-01   1.6666667e-01
   5.4838377e-02   6.5811966e-01   6.9230769e-01   1.6666667e-01
   5.7730042e-02   6.4957265e-01   6.9230769e-01   1.6666667e-01
   6.3306826e-02   6.4957265e-01   6.8376068e-01   1.6666667e-01
   6.2893731e-02   6.4957265e-01   6.7521368e-01   1.6666667e-01
   6.0518434e-02   6.4102564e-01   6.7521368e-01   1.6666667e-01
   5.7213673e-02   6.4102564e-01   6.7521368e-01   1.6666667e-01
   5.2876175e-02   6.4102564e-01   6.6666667e-01   1.6666667e-01
   4.2135702e-02   6.4102564e-01   6.6666667e-01   1.6666667e-01
   3.0259217e-02   6.4102564e-01   6.4957265e-01   1.6666667e-01
   2.6747909e-02   6.3247863e-01   6.3675214e-01   0.0000000e+00
   2.7780646e-02   6.2393162e-01   6.2393162e-01   1.6666667e-01
   3.1291955e-02   6.1538462e-01   6.2393162e-01   1.6666667e-01
   3.4183621e-02   6.1538462e-01   6.2393162e-01   1.6666667e-01
   4.0689869e-02   6.0683761e-01   6.2393162e-01   1.6666667e-01
   4.5543736e-02   5.9829060e-01   6.2393162e-01   1.6666667e-01
   5.0191056e-02   5.9829060e-01   6.2393162e-01   1.6666667e-01
   4.8125581e-02   5.9829060e-01   6.2393162e-01   1.6666667e-01
   5.0604152e-02   5.8974359e-01   6.1538462e-01   1.6666667e-01
   5.9485697e-02   5.8974359e-01   6.1538462e-01   1.6666667e-01
   7.5802954e-02   5.8119658e-01   6.1538462e-01   1.6666667e-01
   1.0203449e-01   5.8119658e-01   6.2393162e-01   1.6666667e-01
   1.3890323e-01   5.8119658e-01   6.3247863e-01   1.6666667e-01
   1.6988537e-01   5.7264957e-01   6.4102564e-01   1.6666667e-01
   1.9632345e-01   5.7264957e-01   6.4102564e-01   1.6666667e-01
   2.1976660e-01   5.7264957e-01   6.4957265e-01   1.6666667e-01
   2.3680677e-01   5.6410256e-01   6.5811966e-01   1.6666667e-01
   2.4641124e-01   5.6410256e-01   6.5811966e-01   1.6666667e-01
   2.4857999e-01   5.6410256e-01   6.6666667e-01   1.6666667e-01
   2.4403594e-01   5.6410256e-01   6.6666667e-01   1.6666667e-01
   2.3133326e-01   5.6410256e-01   6.7521368e-01   1.6666667e-01
   2.1604875e-01   5.6410256e-01   6.7521368e-01   3.3333333e-01
   2.0117732e-01   5.6410256e-01   6.8376068e-01   3.3333333e-01
   1.8434370e-01   5.6410256e-01   6.8376068e-01   3.3333333e-01
   1.6988537e-01   5.6410256e-01   6.8376068e-01   3.3333333e-01
   1.5222555e-01   5.6410256e-01   6.8376068e-01   3.3333333e-01
   1.4726841e-01   5.7264957e-01   6.8376068e-01   3.3333333e-01
   1.4055561e-01   5.7264957e-01   6.8376068e-01   3.3333333e-01
   1.3353300e-01   5.8119658e-01   6.8376068e-01   3.3333333e-01
   1.2289580e-01   5.8119658e-01   6.8376068e-01   3.3333333e-01
   1.1329134e-01   5.8974359e-01   6.8376068e-01   3.3333333e-01
   1.0430652e-01   5.9829060e-01   6.7521368e-01   3.3333333e-01
   9.2739853e-02   6.0683761e-01   6.7521368e-01   1.6666667e-01
   1.2971187e-01   5.4700855e-01   6.6666667e-01   3.3333333e-01
   2.5157493e-01   5.1282051e-01   6.5811966e-01   1.6666667e-01
   3.8490137e-01   4.5299145e-01   6.4957265e-01   1.6666667e-01
   4.7805432e-01   4.3589744e-01   6.3247863e-01   1.6666667e-01
   5.3299597e-01   4.1880342e-01   6.3247863e-01   1.6666667e-01
   5.8184447e-01   4.1025641e-01   6.3247863e-01   1.6666667e-01
   6.4618403e-01   3.7606838e-01   6.4102564e-01   1.6666667e-01
   7.1775276e-01   3.4188034e-01   6.4102564e-01   1.6666667e-01
   7.2673758e-01   3.3333333e-01   6.4957265e-01   1.6666667e-01
   6.6849117e-01   3.3333333e-01   6.4957265e-01   1.6666667e-01
   5.6759269e-01   3.3333333e-01   6.5811966e-01   1.6666667e-01
   4.3912011e-01   3.3333333e-01   6.5811966e-01   5.0000000e-01
   3.1591449e-01   3.3333333e-01   6.6666667e-01   3.3333333e-01
   1.9177941e-01   3.3333333e-01   6.6666667e-01   3.3333333e-01
   1.4654549e-01   3.4188034e-01   6.6666667e-01   3.3333333e-01
   1.0812765e-01   3.5042735e-01   6.6666667e-01   3.3333333e-01
   7.6216049e-02   6.4102564e-01   6.6666667e-01   1.6666667e-01
   5.3805639e-02   6.4102564e-01   6.6666667e-01   1.6666667e-01
   4.7299391e-02   6.4102564e-01   6.6666667e-01   1.6666667e-01
   4.0793143e-02   6.4102564e-01   6.6666667e-01   1.6666667e-01
   3.6765465e-02   6.4102564e-01   6.5811966e-01   1.6666667e-01
   3.3977073e-02   6.4102564e-01   6.5811966e-01   1.6666667e-01
   3.1498503e-02   6.3247863e-01   6.4957265e-01   1.6666667e-01
   3.2118145e-02   6.3247863e-01   6.4957265e-01   1.6666667e-01
   2.7264278e-02   6.3247863e-01   6.4102564e-01   1.6666667e-01
   2.5198802e-02   6.2393162e-01   6.4102564e-01   1.6666667e-01
   2.4269338e-02   6.2393162e-01   6.3247863e-01   1.6666667e-01
   2.1377672e-02   6.2393162e-01   6.2393162e-01   1.6666667e-01
   1.7763090e-02   6.1965812e-01   6.1965812e-01   0.0000000e+00
   2.0551482e-02   6.1538462e-01   6.1538462e-01   1.6666667e-01
   2.1480946e-02   6.0683761e-01   6.1538462e-01   1.6666667e-01
   3.2944335e-02   6.0683761e-01   6.2393162e-01   1.6666667e-01
   5.9795518e-02   5.9829060e-01   6.3247863e-01   1.6666667e-01
   1.1029640e-01   5.8974359e-01   6.4102564e-01   1.6666667e-01
   1.7143447e-01   5.7264957e-01   6.4957265e-01   1.6666667e-01
   2.3071362e-01   5.5555556e-01   6.4957265e-01   1.6666667e-01
   2.6706599e-01   5.4700855e-01   6.5811966e-01   1.6666667e-01
   2.6696272e-01   5.4700855e-01   6.6666667e-01   1.6666667e-01
   2.3691005e-01   5.4700855e-01   6.6666667e-01   1.6666667e-01
   2.1129815e-01   5.4700855e-01   6.7521368e-01   1.6666667e-01
   1.7701126e-01   5.5555556e-01   6.7521368e-01   1.6666667e-01
   1.3043478e-01   5.7264957e-01   6.7521368e-01   3.3333333e-01
   1.1287824e-01   3.4188034e-01   6.7521368e-01   3.3333333e-01
   1.2206961e-01   3.4188034e-01   6.8376068e-01   3.3333333e-01
   1.4272436e-01   3.4188034e-01   6.8376068e-01   3.3333333e-01
   1.4757823e-01   3.4188034e-01   6.8376068e-01   3.3333333e-01
   1.3993597e-01   3.5042735e-01   6.8376068e-01   3.3333333e-01
   1.2392853e-01   3.5042735e-01   6.8376068e-01   3.3333333e-01
   1.0657854e-01   3.5897436e-01   6.7521368e-01   3.3333333e-01
   8.2619023e-02   3.6752137e-01   6.6666667e-01   3.3333333e-01
   6.0311887e-02   6.3247863e-01   6.5811966e-01   1.6666667e-01
   4.0896416e-02   6.3247863e-01   6.4957265e-01   1.6666667e-01
   3.7591655e-02   6.2393162e-01   6.4957265e-01   1.6666667e-01
   3.3047609e-02   6.2393162e-01   6.4102564e-01   1.6666667e-01
   3.1601776e-02   6.2393162e-01   6.4102564e-01   1.6666667e-01
   2.7470825e-02   6.1538462e-01   6.3247863e-01   1.6666667e-01
   2.9536301e-02   6.1538462e-01   6.2393162e-01   1.6666667e-01
   2.6644635e-02   6.0683761e-01   6.2393162e-01   1.6666667e-01
   2.5302076e-02   6.0683761e-01   6.2393162e-01   1.6666667e-01
   2.5611897e-02   6.0683761e-01   6.2393162e-01   1.6666667e-01
   2.2823505e-02   6.0683761e-01   6.2393162e-01   1.6666667e-01
   2.0035113e-02   6.1538462e-01   6.1538462e-01   1.6666667e-01
   1.9828566e-02   6.1111111e-01   6.1111111e-01   0.0000000e+00
   1.8692554e-02   6.0683761e-01   6.0683761e-01   1.6666667e-01
   2.4269338e-02   5.9829060e-01   6.0683761e-01   1.6666667e-01
   2.5921718e-02   5.9829060e-01   6.0683761e-01   1.6666667e-01
   3.1601776e-02   5.8974359e-01   6.0683761e-01   1.6666667e-01
   5.1327068e-02   5.8974359e-01   6.0683761e-01   1.6666667e-01
   1.1174223e-01   5.8974359e-01   6.8376068e-01   3.3333333e-01
   2.0974904e-01   5.8974359e-01   6.9230769e-01   1.6666667e-01
   2.7491480e-01   5.8974359e-01   7.0085470e-01   1.6666667e-01
   2.8193742e-01   5.8974359e-01   7.0085470e-01   1.6666667e-01
   2.6995766e-01   5.8974359e-01   7.0085470e-01   1.6666667e-01
   2.4754725e-01   5.9829060e-01   7.0940171e-01   1.6666667e-01
   2.1181452e-01   6.0683761e-01   7.0940171e-01   1.6666667e-01
   1.7215739e-01   6.1538462e-01   7.0085470e-01   1.6666667e-01
   1.3012496e-01   6.2393162e-01   6.9230769e-01   1.6666667e-01
   9.3669317e-02   6.2393162e-01   6.8376068e-01   1.6666667e-01
   6.9399979e-02   6.3247863e-01   6.6666667e-01   1.6666667e-01
   5.3289270e-02   6.2393162e-01   6.5811966e-01   1.6666667e-01
   4.2032428e-02   6.2393162e-01   6.4957265e-01   1.6666667e-01
   3.2118145e-02   6.2393162e-01   6.3247863e-01   1.6666667e-01
   2.4372612e-02   6.2393162e-01   6.3247863e-01   1.6666667e-01
   1.7246721e-02   6.2393162e-01   6.2393162e-01   1.6666667e-01
   1.0327378e-02   6.2051282e-01   6.2051282e-01   0.0000000e+00
   1.0327378e-04   6.1709402e-01   6.1709402e-01   0.0000000e+00
   8.2619023e-04   6.1367521e-01   6.1367521e-01   0.0000000e+00
   2.9949396e-03   6.1025641e-01   6.1025641e-01   0.0000000e+00
   1.5077972e-02   6.0683761e-01   6.0683761e-01   1.6666667e-01
   4.2445523e-02   5.9829060e-01   6.3247863e-01   3.3333333e-01
   9.2533306e-02   5.9829060e-01   6.4957265e-01   1.6666667e-01
   1.3260353e-01   5.9829060e-01   6.5811966e-01   1.6666667e-01
   1.5119281e-01   5.9829060e-01   6.6666667e-01   1.6666667e-01
   1.5356811e-01   6.0683761e-01   6.7521368e-01   1.6666667e-01
   1.4778478e-01   6.0683761e-01   6.7521368e-01   1.6666667e-01
   1.4148508e-01   6.1538462e-01   6.8376068e-01   1.6666667e-01
   1.2702675e-01   6.3247863e-01   6.9230769e-01   1.6666667e-01
   1.0947021e-01   6.4102564e-01   6.9230769e-01   1.6666667e-01
   9.2946401e-02   6.5811966e-01   7.0085470e-01   1.6666667e-01
   8.0450274e-02   6.6666667e-01   7.0085470e-01   1.6666667e-01
   7.5596406e-02   6.7521368e-01   7.0085470e-01   1.6666667e-01
   7.2498193e-02   6.8376068e-01   7.0940171e-01   1.6666667e-01
   7.1465455e-02   6.8376068e-01   7.0940171e-01   1.6666667e-01
   6.7127956e-02   6.8376068e-01   7.0940171e-01   1.6666667e-01
   5.9382423e-02   6.8376068e-01   7.0940171e-01   1.6666667e-01
   5.5561293e-02   6.8376068e-01   7.0940171e-01   1.6666667e-01
   5.7213673e-02   6.8376068e-01   7.0940171e-01   1.6666667e-01
   5.3908913e-02   6.7521368e-01   7.0940171e-01   1.6666667e-01
   4.6369927e-02   6.7521368e-01   7.0085470e-01   1.6666667e-01
   3.9347310e-02   6.7521368e-01   6.9230769e-01   1.6666667e-01
   3.0982134e-02   6.7521368e-01   6.9230769e-01   1.6666667e-01
   2.7987194e-02   6.6951567e-01   6.8091168e-01   0.0000000e+00
   2.1274398e-02   6.6381766e-01   6.6951567e-01   0.0000000e+00
   1.6936900e-02   6.5811966e-01   6.5811966e-01   1.6666667e-01
   1.6213983e-02   6.5384615e-01   6.5669516e-01   0.0000000e+00
   1.2805949e-02   6.4957265e-01   6.5527066e-01   0.0000000e+00
   9.1913663e-03   6.4529915e-01   6.5384615e-01   0.0000000e+00
   5.8866054e-03   6.4102564e-01   6.5242165e-01   0.0000000e+00
   3.0982134e-03   6.3675214e-01   6.5099715e-01   0.0000000e+00
   2.6954456e-02   6.3247863e-01   6.4957265e-01   1.6666667e-01
   7.8178251e-02   6.2393162e-01   6.5811966e-01   1.6666667e-01
   1.4220799e-01   6.1538462e-01   6.6666667e-01   1.6666667e-01
   2.0943922e-01   6.0683761e-01   9.5726496e-01   3.3333333e-01
   2.7667045e-01   5.9829060e-01   9.8290598e-01   3.3333333e-01
   3.2810080e-01   5.8974359e-01   9.9145299e-01   5.0000000e-01
   3.5422906e-01   5.8974359e-01   9.9145299e-01   5.0000000e-01
   3.4338531e-01   5.8119658e-01   1.0000000e+00   5.0000000e-01
   3.2995972e-01   5.8119658e-01   1.0000000e+00   5.0000000e-01
   3.2820407e-01   5.8119658e-01   1.0000000e+00   5.0000000e-01
   3.1715377e-01   5.8119658e-01   1.0000000e+00   6.6666667e-01
   3.1415884e-01   5.8119658e-01   9.9145299e-01   6.6666667e-01
   3.1550139e-01   5.8119658e-01   9.9145299e-01   5.0000000e-01
   3.0692967e-01   5.8119658e-01   9.9145299e-01   5.0000000e-01
   2.8286688e-01   5.8119658e-01   9.9145299e-01   5.0000000e-01
   2.7161004e-01   5.8119658e-01   9.9145299e-01   6.6666667e-01
   2.7346897e-01   5.8974359e-01   9.9145299e-01   6.6666667e-01
   2.8379634e-01   5.8974359e-01   9.8290598e-01   6.6666667e-01
   3.3398740e-01   5.8974359e-01   9.7435897e-01   6.6666667e-01
   4.4934421e-01   5.9829060e-01   9.4871795e-01   6.6666667e-01
   6.0694000e-01   6.0683761e-01   9.4871795e-01   1.6666667e-01
   7.2301973e-01   6.0683761e-01   9.4871795e-01   1.6666667e-01
   7.3902716e-01   6.1538462e-01   9.4017094e-01   1.6666667e-01
   6.7117629e-01   6.3247863e-01   9.4017094e-01   1.6666667e-01
   5.8112155e-01   6.3247863e-01   9.4017094e-01   1.6666667e-01
   4.7867396e-01   6.4102564e-01   9.3162393e-01   1.6666667e-01
   3.6094186e-01   6.4102564e-01   8.8888889e-01   1.6666667e-01
   2.3081690e-01   6.4957265e-01   7.9487179e-01   1.6666667e-01
   1.2857585e-01   6.6666667e-01   7.5213675e-01   1.6666667e-01
   7.4563668e-02   7.0085470e-01   7.3504274e-01   1.6666667e-01
   4.8435402e-02   7.0940171e-01   7.3504274e-01   1.6666667e-01
   3.4699990e-02   6.8986569e-01   7.1550672e-01   0.0000000e+00
   2.2410410e-02   6.7032967e-01   6.9597070e-01   0.0000000e+00
   1.2289580e-02   6.5079365e-01   6.7643468e-01   0.0000000e+00
   6.2997005e-03   6.3125763e-01   6.5689866e-01   0.0000000e+00
   0.0000000e+00   6.1172161e-01   6.3736264e-01   0.0000000e+00
   2.7883920e-03   5.9218559e-01   6.1782662e-01   0.0000000e+00
   4.9158319e-02   5.7264957e-01   5.9829060e-01   1.6666667e-01
   1.7887018e-01   5.3846154e-01   6.4102564e-01   1.6666667e-01
   2.9691211e-01   5.2136752e-01   6.4957265e-01   1.6666667e-01
   3.6744810e-01   5.0427350e-01   6.5811966e-01   1.6666667e-01
   4.0607250e-01   4.9572650e-01   6.5811966e-01   1.6666667e-01
   4.3054838e-01   4.8717949e-01   6.6666667e-01   1.6666667e-01
   4.2621089e-01   4.2735043e-01   6.7521368e-01   3.3333333e-01
   4.1102964e-01   4.2735043e-01   6.7521368e-01   1.6666667e-01
   3.5959930e-01   4.3589744e-01   6.8376068e-01   3.3333333e-01
   2.6747909e-01   5.3846154e-01   6.8376068e-01   1.6666667e-01
   1.7948983e-01   5.8974359e-01   6.9230769e-01   1.6666667e-01
   1.5108954e-01   3.5042735e-01   6.9230769e-01   5.0000000e-01
   1.5005680e-01   3.5042735e-01   6.9230769e-01   6.6666667e-01
   1.5676960e-01   3.4188034e-01   7.0085470e-01   5.0000000e-01
   1.5976454e-01   3.4188034e-01   7.0085470e-01   5.0000000e-01
   1.5491067e-01   3.4188034e-01   7.0085470e-01   5.0000000e-01
   1.5625323e-01   3.4188034e-01   7.0085470e-01   3.3333333e-01
   1.5769906e-01   3.4188034e-01   7.0085470e-01   5.0000000e-01
   1.5532376e-01   3.5042735e-01   7.0085470e-01   6.6666667e-01
   1.4148508e-01   3.5042735e-01   7.0085470e-01   5.0000000e-01
   1.2423836e-01   3.5897436e-01   7.0085470e-01   5.0000000e-01
   9.2739853e-02   3.6752137e-01   6.9230769e-01   5.0000000e-01
   6.4546112e-02   6.5811966e-01   6.6666667e-01   1.6666667e-01
   4.0689869e-02   6.5811966e-01   6.7521368e-01   1.6666667e-01
   5.4012186e-02   6.4102564e-01   6.7521368e-01   1.6666667e-01
   6.4752659e-02   6.4102564e-01   6.7521368e-01   1.6666667e-01
   7.0122896e-02   6.3247863e-01   6.7521368e-01   1.6666667e-01
   6.7954146e-02   6.3247863e-01   6.7521368e-01   1.6666667e-01
   6.2687184e-02   6.3247863e-01   6.7521368e-01   1.6666667e-01
   5.6180936e-02   6.2393162e-01   6.5811966e-01   1.6666667e-01
   4.5647010e-02   6.2393162e-01   6.4957265e-01   1.6666667e-01
   5.2153258e-02   6.0683761e-01   6.4102564e-01   1.6666667e-01
   7.0019622e-02   6.0683761e-01   6.3247863e-01   1.6666667e-01
   9.6560983e-02   5.9829060e-01   6.4102564e-01   1.6666667e-01
   1.2640711e-01   5.9829060e-01   6.4957265e-01   1.6666667e-01
   1.4737168e-01   5.9829060e-01   6.5811966e-01   1.6666667e-01
   1.5790561e-01   5.9829060e-01   6.6666667e-01   1.6666667e-01
   1.5821543e-01   6.0683761e-01   6.7521368e-01   1.6666667e-01
   1.4995353e-01   6.1538462e-01   6.8376068e-01   1.6666667e-01
   1.3725085e-01   6.1538462e-01   6.9230769e-01   1.6666667e-01
   1.2010740e-01   6.3247863e-01   6.9230769e-01   1.6666667e-01
   9.7077352e-02   6.4957265e-01   7.0085470e-01   1.6666667e-01
   7.8694619e-02   6.6666667e-01   7.0085470e-01   1.6666667e-01
   6.6301766e-02   6.7521368e-01   7.0940171e-01   1.6666667e-01
   5.8866054e-02   6.8376068e-01   7.0940171e-01   1.6666667e-01
   5.5148198e-02   6.9230769e-01   7.1794872e-01   1.6666667e-01
   5.4218734e-02   6.9230769e-01   7.1794872e-01   1.6666667e-01
   5.9175875e-02   6.9230769e-01   7.1794872e-01   1.6666667e-01
   9.4288960e-02   7.0085470e-01   9.4871795e-01   3.3333333e-01
   1.4251781e-01   6.9230769e-01   9.5726496e-01   3.3333333e-01
   1.9033357e-01   6.8376068e-01   9.6581197e-01   3.3333333e-01
   2.4372612e-01   6.8376068e-01   9.7435897e-01   3.3333333e-01
   3.3223175e-01   6.6666667e-01   9.7435897e-01   6.6666667e-01
   4.8053289e-01   6.4957265e-01   9.8290598e-01   3.3333333e-01
   6.8749355e-01   6.1538462e-01   9.8290598e-01   5.0000000e-01
   8.8577920e-01   6.0683761e-01   9.9145299e-01   1.6666667e-01
   1.0000000e+00   5.9829060e-01   9.9145299e-01   1.6666667e-01
   9.9535268e-01   5.8974359e-01   9.9145299e-01   1.6666667e-01
   9.2461014e-01   5.8974359e-01   9.9145299e-01   1.6666667e-01
   8.2680987e-01   5.8974359e-01   1.0000000e+00   1.6666667e-01
   6.9472271e-01   5.9829060e-01   1.0000000e+00   1.6666667e-01
   5.2525044e-01   5.9829060e-01   9.9145299e-01   5.0000000e-01
   3.3863472e-01   5.9829060e-01   9.9145299e-01   3.3333333e-01
   1.8702881e-01   6.1538462e-01   9.6581197e-01   3.3333333e-01
   9.4392234e-02   8.8034188e-01   9.4017094e-01   1.6666667e-01
   2.6541361e-02   8.6522025e-01   9.2176200e-01   0.0000000e+00
   8.7782712e-03   8.5009862e-01   9.0335306e-01   0.0000000e+00
   1.1566663e-02   8.3497699e-01   8.8494412e-01   0.0000000e+00
   1.1979758e-02   8.1985536e-01   8.6653517e-01   0.0000000e+00
   1.2392853e-02   8.0473373e-01   8.4812623e-01   0.0000000e+00
   1.2805949e-02   7.8961210e-01   8.2971729e-01   0.0000000e+00
   1.3219044e-02   7.7449047e-01   8.1130835e-01   0.0000000e+00
   1.3632139e-02   7.5936884e-01   7.9289941e-01   0.0000000e+00
   1.4045234e-02   7.4424721e-01   7.7449047e-01   0.0000000e+00
   1.4458329e-02   7.2912558e-01   7.5608153e-01   0.0000000e+00
   1.3838686e-02   7.1400394e-01   7.3767258e-01   0.0000000e+00
   2.2100589e-02   6.9888231e-01   7.1926364e-01   0.0000000e+00
   4.9881235e-02   6.8376068e-01   7.0085470e-01   1.6666667e-01
   8.0347000e-02   6.8376068e-01   7.0940171e-01   1.6666667e-01
   1.0337705e-01   6.8376068e-01   7.1794872e-01   1.6666667e-01
   1.1081276e-01   6.8376068e-01   7.1794872e-01   1.6666667e-01
   1.1194878e-01   6.8376068e-01   7.1794872e-01   1.6666667e-01
   1.0657854e-01   6.9230769e-01   7.2649573e-01   1.6666667e-01
   8.7472891e-02   6.9230769e-01   7.2649573e-01   1.6666667e-01
   7.1258907e-02   7.0085470e-01   7.2649573e-01   1.6666667e-01
   5.4838377e-02   7.0940171e-01   7.2649573e-01   1.6666667e-01
   3.6868739e-02   7.1794872e-01   7.2649573e-01   1.6666667e-01
