   4.1800000e+02
   1.0426540e-02   6.5079365e-01   6.5079365e-01   0.0000000e+00
   2.1445498e-02   6.5079365e-01   6.5079365e-01   1.6666667e-01
   3.4834123e-02   6.3492063e-01   6.6666667e-01   1.6666667e-01
   4.7985782e-02   6.3492063e-01   6.6666667e-01   1.6666667e-01
   5.0829384e-02   6.1904762e-01   6.6666667e-01   1.6666667e-01
   5.6753555e-02   6.1904762e-01   6.6666667e-01   1.6666667e-01
   5.4976303e-02   6.0317460e-01   6.6666667e-01   1.6666667e-01
   6.9075829e-02   5.8730159e-01   6.6666667e-01   1.6666667e-01
   9.7985782e-02   5.3968254e-01   6.5079365e-01   1.6666667e-01
   1.2725118e-01   5.2380952e-01   6.3492063e-01   1.6666667e-01
   1.3815166e-01   5.2380952e-01   6.0317460e-01   1.6666667e-01
   1.4206161e-01   5.0793651e-01   6.0317460e-01   1.6666667e-01
   1.5154028e-01   5.0793651e-01   6.0317460e-01   1.6666667e-01
   1.6469194e-01   4.9206349e-01   6.0317460e-01   1.6666667e-01
   1.7322275e-01   4.9206349e-01   6.0317460e-01   1.6666667e-01
   1.7606635e-01   4.7619048e-01   6.0317460e-01   1.6666667e-01
   1.8767773e-01   4.7619048e-01   5.8730159e-01   1.6666667e-01
   2.4597156e-01   3.8095238e-01   5.8730159e-01   1.6666667e-01
   3.3957346e-01   3.1746032e-01   5.8730159e-01   1.6666667e-01
   4.7630332e-01   2.3809524e-01   5.8730159e-01   1.6666667e-01
   6.1244076e-01   1.9047619e-01   5.8730159e-01   1.6666667e-01
   7.3033175e-01   1.4285714e-01   6.0317460e-01   1.6666667e-01
   8.5829384e-01   3.1746032e-02   6.1904762e-01   1.6666667e-01
   9.5545024e-01   3.1746032e-02   6.3492063e-01   1.6666667e-01
   9.9786730e-01   3.1746032e-02   6.5079365e-01   1.6666667e-01
   9.6504739e-01   3.1746032e-02   6.5079365e-01   1.6666667e-01
   8.6741706e-01   3.1746032e-02   6.6666667e-01   1.6666667e-01
   7.5936019e-01   4.7619048e-02   6.6666667e-01   1.6666667e-01
   6.3471564e-01   4.7619048e-02   6.6666667e-01   1.6666667e-01
   4.9585308e-01   6.3492063e-02   6.8253968e-01   1.6666667e-01
   3.5888626e-01   9.5238095e-02   6.8253968e-01   5.0000000e-01
   1.8175355e-01   4.9206349e-01   6.8253968e-01   1.6666667e-01
   9.5971564e-02   6.3492063e-01   6.8253968e-01   1.6666667e-01
   3.8981043e-02   6.5079365e-01   6.8253968e-01   1.6666667e-01
   3.3530806e-02   6.6666667e-01   6.8253968e-01   1.6666667e-01
   2.1682464e-02   6.6666667e-01   6.8253968e-01   1.6666667e-01
   1.3625592e-02   6.5873016e-01   6.7195767e-01   0.0000000e+00
   1.0308057e-02   6.5079365e-01   6.6137566e-01   0.0000000e+00
   0.0000000e+00   6.4285714e-01   6.5079365e-01   0.0000000e+00
   1.3033175e-03   6.3492063e-01   6.4021164e-01   0.0000000e+00
   8.7677725e-03   6.2698413e-01   6.2962963e-01   0.0000000e+00
   2.5236967e-02   6.1904762e-01   6.1904762e-01   1.6666667e-01
   3.6729858e-02   6.0317460e-01   6.3492063e-01   1.6666667e-01
   4.5497630e-02   6.0317460e-01   6.3492063e-01   1.6666667e-01
   4.7867299e-02   6.0317460e-01   6.3492063e-01   1.6666667e-01
   7.6066351e-02   5.5555556e-01   6.3492063e-01   1.6666667e-01
   2.3791469e-01   2.2222222e-01   6.1904762e-01   6.6666667e-01
   4.8578199e-01   1.7460317e-01   6.0317460e-01   1.6666667e-01
   6.8637441e-01   1.2698413e-01   6.0317460e-01   1.6666667e-01
   7.6113744e-01   9.5238095e-02   6.0317460e-01   1.6666667e-01
   7.9111374e-01   9.5238095e-02   6.0317460e-01   1.6666667e-01
   7.8471564e-01   6.3492063e-02   6.1904762e-01   1.6666667e-01
   7.6267773e-01   4.7619048e-02   6.3492063e-01   1.6666667e-01
   7.4206161e-01   3.1746032e-02   6.3492063e-01   1.6666667e-01
   7.0213270e-01   1.5873016e-02   6.5079365e-01   1.6666667e-01
   6.2796209e-01   1.5873016e-02   6.5079365e-01   3.3333333e-01
   5.1563981e-01   0.0000000e+00   6.6666667e-01   3.3333333e-01
   4.1267773e-01   0.0000000e+00   6.6666667e-01   3.3333333e-01
   3.5639810e-01   1.5873016e-02   6.8253968e-01   5.0000000e-01
   3.0639810e-01   1.5873016e-02   6.8253968e-01   6.6666667e-01
   2.5284360e-01   1.5873016e-02   6.8253968e-01   5.0000000e-01
   2.1255924e-01   3.1746032e-02   6.8253968e-01   5.0000000e-01
   1.9597156e-01   3.1746032e-02   6.9841270e-01   5.0000000e-01
   2.1232227e-01   4.7619048e-02   6.9841270e-01   5.0000000e-01
   2.0864929e-01   4.7619048e-02   6.9841270e-01   3.3333333e-01
   1.8033175e-01   6.3492063e-02   6.9841270e-01   3.3333333e-01
   1.6990521e-01   7.9365079e-02   6.9841270e-01   3.3333333e-01
   1.4218009e-01   9.5238095e-02   6.8253968e-01   3.3333333e-01
   1.7239336e-01   1.7460317e-01   6.8253968e-01   5.0000000e-01
   2.2535545e-01   4.7619048e-01   6.8253968e-01   3.3333333e-01
   2.8424171e-01   4.4444444e-01   6.8253968e-01   1.6666667e-01
   3.2049763e-01   4.4444444e-01   6.6666667e-01   1.6666667e-01
   3.1848341e-01   2.2222222e-01   6.5079365e-01   3.3333333e-01
   3.1054502e-01   2.3809524e-01   6.5079365e-01   3.3333333e-01
   2.9395735e-01   4.2857143e-01   6.5079365e-01   1.6666667e-01
   2.7251185e-01   4.2857143e-01   6.6666667e-01   1.6666667e-01
   2.3684834e-01   4.2857143e-01   6.6666667e-01   3.3333333e-01
   2.1658768e-01   4.2857143e-01   6.6666667e-01   3.3333333e-01
   2.1090047e-01   4.2857143e-01   6.8253968e-01   3.3333333e-01
   2.0545024e-01   4.4444444e-01   6.8253968e-01   3.3333333e-01
   1.9063981e-01   4.4444444e-01   6.8253968e-01   3.3333333e-01
   1.6978673e-01   4.6031746e-01   6.8253968e-01   3.3333333e-01
   1.4940758e-01   4.7619048e-01   6.8253968e-01   3.3333333e-01
   1.2582938e-01   4.9206349e-01   6.8253968e-01   3.3333333e-01
   1.0118483e-01   5.0793651e-01   6.8253968e-01   3.3333333e-01
   7.1445498e-02   6.3492063e-01   6.8253968e-01   1.6666667e-01
   4.9644550e-02   6.1904762e-01   6.6666667e-01   1.6666667e-01
   4.7156398e-02   6.1904762e-01   6.6666667e-01   1.6666667e-01
   4.0284360e-02   6.1904762e-01   6.6666667e-01   1.6666667e-01
   4.3720379e-02   6.1904762e-01   6.5079365e-01   1.6666667e-01
   4.5971564e-02   6.1904762e-01   6.5079365e-01   1.6666667e-01
   4.1469194e-02   6.0317460e-01   6.3492063e-01   1.6666667e-01
   4.5260664e-02   5.8730159e-01   6.3492063e-01   1.6666667e-01
   3.8033175e-02   5.8730159e-01   6.1904762e-01   1.6666667e-01
   4.0284360e-02   6.0317460e-01   6.0317460e-01   1.6666667e-01
   5.5805687e-02   5.4761905e-01   5.7142857e-01   0.0000000e+00
   6.3151659e-02   4.9206349e-01   5.3968254e-01   1.6666667e-01
   8.2701422e-02   4.7619048e-01   5.5555556e-01   1.6666667e-01
   1.0592417e-01   4.7619048e-01   6.0317460e-01   1.6666667e-01
   1.2239336e-01   4.7619048e-01   6.3492063e-01   3.3333333e-01
   1.3329384e-01   4.6031746e-01   6.3492063e-01   3.3333333e-01
   1.2606635e-01   4.6031746e-01   6.5079365e-01   3.3333333e-01
   1.0094787e-01   5.8730159e-01   6.6666667e-01   1.6666667e-01
   8.1635071e-02   6.0317460e-01   6.6666667e-01   1.6666667e-01
   7.3578199e-02   6.1904762e-01   6.8253968e-01   1.6666667e-01
   7.3222749e-02   4.1269841e-01   6.8253968e-01   3.3333333e-01
   8.9454976e-02   4.1269841e-01   6.8253968e-01   3.3333333e-01
   1.0497630e-01   3.9682540e-01   6.8253968e-01   3.3333333e-01
   1.3625592e-01   4.1269841e-01   6.8253968e-01   3.3333333e-01
   2.0023697e-01   4.1269841e-01   6.8253968e-01   3.3333333e-01
   2.9218009e-01   4.1269841e-01   6.9841270e-01   1.6666667e-01
   3.7026066e-01   4.2857143e-01   6.9841270e-01   1.6666667e-01
   3.9111374e-01   4.2857143e-01   6.9841270e-01   1.6666667e-01
   3.7203791e-01   4.4444444e-01   6.9841270e-01   1.6666667e-01
   3.4158768e-01   4.4444444e-01   6.8253968e-01   1.6666667e-01
   3.2606635e-01   4.6031746e-01   6.8253968e-01   1.6666667e-01
   3.1279621e-01   4.6031746e-01   6.6666667e-01   1.6666667e-01
   2.9609005e-01   4.6031746e-01   6.5079365e-01   1.6666667e-01
   2.7073460e-01   4.6031746e-01   6.3492063e-01   1.6666667e-01
   2.3909953e-01   4.6031746e-01   6.3492063e-01   1.6666667e-01
   2.1789100e-01   4.6031746e-01   6.5079365e-01   1.6666667e-01
   1.9312796e-01   4.6031746e-01   6.5079365e-01   1.6666667e-01
   1.6552133e-01   4.6031746e-01   6.5079365e-01   3.3333333e-01
   1.2689573e-01   4.6031746e-01   6.5079365e-01   3.3333333e-01
   1.1587678e-01   4.6031746e-01   6.5079365e-01   3.3333333e-01
   9.9644550e-02   4.7619048e-01   6.5079365e-01   3.3333333e-01
   8.3412322e-02   4.7619048e-01   6.6666667e-01   3.3333333e-01
   7.4052133e-02   4.9206349e-01   6.6666667e-01   3.3333333e-01
   5.9241706e-02   5.0793651e-01   6.5079365e-01   3.3333333e-01
   4.3957346e-02   5.2380952e-01   6.5079365e-01   3.3333333e-01
   3.3767773e-02   6.5079365e-01   6.5079365e-01   1.6666667e-01
   2.6184834e-02   6.3492063e-01   6.5079365e-01   1.6666667e-01
   2.8080569e-02   6.3492063e-01   6.6666667e-01   1.6666667e-01
   2.7014218e-02   6.5079365e-01   6.6666667e-01   1.6666667e-01
   2.6303318e-02   6.5079365e-01   6.6666667e-01   1.6666667e-01
   2.9502370e-02   6.5079365e-01   6.5079365e-01   1.6666667e-01
   2.9620853e-02   6.1904762e-01   6.3492063e-01   1.6666667e-01
   3.1872038e-02   6.1904762e-01   6.3492063e-01   1.6666667e-01
   3.5426540e-02   6.1904762e-01   6.3492063e-01   1.6666667e-01
   3.7796209e-02   6.1904762e-01   6.3492063e-01   1.6666667e-01
   3.9336493e-02   6.0317460e-01   6.3492063e-01   1.6666667e-01
   4.3720379e-02   6.0317460e-01   6.3492063e-01   1.6666667e-01
   4.2061611e-02   6.0317460e-01   6.3492063e-01   1.6666667e-01
   4.2654028e-02   5.8730159e-01   6.3492063e-01   1.6666667e-01
   3.5426540e-02   5.8730159e-01   6.0317460e-01   1.6666667e-01
   3.0213270e-02   5.8730159e-01   6.0317460e-01   1.6666667e-01
   3.1279621e-02   5.7142857e-01   6.0317460e-01   1.6666667e-01
   3.2938389e-02   5.7142857e-01   5.8730159e-01   1.6666667e-01
   3.4123223e-02   5.7142857e-01   5.8730159e-01   1.6666667e-01
   5.2843602e-02   4.9206349e-01   5.8730159e-01   3.3333333e-01
   1.0000000e-01   4.6031746e-01   5.2380952e-01   1.6666667e-01
   1.5225118e-01   4.4444444e-01   5.5555556e-01   1.6666667e-01
   1.9668246e-01   4.4444444e-01   5.7142857e-01   1.6666667e-01
   2.3068720e-01   4.2857143e-01   5.7142857e-01   1.6666667e-01
   2.7168246e-01   4.1269841e-01   5.8730159e-01   1.6666667e-01
   3.0082938e-01   4.1269841e-01   5.8730159e-01   1.6666667e-01
   3.1528436e-01   3.9682540e-01   6.0317460e-01   1.6666667e-01
   3.0817536e-01   3.9682540e-01   6.0317460e-01   1.6666667e-01
   3.0675355e-01   3.9682540e-01   6.1904762e-01   1.6666667e-01
   2.9004739e-01   3.8095238e-01   6.1904762e-01   1.6666667e-01
   2.6481043e-01   3.8095238e-01   6.1904762e-01   1.6666667e-01
   2.3080569e-01   3.8095238e-01   6.3492063e-01   3.3333333e-01
   1.8755924e-01   3.8095238e-01   6.3492063e-01   3.3333333e-01
   1.6090047e-01   3.8095238e-01   6.3492063e-01   3.3333333e-01
   1.4253555e-01   3.9682540e-01   6.3492063e-01   3.3333333e-01
   1.2973934e-01   3.9682540e-01   6.3492063e-01   3.3333333e-01
   1.2440758e-01   4.1269841e-01   6.3492063e-01   3.3333333e-01
   1.1007109e-01   4.1269841e-01   6.3492063e-01   3.3333333e-01
   1.1208531e-01   4.2857143e-01   6.3492063e-01   3.3333333e-01
   1.0912322e-01   5.5555556e-01   6.3492063e-01   1.6666667e-01
   1.0035545e-01   5.3968254e-01   6.3492063e-01   1.6666667e-01
   9.9526066e-02   5.3968254e-01   6.1904762e-01   1.6666667e-01
   1.1646919e-01   4.9206349e-01   6.1904762e-01   1.6666667e-01
   1.4893365e-01   4.7619048e-01   6.1904762e-01   1.6666667e-01
   2.1563981e-01   3.9682540e-01   6.0317460e-01   3.3333333e-01
   2.8554502e-01   3.8095238e-01   5.8730159e-01   1.6666667e-01
   3.3720379e-01   3.6507937e-01   5.8730159e-01   1.6666667e-01
   3.5414692e-01   3.6507937e-01   5.8730159e-01   1.6666667e-01
   3.6552133e-01   3.6507937e-01   5.8730159e-01   1.6666667e-01
   3.6978673e-01   3.8095238e-01   6.0317460e-01   1.6666667e-01
   3.6599526e-01   3.8095238e-01   6.0317460e-01   1.6666667e-01
   3.2926540e-01   3.9682540e-01   6.1904762e-01   1.6666667e-01
   2.8127962e-01   3.9682540e-01   6.1904762e-01   1.6666667e-01
   2.4170616e-01   4.1269841e-01   6.3492063e-01   1.6666667e-01
   1.9893365e-01   4.2857143e-01   6.3492063e-01   1.6666667e-01
   1.5248815e-01   4.6031746e-01   6.3492063e-01   1.6666667e-01
   1.1327014e-01   5.8730159e-01   6.3492063e-01   1.6666667e-01
   6.6587678e-02   6.0317460e-01   6.5079365e-01   1.6666667e-01
   5.7701422e-02   6.0317460e-01   6.5079365e-01   1.6666667e-01
   5.3317536e-02   6.0317460e-01   6.5079365e-01   1.6666667e-01
   4.9763033e-02   6.0317460e-01   6.5079365e-01   1.6666667e-01
   4.5853081e-02   6.0317460e-01   6.3492063e-01   1.6666667e-01
   4.1706161e-02   6.0317460e-01   6.3492063e-01   1.6666667e-01
   3.9218009e-02   6.0317460e-01   6.1904762e-01   1.6666667e-01
   4.2772512e-02   5.7142857e-01   5.8730159e-01   1.6666667e-01
   3.7796209e-02   5.7142857e-01   5.8730159e-01   1.6666667e-01
   3.9810427e-02   5.7142857e-01   5.8730159e-01   1.6666667e-01
   4.6445498e-02   5.5555556e-01   5.8730159e-01   1.6666667e-01
   4.6090047e-02   5.3968254e-01   5.7142857e-01   1.6666667e-01
   3.8981043e-02   5.3968254e-01   5.5555556e-01   1.6666667e-01
   3.4241706e-02   5.3968254e-01   5.3968254e-01   1.6666667e-01
   2.7725118e-02   5.2380952e-01   5.2698413e-01   0.0000000e+00
   1.2085308e-02   5.0793651e-01   5.1428571e-01   0.0000000e+00
   2.2867299e-02   4.9206349e-01   5.0158730e-01   0.0000000e+00
   2.1090047e-02   4.7619048e-01   4.8888889e-01   0.0000000e+00
   2.9739336e-02   4.6031746e-01   4.7619048e-01   1.6666667e-01
   3.8388626e-02   4.2857143e-01   4.7619048e-01   1.6666667e-01
   4.5734597e-02   4.2857143e-01   4.6031746e-01   1.6666667e-01
   5.7109005e-02   4.2857143e-01   4.6031746e-01   1.6666667e-01
   7.1800948e-02   4.2857143e-01   4.6031746e-01   1.6666667e-01
   9.1113744e-02   4.1269841e-01   4.7619048e-01   1.6666667e-01
   1.2855450e-01   4.2857143e-01   4.9206349e-01   1.6666667e-01
   2.3874408e-01   4.2857143e-01   6.3492063e-01   1.6666667e-01
   3.1919431e-01   4.2857143e-01   6.5079365e-01   1.6666667e-01
   3.5473934e-01   4.2857143e-01   6.6666667e-01   1.6666667e-01
   3.4395735e-01   4.4444444e-01   6.6666667e-01   1.6666667e-01
   3.2286730e-01   4.6031746e-01   6.6666667e-01   1.6666667e-01
   3.0047393e-01   4.7619048e-01   6.6666667e-01   1.6666667e-01
   2.6836493e-01   4.9206349e-01   6.8253968e-01   1.6666667e-01
   2.3542654e-01   5.0793651e-01   6.8253968e-01   1.6666667e-01
   2.0450237e-01   5.2380952e-01   6.8253968e-01   1.6666667e-01
   1.6824645e-01   5.2380952e-01   6.6666667e-01   1.6666667e-01
   1.3696682e-01   5.2380952e-01   6.5079365e-01   1.6666667e-01
   1.1149289e-01   5.3968254e-01   6.3492063e-01   1.6666667e-01
   9.5260664e-02   5.3968254e-01   6.1904762e-01   1.6666667e-01
   7.4526066e-02   5.0793651e-01   6.0317460e-01   1.6666667e-01
   6.0900474e-02   5.0793651e-01   5.2380952e-01   1.6666667e-01
   4.2535545e-02   5.0793651e-01   5.2380952e-01   1.6666667e-01
   4.7748815e-02   4.7619048e-01   5.2380952e-01   1.6666667e-01
   5.2132701e-02   4.7619048e-01   5.0793651e-01   1.6666667e-01
   6.3151659e-02   4.6031746e-01   5.0793651e-01   1.6666667e-01
   7.4763033e-02   4.6031746e-01   5.0793651e-01   1.6666667e-01
   8.8744076e-02   4.6031746e-01   5.2380952e-01   1.6666667e-01
   1.1244076e-01   4.6031746e-01   5.3968254e-01   1.6666667e-01
   1.4917062e-01   4.6031746e-01   5.7142857e-01   1.6666667e-01
   1.7997630e-01   4.6031746e-01   5.8730159e-01   1.6666667e-01
   1.9881517e-01   4.7619048e-01   6.0317460e-01   1.6666667e-01
   1.9514218e-01   4.7619048e-01   6.0317460e-01   1.6666667e-01
   1.8246445e-01   4.9206349e-01   6.1904762e-01   1.6666667e-01
   1.6018957e-01   5.0793651e-01   6.3492063e-01   1.6666667e-01
   1.3234597e-01   5.0793651e-01   6.3492063e-01   1.6666667e-01
   1.0485782e-01   5.3968254e-01   6.3492063e-01   1.6666667e-01
   8.4597156e-02   5.7142857e-01   6.3492063e-01   1.6666667e-01
   6.2085308e-02   5.8730159e-01   6.5079365e-01   1.6666667e-01
   5.0473934e-02   6.0317460e-01   6.5079365e-01   1.6666667e-01
   4.2298578e-02   6.1904762e-01   6.5079365e-01   1.6666667e-01
   3.8388626e-02   6.1904762e-01   6.5079365e-01   1.6666667e-01
   3.5071090e-02   6.3492063e-01   6.5079365e-01   1.6666667e-01
   2.8672986e-02   6.3492063e-01   6.5079365e-01   1.6666667e-01
   1.8957346e-02   6.1706349e-01   6.3492063e-01   0.0000000e+00
   1.5284360e-02   5.9920635e-01   6.1904762e-01   0.0000000e+00
   1.1255924e-02   5.8134921e-01   6.0317460e-01   0.0000000e+00
   1.1729858e-02   5.6349206e-01   5.8730159e-01   0.0000000e+00
   1.0900474e-02   5.4563492e-01   5.7142857e-01   0.0000000e+00
   1.0071090e-02   5.2777778e-01   5.5555556e-01   0.0000000e+00
   9.8341232e-03   5.0992063e-01   5.3968254e-01   0.0000000e+00
   5.9360190e-02   4.9206349e-01   5.2380952e-01   1.6666667e-01
   1.4620853e-01   4.4444444e-01   5.7142857e-01   1.6666667e-01
   2.2796209e-01   4.2857143e-01   5.8730159e-01   1.6666667e-01
   2.8163507e-01   4.2857143e-01   6.0317460e-01   1.6666667e-01
   3.0639810e-01   4.1269841e-01   6.0317460e-01   1.6666667e-01
   3.3163507e-01   4.1269841e-01   6.1904762e-01   1.6666667e-01
   3.4620853e-01   4.1269841e-01   6.1904762e-01   1.6666667e-01
   3.4004739e-01   4.1269841e-01   6.3492063e-01   1.6666667e-01
   3.1919431e-01   3.9682540e-01   6.5079365e-01   1.6666667e-01
   2.9561611e-01   3.9682540e-01   6.5079365e-01   1.6666667e-01
   2.6789100e-01   3.9682540e-01   6.5079365e-01   1.6666667e-01
   2.3222749e-01   3.9682540e-01   6.6666667e-01   3.3333333e-01
   1.8601896e-01   3.9682540e-01   6.6666667e-01   3.3333333e-01
   1.4656398e-01   3.9682540e-01   6.6666667e-01   3.3333333e-01
   1.3471564e-01   3.9682540e-01   6.6666667e-01   3.3333333e-01
   1.1030806e-01   3.9682540e-01   6.6666667e-01   3.3333333e-01
   9.6327014e-02   4.1269841e-01   6.6666667e-01   3.3333333e-01
   7.5355450e-02   4.1269841e-01   6.6666667e-01   3.3333333e-01
   6.1966825e-02   4.2857143e-01   6.6666667e-01   3.3333333e-01
   4.0639810e-02   6.5079365e-01   6.5079365e-01   1.6666667e-01
   3.4123223e-02   5.8730159e-01   5.9523810e-01   0.0000000e+00
   4.8578199e-02   5.2380952e-01   5.3968254e-01   1.6666667e-01
   1.0011848e-01   4.7619048e-01   5.7142857e-01   1.6666667e-01
   1.7405213e-01   4.4444444e-01   5.7142857e-01   1.6666667e-01
   3.3732227e-01   2.8571429e-01   5.7142857e-01   5.0000000e-01
   5.8412322e-01   1.5873016e-01   5.8730159e-01   1.6666667e-01
   8.1646919e-01   3.1746032e-02   6.0317460e-01   1.6666667e-01
   9.3969194e-01   1.5873016e-02   6.0317460e-01   1.6666667e-01
   9.8601896e-01   1.5873016e-02   6.1904762e-01   1.6666667e-01
   9.9573460e-01   1.5873016e-02   6.1904762e-01   1.6666667e-01
   1.0000000e+00   1.5873016e-02   6.3492063e-01   1.6666667e-01
   9.3246445e-01   3.1746032e-02   6.3492063e-01   1.6666667e-01
   7.8092417e-01   3.1746032e-02   6.5079365e-01   1.6666667e-01
   6.3886256e-01   4.7619048e-02   6.5079365e-01   1.6666667e-01
   5.2227488e-01   6.3492063e-02   6.5079365e-01   1.6666667e-01
   3.9206161e-01   9.5238095e-02   6.6666667e-01   1.6666667e-01
   2.6504739e-01   4.2857143e-01   6.6666667e-01   3.3333333e-01
   9.9763033e-02   6.1904762e-01   6.6666667e-01   1.6666667e-01
   5.0118483e-02   6.1904762e-01   6.6666667e-01   1.6666667e-01
   4.9763033e-02   6.1904762e-01   6.6666667e-01   1.6666667e-01
   4.8222749e-02   6.1904762e-01   6.5079365e-01   1.6666667e-01
   4.9407583e-02   6.1904762e-01   6.5079365e-01   1.6666667e-01
   5.8767773e-02   6.0317460e-01   6.5079365e-01   1.6666667e-01
   7.1682464e-02   5.8730159e-01   6.5079365e-01   1.6666667e-01
   8.0687204e-02   5.7142857e-01   6.5079365e-01   1.6666667e-01
   8.6611374e-02   5.5555556e-01   6.3492063e-01   1.6666667e-01
   8.6611374e-02   5.5555556e-01   6.3492063e-01   1.6666667e-01
   8.9454976e-02   5.5555556e-01   6.3492063e-01   1.6666667e-01
   1.3009479e-01   3.9682540e-01   6.1904762e-01   5.0000000e-01
   1.8590047e-01   3.9682540e-01   6.1904762e-01   1.6666667e-01
   2.0177725e-01   3.9682540e-01   6.0317460e-01   1.6666667e-01
   1.9656398e-01   3.9682540e-01   5.8730159e-01   1.6666667e-01
   1.6907583e-01   3.9682540e-01   5.5555556e-01   1.6666667e-01
   1.3767773e-01   4.1269841e-01   5.3968254e-01   1.6666667e-01
   1.0936019e-01   4.1269841e-01   4.9206349e-01   1.6666667e-01
   8.8981043e-02   4.2857143e-01   4.9206349e-01   1.6666667e-01
   9.1943128e-02   4.4444444e-01   4.9206349e-01   1.6666667e-01
   1.3518957e-01   4.4444444e-01   6.0317460e-01   1.6666667e-01
   2.0533175e-01   4.6031746e-01   6.5079365e-01   1.6666667e-01
   2.4656398e-01   4.6031746e-01   6.6666667e-01   1.6666667e-01
   2.5722749e-01   4.7619048e-01   6.8253968e-01   1.6666667e-01
   2.3542654e-01   4.9206349e-01   6.8253968e-01   1.6666667e-01
   2.1030806e-01   5.0793651e-01   6.9841270e-01   1.6666667e-01
   1.8056872e-01   5.2380952e-01   6.9841270e-01   1.6666667e-01
   1.5225118e-01   5.3968254e-01   6.9841270e-01   1.6666667e-01
   1.2014218e-01   6.1904762e-01   7.1428571e-01   1.6666667e-01
   8.0094787e-02   6.6666667e-01   7.1428571e-01   1.6666667e-01
   5.9478673e-02   6.8253968e-01   7.1428571e-01   1.6666667e-01
   4.6563981e-02   6.8253968e-01   7.3015873e-01   1.6666667e-01
   4.5616114e-02   6.9841270e-01   7.3015873e-01   1.6666667e-01
   4.2772512e-02   6.9841270e-01   7.3015873e-01   1.6666667e-01
   4.0402844e-02   6.9841270e-01   7.3015873e-01   1.6666667e-01
   3.7559242e-02   6.9841270e-01   7.3015873e-01   1.6666667e-01
   3.1872038e-02   6.9841270e-01   7.3015873e-01   1.6666667e-01
   3.5189573e-02   6.9841270e-01   7.3015873e-01   1.6666667e-01
   3.4360190e-02   6.9841270e-01   7.1428571e-01   1.6666667e-01
   3.8270142e-02   6.8253968e-01   7.1428571e-01   1.6666667e-01
   5.5805687e-02   6.6666667e-01   7.1428571e-01   1.6666667e-01
   6.5521327e-02   6.5079365e-01   7.1428571e-01   1.6666667e-01
   7.0734597e-02   6.5079365e-01   7.1428571e-01   1.6666667e-01
   7.6421801e-02   6.5079365e-01   6.9841270e-01   1.6666667e-01
   1.1315166e-01   1.1111111e-01   6.9841270e-01   3.3333333e-01
   1.6090047e-01   9.5238095e-02   6.9841270e-01   5.0000000e-01
   2.2748815e-01   9.5238095e-02   6.9841270e-01   3.3333333e-01
   3.1492891e-01   9.5238095e-02   6.8253968e-01   3.3333333e-01
   4.0829384e-01   9.5238095e-02   6.3492063e-01   3.3333333e-01
   4.4514218e-01   1.1111111e-01   6.3492063e-01   3.3333333e-01
   4.6125592e-01   1.1111111e-01   6.5079365e-01   3.3333333e-01
   4.6445498e-01   1.2698413e-01   6.5079365e-01   3.3333333e-01
   4.5853081e-01   1.4285714e-01   6.6666667e-01   3.3333333e-01
   4.4372038e-01   4.1269841e-01   6.6666667e-01   1.6666667e-01
   3.9609005e-01   4.1269841e-01   6.8253968e-01   1.6666667e-01
   3.3909953e-01   4.1269841e-01   6.8253968e-01   1.6666667e-01
   2.9277251e-01   4.2857143e-01   6.8253968e-01   1.6666667e-01
   2.4881517e-01   4.4444444e-01   6.9841270e-01   1.6666667e-01
   1.9857820e-01   4.6031746e-01   6.9841270e-01   1.6666667e-01
   1.5426540e-01   6.5079365e-01   6.9841270e-01   1.6666667e-01
   8.8033175e-02   6.5079365e-01   6.9841270e-01   1.6666667e-01
   7.3222749e-02   6.5079365e-01   7.1428571e-01   1.6666667e-01
   6.3507109e-02   6.5079365e-01   7.1428571e-01   1.6666667e-01
   6.3151659e-02   6.5079365e-01   7.1428571e-01   1.6666667e-01
   5.8293839e-02   6.5079365e-01   6.9841270e-01   1.6666667e-01
   5.2606635e-02   6.5079365e-01   6.9841270e-01   1.6666667e-01
   4.3957346e-02   6.5079365e-01   6.8253968e-01   1.6666667e-01
   4.1706161e-02   6.5079365e-01   6.8253968e-01   1.6666667e-01
   4.1943128e-02   6.3492063e-01   6.6666667e-01   1.6666667e-01
   4.3009479e-02   6.3492063e-01   6.6666667e-01   1.6666667e-01
   4.6327014e-02   6.1904762e-01   6.5079365e-01   1.6666667e-01
   4.2298578e-02   6.0317460e-01   6.5079365e-01   1.6666667e-01
   4.7156398e-02   6.0317460e-01   6.3492063e-01   1.6666667e-01
   4.5142180e-02   5.8730159e-01   6.3492063e-01   1.6666667e-01
   5.5805687e-02   5.7142857e-01   6.1904762e-01   1.6666667e-01
   9.0521327e-02   5.5555556e-01   6.1904762e-01   1.6666667e-01
   1.3921801e-01   5.2380952e-01   6.1904762e-01   1.6666667e-01
   1.8921801e-01   4.9206349e-01   6.1904762e-01   1.6666667e-01
   2.3163507e-01   4.9206349e-01   6.3492063e-01   1.6666667e-01
   2.5959716e-01   4.7619048e-01   6.3492063e-01   1.6666667e-01
   2.9182464e-01   4.7619048e-01   6.5079365e-01   1.6666667e-01
   3.0343602e-01   4.6031746e-01   6.5079365e-01   1.6666667e-01
   2.9644550e-01   4.6031746e-01   6.6666667e-01   1.6666667e-01
   2.7476303e-01   4.6031746e-01   6.6666667e-01   1.6666667e-01
   2.5781991e-01   4.4444444e-01   6.8253968e-01   1.6666667e-01
   2.3554502e-01   4.4444444e-01   6.8253968e-01   1.6666667e-01
   2.1635071e-01   4.4444444e-01   6.8253968e-01   3.3333333e-01
   1.8507109e-01   4.4444444e-01   6.9841270e-01   3.3333333e-01
   1.5616114e-01   4.2857143e-01   6.9841270e-01   3.3333333e-01
   1.4383886e-01   4.2857143e-01   6.9841270e-01   3.3333333e-01
   1.3246445e-01   4.2857143e-01   6.9841270e-01   3.3333333e-01
   1.2582938e-01   4.2857143e-01   6.9841270e-01   3.3333333e-01
   1.1255924e-01   4.4444444e-01   6.9841270e-01   3.3333333e-01
   1.0793839e-01   4.4444444e-01   6.9841270e-01   3.3333333e-01
   1.0130332e-01   4.4444444e-01   6.6666667e-01   3.3333333e-01
   1.0118483e-01   4.6031746e-01   6.6666667e-01   3.3333333e-01
   1.1907583e-01   4.6031746e-01   6.6666667e-01   5.0000000e-01
   1.6007109e-01   4.7619048e-01   6.6666667e-01   3.3333333e-01
   2.0722749e-01   4.7619048e-01   6.6666667e-01   1.6666667e-01
   2.7405213e-01   4.4444444e-01   6.5079365e-01   1.6666667e-01
   3.3021327e-01   4.2857143e-01   6.3492063e-01   1.6666667e-01
   3.5675355e-01   4.1269841e-01   6.3492063e-01   1.6666667e-01
   3.7855450e-01   4.1269841e-01   6.3492063e-01   1.6666667e-01
   3.8732227e-01   4.1269841e-01   6.5079365e-01   1.6666667e-01
   3.6078199e-01   4.1269841e-01   6.5079365e-01   1.6666667e-01
   3.1575829e-01   4.1269841e-01   6.6666667e-01   1.6666667e-01
   2.7855450e-01   4.1269841e-01   6.6666667e-01   1.6666667e-01
   2.4135071e-01   4.2857143e-01   6.6666667e-01   1.6666667e-01
   1.8815166e-01   4.4444444e-01   6.8253968e-01   3.3333333e-01
   1.3400474e-01   6.1904762e-01   6.8253968e-01   1.6666667e-01
   6.1729858e-02   6.5079365e-01   6.8253968e-01   1.6666667e-01
   5.7109005e-02   6.5079365e-01   6.8253968e-01   1.6666667e-01
   4.8578199e-02   6.6666667e-01   6.9841270e-01   1.6666667e-01
   4.4194313e-02   6.6666667e-01   6.9841270e-01   1.6666667e-01
   4.5971564e-02   6.6666667e-01   6.9841270e-01   1.6666667e-01
   4.7867299e-02   6.6666667e-01   6.9841270e-01   1.6666667e-01
   5.2488152e-02   6.8253968e-01   6.9841270e-01   1.6666667e-01
   5.2014218e-02   6.8253968e-01   6.9841270e-01   1.6666667e-01
   5.0592417e-02   6.8253968e-01   6.9841270e-01   1.6666667e-01
   5.1421801e-02   6.8253968e-01   6.9841270e-01   1.6666667e-01
   4.5616114e-02   6.6666667e-01   6.6666667e-01   1.6666667e-01
   4.8578199e-02   6.6666667e-01   6.6666667e-01   0.0000000e+00
   4.3009479e-02   6.6666667e-01   6.6666667e-01   0.0000000e+00
   4.6208531e-02   6.6666667e-01   6.6666667e-01   0.0000000e+00
   3.5663507e-02   6.6666667e-01   6.6666667e-01   0.0000000e+00
