   2.4300000e+02
   1.9184652e-02   6.8115942e-01   6.8115942e-01   0.0000000e+00
   2.3980815e-02   6.8115942e-01   6.8115942e-01   0.0000000e+00
   1.8118838e-02   6.8115942e-01   6.8115942e-01   0.0000000e+00
   2.2648548e-02   6.8115942e-01   6.8115942e-01   0.0000000e+00
   2.0516920e-02   6.8115942e-01   6.8115942e-01   0.0000000e+00
   9.3258726e-03   6.8115942e-01   6.8115942e-01   0.0000000e+00
   4.1300293e-03   6.8115942e-01   6.8115942e-01   0.0000000e+00
   1.0924594e-02   6.8115942e-01   6.8115942e-01   0.0000000e+00
   3.3706368e-02   6.8115942e-01   6.8115942e-01   1.6666667e-01
   7.7005063e-02   6.6666667e-01   6.9565217e-01   1.6666667e-01
   1.7106315e-01   1.4492754e-01   6.9565217e-01   5.0000000e-01
   3.2054357e-01   1.3043478e-01   6.9565217e-01   5.0000000e-01
   4.6775913e-01   8.6956522e-02   7.1014493e-01   3.3333333e-01
   5.9205969e-01   7.2463768e-02   7.1014493e-01   3.3333333e-01
   7.3767653e-01   5.7971014e-02   7.1014493e-01   3.3333333e-01
   9.1073808e-01   5.7971014e-02   7.1014493e-01   1.6666667e-01
   1.0000000e+00   2.8985507e-02   7.1014493e-01   1.6666667e-01
   9.7295497e-01   1.4492754e-02   7.1014493e-01   3.3333333e-01
   8.7490008e-01   0.0000000e+00   7.1014493e-01   3.3333333e-01
   7.4686917e-01   0.0000000e+00   7.1014493e-01   3.3333333e-01
   6.4268585e-01   0.0000000e+00   6.9565217e-01   3.3333333e-01
   5.3024247e-01   0.0000000e+00   6.9565217e-01   3.3333333e-01
   4.2259526e-01   0.0000000e+00   6.9565217e-01   3.3333333e-01
   3.2027711e-01   0.0000000e+00   6.8115942e-01   5.0000000e-01
   2.4473754e-01   0.0000000e+00   6.6666667e-01   5.0000000e-01
   1.8012257e-01   0.0000000e+00   6.2318841e-01   5.0000000e-01
   1.3202771e-01   0.0000000e+00   3.3333333e-01   3.3333333e-01
   1.0271783e-01   0.0000000e+00   3.3333333e-01   3.3333333e-01
   9.6722622e-02   0.0000000e+00   3.3333333e-01   3.3333333e-01
   8.0468958e-02   1.4492754e-02   3.3333333e-01   3.3333333e-01
   6.6213696e-02   1.4492754e-02   3.1884058e-01   3.3333333e-01
   1.0031974e-01   2.8985507e-02   5.7971014e-02   1.6666667e-01
   1.2509992e-01   5.7971014e-02   2.1739130e-01   3.3333333e-01
   1.2976286e-01   8.6956522e-02   2.3188406e-01   3.3333333e-01
   1.0857980e-01   1.1594203e-01   2.3188406e-01   3.3333333e-01
   8.0202505e-02   1.7391304e-01   2.8079710e-01   0.0000000e+00
   2.0650147e-02   2.3188406e-01   3.2971014e-01   0.0000000e+00
   2.6645350e-04   2.8985507e-01   3.7862319e-01   0.0000000e+00
   2.6645350e-04   3.4782609e-01   4.2753623e-01   0.0000000e+00
   2.6645350e-04   4.0579710e-01   4.7644928e-01   0.0000000e+00
   2.6645350e-04   4.6376812e-01   5.2536232e-01   0.0000000e+00
   1.0658140e-03   5.2173913e-01   5.7427536e-01   0.0000000e+00
   5.3024247e-02   5.7971014e-01   6.2318841e-01   1.6666667e-01
   1.2070344e-01   5.3623188e-01   6.3768116e-01   1.6666667e-01
   1.7732481e-01   5.2173913e-01   6.5217391e-01   1.6666667e-01
   2.0223821e-01   5.2173913e-01   6.5217391e-01   1.6666667e-01
   2.0730083e-01   5.2173913e-01   6.6666667e-01   1.6666667e-01
   2.1129763e-01   5.0724638e-01   6.6666667e-01   1.6666667e-01
   2.0463629e-01   5.0724638e-01   6.8115942e-01   1.6666667e-01
   1.8851585e-01   5.0724638e-01   6.8115942e-01   1.6666667e-01
   1.7292832e-01   5.2173913e-01   6.8115942e-01   3.3333333e-01
   1.4761524e-01   5.2173913e-01   6.8115942e-01   3.3333333e-01
   1.3189448e-01   5.2173913e-01   6.8115942e-01   3.3333333e-01
   1.2962963e-01   5.3623188e-01   6.8115942e-01   3.3333333e-01
   1.2803091e-01   5.3623188e-01   6.8115942e-01   3.3333333e-01
   1.1963762e-01   5.5072464e-01   6.0869565e-01   1.6666667e-01
   1.1004530e-01   5.5072464e-01   6.2318841e-01   1.6666667e-01
   1.0138556e-01   5.5072464e-01   6.2318841e-01   1.6666667e-01
   9.2059686e-02   5.5072464e-01   6.2318841e-01   1.6666667e-01
   6.4614975e-02   5.6521739e-01   6.0869565e-01   1.6666667e-01
   3.7303491e-02   5.9420290e-01   5.9420290e-01   1.6666667e-01
   1.6120437e-02   5.8454106e-01   5.8695652e-01   0.0000000e+00
   0.0000000e+00   5.7487923e-01   5.7971014e-01   0.0000000e+00
   2.6645350e-04   5.6521739e-01   5.7246377e-01   0.0000000e+00
   2.6645350e-04   5.5555556e-01   5.6521739e-01   0.0000000e+00
   2.6645350e-04   5.4589372e-01   5.5797101e-01   0.0000000e+00
   2.6645350e-04   5.3623188e-01   5.5072464e-01   0.0000000e+00
   2.6645350e-04   5.2657005e-01   5.4347826e-01   0.0000000e+00
   2.6645350e-04   5.1690821e-01   5.3623188e-01   0.0000000e+00
   2.6645350e-04   5.0724638e-01   5.2898551e-01   0.0000000e+00
   5.3290701e-04   4.9758454e-01   5.2173913e-01   0.0000000e+00
   1.4921396e-02   4.8792271e-01   5.1449275e-01   0.0000000e+00
   5.0226485e-02   4.7826087e-01   5.0724638e-01   1.6666667e-01
   1.4095390e-01   4.6376812e-01   5.3623188e-01   1.6666667e-01
   2.8670397e-01   3.9130435e-01   5.7971014e-01   1.6666667e-01
   4.3098854e-01   3.4782609e-01   5.9420290e-01   1.6666667e-01
   5.4143352e-01   3.1884058e-01   6.0869565e-01   1.6666667e-01
   6.2416733e-01   2.8985507e-01   6.2318841e-01   1.6666667e-01
   6.5214495e-01   2.7536232e-01   6.2318841e-01   1.6666667e-01
   6.2163602e-01   2.4637681e-01   6.3768116e-01   1.6666667e-01
   5.7021050e-01   2.3188406e-01   6.3768116e-01   1.6666667e-01
   5.2398082e-01   2.1739130e-01   6.5217391e-01   1.6666667e-01
   4.6749267e-01   1.8840580e-01   6.5217391e-01   1.6666667e-01
   4.0500933e-01   1.7391304e-01   6.5217391e-01   3.3333333e-01
   3.1588063e-01   1.7391304e-01   6.6666667e-01   5.0000000e-01
   2.4713562e-01   1.7391304e-01   6.6666667e-01   5.0000000e-01
   1.9237943e-01   1.7391304e-01   6.6666667e-01   5.0000000e-01
   1.5480949e-01   1.7391304e-01   6.6666667e-01   3.3333333e-01
   1.2749800e-01   1.8840580e-01   6.8115942e-01   3.3333333e-01
   1.0378364e-01   1.8840580e-01   6.8115942e-01   3.3333333e-01
   1.2163602e-01   2.0289855e-01   6.8115942e-01   3.3333333e-01
   1.3922196e-01   2.1739130e-01   6.8115942e-01   5.0000000e-01
   1.5134559e-01   2.3188406e-01   6.8115942e-01   5.0000000e-01
   1.2989608e-01   2.6086957e-01   6.6666667e-01   3.3333333e-01
   9.0460965e-02   6.3768116e-01   6.6666667e-01   1.6666667e-01
   5.5022649e-02   6.3768116e-01   6.6666667e-01   1.6666667e-01
   2.9176659e-02   6.2898551e-01   6.5797101e-01   0.0000000e+00
   1.6120437e-02   6.2028986e-01   6.4927536e-01   0.0000000e+00
   0.0000000e+00   6.1159420e-01   6.4057971e-01   0.0000000e+00
   5.4622968e-03   6.0289855e-01   6.3188406e-01   0.0000000e+00
   4.9293898e-03   5.9420290e-01   6.2318841e-01   0.0000000e+00
   2.6645350e-04   5.8550725e-01   6.1449275e-01   0.0000000e+00
   2.6645350e-04   5.7681159e-01   6.0579710e-01   0.0000000e+00
   5.3290701e-04   5.6811594e-01   5.9710145e-01   0.0000000e+00
   1.1857181e-02   5.5942029e-01   5.8840580e-01   0.0000000e+00
   5.1159073e-02   5.5072464e-01   5.7971014e-01   1.6666667e-01
   1.1337597e-01   5.2173913e-01   6.0869565e-01   1.6666667e-01
   1.7612577e-01   5.2173913e-01   6.2318841e-01   1.6666667e-01
   2.1236344e-01   5.2173913e-01   6.2318841e-01   1.6666667e-01
   2.1502798e-01   5.0724638e-01   6.3768116e-01   1.6666667e-01
   1.9997335e-01   5.0724638e-01   6.3768116e-01   1.6666667e-01
   1.8398614e-01   5.0724638e-01   6.5217391e-01   1.6666667e-01
   1.6719957e-01   5.0724638e-01   6.5217391e-01   1.6666667e-01
   1.4761524e-01   5.2173913e-01   6.5217391e-01   1.6666667e-01
   1.2456701e-01   5.2173913e-01   6.6666667e-01   3.3333333e-01
   8.8862244e-02   5.2173913e-01   6.6666667e-01   3.3333333e-01
   8.3266720e-02   5.2173913e-01   6.6666667e-01   3.3333333e-01
   7.8337330e-02   5.3623188e-01   6.6666667e-01   3.3333333e-01
   8.2467359e-02   5.3623188e-01   6.6666667e-01   3.3333333e-01
   7.9269917e-02   5.3623188e-01   6.8115942e-01   3.3333333e-01
   8.0868638e-02   5.5072464e-01   6.8115942e-01   3.3333333e-01
   8.4066080e-02   5.5072464e-01   6.8115942e-01   3.3333333e-01
   8.7663203e-02   5.6521739e-01   6.6666667e-01   3.3333333e-01
   1.0178524e-01   5.6521739e-01   6.6666667e-01   3.3333333e-01
   1.5081268e-01   5.3623188e-01   6.6666667e-01   1.6666667e-01
   2.3367972e-01   4.9275362e-01   6.2318841e-01   1.6666667e-01
   3.2240874e-01   4.6376812e-01   6.3768116e-01   1.6666667e-01
   4.0567546e-01   4.2028986e-01   6.3768116e-01   1.6666667e-01
   4.7215561e-01   3.9130435e-01   6.3768116e-01   1.6666667e-01
   5.0959233e-01   3.7681159e-01   6.5217391e-01   1.6666667e-01
   4.8467892e-01   3.7681159e-01   6.5217391e-01   1.6666667e-01
   4.2406075e-01   3.6231884e-01   6.6666667e-01   1.6666667e-01
   3.8475886e-01   3.4782609e-01   6.6666667e-01   1.6666667e-01
   3.2747136e-01   3.4782609e-01   6.6666667e-01   1.6666667e-01
   2.5099920e-01   3.6231884e-01   6.6666667e-01   3.3333333e-01
   1.6506795e-01   3.7681159e-01   6.8115942e-01   3.3333333e-01
   5.6354916e-02   6.6666667e-01   6.8115942e-01   1.6666667e-01
   2.3581135e-02   6.6666667e-01   6.8115942e-01   1.6666667e-01
   1.5587530e-02   6.5551839e-01   6.7558528e-01   0.0000000e+00
   1.3589129e-02   6.4437012e-01   6.7001115e-01   0.0000000e+00
   1.2256861e-02   6.3322185e-01   6.6443701e-01   0.0000000e+00
   1.0924594e-02   6.2207358e-01   6.5886288e-01   0.0000000e+00
   5.1958433e-03   6.1092531e-01   6.5328874e-01   0.0000000e+00
   1.3322675e-04   5.9977703e-01   6.4771460e-01   0.0000000e+00
   5.3290701e-04   5.8862876e-01   6.4214047e-01   0.0000000e+00
   1.1324274e-02   5.7748049e-01   6.3656633e-01   0.0000000e+00
   1.2922995e-02   5.6633222e-01   6.3099220e-01   0.0000000e+00
   1.1857181e-02   5.5518395e-01   6.2541806e-01   0.0000000e+00
   5.7287503e-03   5.4403567e-01   6.1984392e-01   0.0000000e+00
   4.7029043e-02   5.3288740e-01   6.1426979e-01   0.0000000e+00
   1.2856382e-01   5.2173913e-01   6.0869565e-01   1.6666667e-01
   2.0130562e-01   5.0724638e-01   6.2318841e-01   1.6666667e-01
   2.2408740e-01   5.0724638e-01   6.2318841e-01   1.6666667e-01
   2.4207301e-01   2.0289855e-01   6.3768116e-01   3.3333333e-01
   2.1955769e-01   2.0289855e-01   6.3768116e-01   3.3333333e-01
   2.0796696e-01   2.0289855e-01   6.3768116e-01   3.3333333e-01
   1.8665068e-01   2.1739130e-01   6.5217391e-01   3.3333333e-01
   1.3762323e-01   2.3188406e-01   6.5217391e-01   3.3333333e-01
   9.3924860e-02   6.3768116e-01   6.5217391e-01   1.6666667e-01
   3.0908606e-02   6.5217391e-01   6.5217391e-01   1.6666667e-01
   2.2382094e-02   6.5217391e-01   6.6666667e-01   1.6666667e-01
   1.5987210e-02   6.6666667e-01   6.6666667e-01   1.6666667e-01
   1.9717559e-02   6.6666667e-01   6.6666667e-01   1.6666667e-01
   1.4255262e-02   6.5217391e-01   6.5338164e-01   0.0000000e+00
   1.1590727e-02   6.3768116e-01   6.4009662e-01   0.0000000e+00
   0.0000000e+00   6.2318841e-01   6.2681159e-01   0.0000000e+00
   2.6645350e-04   6.0869565e-01   6.1352657e-01   0.0000000e+00
   2.6645350e-04   5.9420290e-01   6.0024155e-01   0.0000000e+00
   2.6645350e-04   5.7971014e-01   5.8695652e-01   0.0000000e+00
   3.9968026e-04   5.6521739e-01   5.7367150e-01   0.0000000e+00
   5.3290701e-03   5.5072464e-01   5.6038647e-01   0.0000000e+00
   4.9293898e-03   5.3623188e-01   5.4710145e-01   0.0000000e+00
   1.3322675e-04   5.2173913e-01   5.3381643e-01   0.0000000e+00
   6.6613376e-04   5.0724638e-01   5.2053140e-01   0.0000000e+00
   3.0508926e-02   4.9275362e-01   5.0724638e-01   1.6666667e-01
   6.7945643e-02   4.7826087e-01   5.3623188e-01   1.6666667e-01
   1.1204370e-01   4.7826087e-01   5.5072464e-01   1.6666667e-01
   1.4175326e-01   4.7826087e-01   5.7971014e-01   1.6666667e-01
   1.7346123e-01   4.7826087e-01   6.0869565e-01   1.6666667e-01
   2.0450306e-01   4.6376812e-01   6.2318841e-01   1.6666667e-01
   2.2009059e-01   4.6376812e-01   6.3768116e-01   1.6666667e-01
   2.2248868e-01   4.6376812e-01   6.3768116e-01   3.3333333e-01
   2.3194778e-01   4.7826087e-01   6.3768116e-01   1.6666667e-01
   2.3114841e-01   4.7826087e-01   6.5217391e-01   1.6666667e-01
   2.1822542e-01   4.9275362e-01   6.5217391e-01   1.6666667e-01
   1.9038103e-01   4.9275362e-01   6.5217391e-01   1.6666667e-01
   1.6600053e-01   5.0724638e-01   6.5217391e-01   1.6666667e-01
   1.3589129e-01   5.2173913e-01   6.6666667e-01   3.3333333e-01
   1.0338396e-01   5.3623188e-01   6.6666667e-01   3.3333333e-01
   7.5806022e-02   5.6521739e-01   6.6666667e-01   3.3333333e-01
   4.9560352e-02   6.3768116e-01   6.5217391e-01   1.6666667e-01
   3.4772182e-02   6.3768116e-01   6.5217391e-01   1.6666667e-01
   3.5571543e-02   6.3768116e-01   6.5217391e-01   1.6666667e-01
   3.4772182e-02   6.3768116e-01   6.5217391e-01   1.6666667e-01
   4.6229683e-02   6.3768116e-01   6.5217391e-01   1.6666667e-01
   5.9685585e-02   5.9420290e-01   6.3768116e-01   1.6666667e-01
   7.4473754e-02   5.7971014e-01   6.3768116e-01   1.6666667e-01
   9.0594191e-02   5.6521739e-01   6.3768116e-01   1.6666667e-01
   1.0205169e-01   5.5072464e-01   6.2318841e-01   1.6666667e-01
   1.0325073e-01   5.3623188e-01   6.2318841e-01   1.6666667e-01
   1.1257661e-01   5.3623188e-01   6.2318841e-01   1.6666667e-01
   1.1537437e-01   5.2173913e-01   6.2318841e-01   1.6666667e-01
   1.1217693e-01   5.0724638e-01   5.9420290e-01   1.6666667e-01
   1.1284306e-01   4.9275362e-01   5.7971014e-01   1.6666667e-01
   9.4191314e-02   4.7826087e-01   5.6521739e-01   1.6666667e-01
   9.4457767e-02   4.7826087e-01   5.5072464e-01   1.6666667e-01
   8.5398348e-02   4.7826087e-01   5.3623188e-01   1.6666667e-01
   8.2867040e-02   4.7826087e-01   5.3623188e-01   1.6666667e-01
   9.4724221e-02   4.7826087e-01   5.5072464e-01   1.6666667e-01
   1.2789768e-01   4.9275362e-01   5.6521739e-01   1.6666667e-01
   1.5614175e-01   4.9275362e-01   5.7971014e-01   1.6666667e-01
   1.6413536e-01   4.9275362e-01   5.9420290e-01   1.6666667e-01
   1.6560085e-01   5.0724638e-01   6.0869565e-01   1.6666667e-01
   1.5840661e-01   5.0724638e-01   6.2318841e-01   1.6666667e-01
   1.5281108e-01   5.2173913e-01   6.2318841e-01   1.6666667e-01
   1.3469225e-01   5.3623188e-01   6.3768116e-01   1.6666667e-01
   1.1697309e-01   5.7971014e-01   6.3768116e-01   1.6666667e-01
   9.5790035e-02   5.9420290e-01   6.5217391e-01   1.6666667e-01
   8.0069278e-02   6.0869565e-01   6.5217391e-01   1.6666667e-01
   8.2467359e-02   6.0869565e-01   6.5217391e-01   1.6666667e-01
   7.8470557e-02   6.0869565e-01   6.6666667e-01   1.6666667e-01
   7.7537970e-02   6.0869565e-01   6.6666667e-01   1.6666667e-01
   7.9403144e-02   6.0869565e-01   6.6666667e-01   1.6666667e-01
   7.7537970e-02   6.0869565e-01   6.5217391e-01   1.6666667e-01
   7.9669598e-02   5.9420290e-01   6.5217391e-01   1.6666667e-01
   9.6456168e-02   5.9420290e-01   6.3768116e-01   1.6666667e-01
   1.2629896e-01   5.0724638e-01   6.2318841e-01   1.6666667e-01
   1.6253664e-01   4.9275362e-01   6.0869565e-01   3.3333333e-01
   1.9171330e-01   4.7826087e-01   5.7971014e-01   1.6666667e-01
   2.1689315e-01   4.7826087e-01   7.2463768e-01   3.3333333e-01
   2.4020783e-01   4.7826087e-01   7.3913043e-01   3.3333333e-01
   2.5739408e-01   4.7826087e-01   7.3913043e-01   3.3333333e-01
   2.8284039e-01   4.9275362e-01   7.3913043e-01   3.3333333e-01
   3.1881162e-01   4.9275362e-01   7.3913043e-01   3.3333333e-01
   3.5331735e-01   5.0724638e-01   7.3913043e-01   1.6666667e-01
   3.5131894e-01   5.3623188e-01   7.3913043e-01   1.6666667e-01
   3.1854516e-01   5.5072464e-01   7.2463768e-01   1.6666667e-01
   2.7298161e-01   5.5072464e-01   7.1014493e-01   1.6666667e-01
   2.2208900e-01   5.6521739e-01   7.1014493e-01   1.6666667e-01
   1.7279510e-01   5.7971014e-01   6.9565217e-01   1.6666667e-01
   1.3735678e-01   5.9420290e-01   6.8115942e-01   1.6666667e-01
   9.7921663e-02   6.2318841e-01   6.8115942e-01   1.6666667e-01
   5.8486544e-02   6.2318841e-01   6.8115942e-01   0.0000000e+00
