   1.5100000e+02
   1.6766163e-02   2.5757576e-01   2.5757576e-01   0.0000000e+00
   2.2735933e-02   2.5757576e-01   2.5757576e-01   0.0000000e+00
   2.5276261e-02   2.5757576e-01   2.5757576e-01   1.6666667e-01
   2.5657310e-02   2.5757576e-01   2.5757576e-01   1.6666667e-01
   2.6165375e-02   2.5757576e-01   2.5757576e-01   1.6666667e-01
   2.6165375e-02   2.4242424e-01   2.5757576e-01   1.6666667e-01
   2.5149244e-02   2.4242424e-01   2.5757576e-01   1.6666667e-01
   2.5784326e-02   2.5757576e-01   2.5757576e-01   1.6666667e-01
   3.4167408e-02   2.4242424e-01   2.5757576e-01   1.6666667e-01
   5.7919472e-02   2.4242424e-01   4.2424242e-01   3.3333333e-01
   1.4073415e-01   2.4242424e-01   4.3939394e-01   3.3333333e-01
   3.4192811e-01   9.0909091e-02   4.5454545e-01   3.3333333e-01
   6.2822304e-01   3.0303030e-02   5.9090909e-01   3.3333333e-01
   8.8949574e-01   1.5151515e-02   6.5151515e-01   1.6666667e-01
   1.0000000e+00   0.0000000e+00   6.6666667e-01   1.6666667e-01
   9.8348787e-01   0.0000000e+00   6.8181818e-01   1.6666667e-01
   9.4131843e-01   0.0000000e+00   6.8181818e-01   1.6666667e-01
   8.6955417e-01   0.0000000e+00   6.8181818e-01   1.6666667e-01
   7.6641687e-01   0.0000000e+00   6.9696970e-01   3.3333333e-01
   6.4905373e-01   2.2727273e-01   6.9696970e-01   1.6666667e-01
   5.2267242e-01   2.2727273e-01   6.9696970e-01   3.3333333e-01
   4.4214404e-01   2.4242424e-01   6.9696970e-01   5.0000000e-01
   3.6745840e-01   2.4242424e-01   6.9696970e-01   5.0000000e-01
   2.8324654e-01   2.7272727e-01   6.2121212e-01   3.3333333e-01
   2.2774038e-01   2.7272727e-01   5.9090909e-01   3.3333333e-01
   1.8633304e-01   2.4242424e-01   5.7575758e-01   5.0000000e-01
   1.6080274e-01   2.4242424e-01   5.6060606e-01   5.0000000e-01
   1.3984504e-01   4.8484848e-01   5.4545455e-01   1.6666667e-01
   1.2460307e-01   1.8181818e-01   5.4545455e-01   3.3333333e-01
   1.3044583e-01   1.6666667e-01   5.3030303e-01   3.3333333e-01
   1.4035311e-01   1.5151515e-01   5.3030303e-01   3.3333333e-01
   1.8646005e-01   3.0303030e-02   5.3030303e-01   5.0000000e-01
   2.1923028e-01   0.0000000e+00   5.4545455e-01   5.0000000e-01
   2.3574241e-01   0.0000000e+00   5.6060606e-01   5.0000000e-01
   2.3663153e-01   0.0000000e+00   5.7575758e-01   5.0000000e-01
   2.1478471e-01   1.5151515e-02   5.9090909e-01   3.3333333e-01
   1.7629874e-01   4.5454545e-02   5.9090909e-01   3.3333333e-01
   1.4733901e-01   5.3030303e-01   6.0606061e-01   1.6666667e-01
   1.2155468e-01   5.3030303e-01   6.0606061e-01   1.6666667e-01
   1.1279055e-01   5.4545455e-01   6.2121212e-01   1.6666667e-01
   1.0212117e-01   5.6060606e-01   6.2121212e-01   1.6666667e-01
   9.3103010e-02   5.7575758e-01   6.3636364e-01   1.6666667e-01
   8.3957831e-02   5.7575758e-01   6.3636364e-01   1.6666667e-01
   7.3542487e-02   5.9090909e-01   6.3636364e-01   1.6666667e-01
   6.9223930e-02   6.0606061e-01   6.3636364e-01   1.6666667e-01
   6.7572717e-02   6.0606061e-01   6.5151515e-01   1.6666667e-01
   6.7826750e-02   6.0606061e-01   6.5151515e-01   1.6666667e-01
   6.5032389e-02   6.0606061e-01   6.5151515e-01   1.6666667e-01
   5.8427537e-02   6.0606061e-01   6.5151515e-01   1.6666667e-01
   5.3346882e-02   6.0606061e-01   6.5151515e-01   1.6666667e-01
   4.7504128e-02   6.0606061e-01   6.5151515e-01   1.6666667e-01
   4.0391210e-02   6.0606061e-01   6.5151515e-01   1.6666667e-01
   3.3913375e-02   6.0606061e-01   6.2121212e-01   1.6666667e-01
   2.1719802e-02   6.0101010e-01   6.1616162e-01   0.0000000e+00
   1.5623015e-02   5.9595960e-01   6.1111111e-01   0.0000000e+00
   1.1304458e-02   5.9090909e-01   6.0606061e-01   0.0000000e+00
   5.2076718e-03   5.8585859e-01   6.0101010e-01   0.0000000e+00
   0.0000000e+00   5.8080808e-01   5.9595960e-01   0.0000000e+00
   3.8104916e-04   5.7575758e-01   5.9090909e-01   0.0000000e+00
   1.2701639e-03   5.7070707e-01   5.8585859e-01   0.0000000e+00
   4.5725899e-03   5.6565657e-01   5.8080808e-01   0.0000000e+00
   3.3024260e-03   5.6060606e-01   5.7575758e-01   0.0000000e+00
   0.0000000e+00   5.5555556e-01   5.7070707e-01   0.0000000e+00
   2.5403277e-03   5.5050505e-01   5.6565657e-01   0.0000000e+00
   2.7181506e-02   5.4545455e-01   5.6060606e-01   1.6666667e-01
   7.4177569e-02   5.3030303e-01   5.9090909e-01   1.6666667e-01
   1.3730471e-01   5.1515152e-01   6.0606061e-01   1.6666667e-01
   1.9115966e-01   5.0000000e-01   6.0606061e-01   1.6666667e-01
   2.3459926e-01   4.8484848e-01   6.2121212e-01   1.6666667e-01
   2.6597231e-01   4.6969697e-01   6.3636364e-01   1.6666667e-01
   2.9353487e-01   4.6969697e-01   6.3636364e-01   1.6666667e-01
   3.0776070e-01   4.5454545e-01   6.3636364e-01   1.6666667e-01
   3.0585546e-01   4.5454545e-01   6.5151515e-01   1.6666667e-01
   2.9836149e-01   4.5454545e-01   6.5151515e-01   1.6666667e-01
   2.8731106e-01   4.3939394e-01   6.6666667e-01   1.6666667e-01
   2.7753080e-01   4.3939394e-01   6.6666667e-01   3.3333333e-01
   2.6825861e-01   4.3939394e-01   6.6666667e-01   3.3333333e-01
   2.5847834e-01   4.3939394e-01   6.6666667e-01   3.3333333e-01
   2.4082307e-01   4.3939394e-01   6.6666667e-01   3.3333333e-01
   2.3942589e-01   4.5454545e-01   6.8181818e-01   3.3333333e-01
   2.4056903e-01   4.5454545e-01   6.8181818e-01   3.3333333e-01
   2.5047631e-01   4.5454545e-01   6.8181818e-01   3.3333333e-01
   2.6317795e-01   4.6969697e-01   6.8181818e-01   1.6666667e-01
   2.6597231e-01   4.6969697e-01   6.6666667e-01   1.6666667e-01
   2.5924044e-01   4.8484848e-01   6.6666667e-01   1.6666667e-01
   2.3282103e-01   5.0000000e-01   6.5151515e-01   1.6666667e-01
   2.0487743e-01   5.1515152e-01   6.5151515e-01   1.6666667e-01
   1.8976248e-01   5.1515152e-01   6.3636364e-01   1.6666667e-01
   1.7261527e-01   5.3030303e-01   6.3636364e-01   1.6666667e-01
   1.5775435e-01   5.3030303e-01   6.3636364e-01   1.6666667e-01
   1.4822812e-01   5.4545455e-01   6.2121212e-01   1.6666667e-01
   1.3946399e-01   5.4545455e-01   6.2121212e-01   1.6666667e-01
   1.2473009e-01   5.6060606e-01   6.3636364e-01   1.6666667e-01
   1.0999619e-01   5.6060606e-01   6.3636364e-01   1.6666667e-01
   9.3230027e-02   5.7575758e-01   6.3636364e-01   1.6666667e-01
   7.5066684e-02   5.9090909e-01   6.3636364e-01   1.6666667e-01
   6.5032389e-02   6.0606061e-01   6.5151515e-01   1.6666667e-01
   5.6141242e-02   6.2121212e-01   6.5151515e-01   1.6666667e-01
   4.9155341e-02   6.2121212e-01   6.6666667e-01   1.6666667e-01
   4.8520259e-02   6.3636364e-01   6.6666667e-01   1.6666667e-01
   5.1568652e-02   6.3636364e-01   6.6666667e-01   1.6666667e-01
   5.3727931e-02   6.3636364e-01   6.8181818e-01   1.6666667e-01
   5.8300521e-02   6.5151515e-01   6.8181818e-01   1.6666667e-01
   6.0078750e-02   6.5151515e-01   6.8181818e-01   1.6666667e-01
   6.2365045e-02   6.5151515e-01   6.8181818e-01   1.6666667e-01
   6.9986028e-02   6.3636364e-01   6.8181818e-01   1.6666667e-01
   8.3576781e-02   6.2121212e-01   6.8181818e-01   1.6666667e-01
   9.8310682e-02   6.2121212e-01   6.8181818e-01   1.6666667e-01
   1.0631271e-01   6.0606061e-01   6.8181818e-01   1.6666667e-01
   1.1672806e-01   5.9090909e-01   6.8181818e-01   1.6666667e-01
   1.3336720e-01   5.7575758e-01   6.8181818e-01   1.6666667e-01
   1.5102248e-01   5.6060606e-01   6.6666667e-01   1.6666667e-01
   1.7286930e-01   5.3030303e-01   6.6666667e-01   1.6666667e-01
   1.9255684e-01   5.1515152e-01   6.5151515e-01   1.6666667e-01
   2.0475041e-01   5.0000000e-01   6.5151515e-01   1.6666667e-01
   2.1707100e-01   4.5454545e-01   6.3636364e-01   1.6666667e-01
   2.4298234e-01   4.0909091e-01   6.2121212e-01   1.6666667e-01
   2.5606503e-01   3.7878788e-01   6.2121212e-01   1.6666667e-01
   2.7435539e-01   3.6363636e-01   6.0606061e-01   1.6666667e-01
   3.4205513e-01   2.4242424e-01   5.9090909e-01   1.6666667e-01
   4.6005335e-01   1.5151515e-01   5.3030303e-01   1.6666667e-01
   5.5214023e-01   1.5151515e-01   5.1515152e-01   1.6666667e-01
   6.4524324e-01   1.3636364e-01   6.3636364e-01   1.6666667e-01
   7.8686651e-01   1.3636364e-01   6.6666667e-01   1.6666667e-01
   8.7044329e-01   1.5151515e-01   6.8181818e-01   1.6666667e-01
   8.5634447e-01   1.5151515e-01   6.9696970e-01   1.6666667e-01
   8.1353995e-01   1.6666667e-01   7.1212121e-01   1.6666667e-01
   7.5206402e-01   1.8181818e-01   7.1212121e-01   1.6666667e-01
   6.7572717e-01   1.9696970e-01   7.1212121e-01   3.3333333e-01
   5.8160803e-01   3.4848485e-01   7.2727273e-01   1.6666667e-01
   4.6500699e-01   3.7878788e-01   7.2727273e-01   1.6666667e-01
   3.5513781e-01   4.5454545e-01   7.2727273e-01   1.6666667e-01
   2.5987552e-01   4.6969697e-01   7.2727273e-01   1.6666667e-01
   1.8531691e-01   5.0000000e-01   7.2727273e-01   3.3333333e-01
   1.2879461e-01   5.0000000e-01   7.1212121e-01   3.3333333e-01
   7.5828782e-02   5.0000000e-01   5.4545455e-01   1.6666667e-01
   4.5471866e-02   5.0000000e-01   5.3030303e-01   1.6666667e-01
   4.4201702e-02   5.0000000e-01   5.3030303e-01   1.6666667e-01
   4.2931538e-02   5.0000000e-01   5.1515152e-01   1.6666667e-01
   4.1153309e-02   5.0000000e-01   5.1515152e-01   1.6666667e-01
   4.2931538e-02   5.0000000e-01   5.1515152e-01   1.6666667e-01
   4.1915407e-02   5.0000000e-01   5.1515152e-01   1.6666667e-01
   3.9248063e-02   5.0000000e-01   5.1515152e-01   1.6666667e-01
   3.6961768e-02   5.0000000e-01   5.1515152e-01   1.6666667e-01
   3.5056522e-02   5.0000000e-01   5.0000000e-01   1.6666667e-01
   3.0864982e-02   5.0000000e-01   5.0000000e-01   0.0000000e+00
   3.0737965e-02   5.0000000e-01   5.0000000e-01   0.0000000e+00
   3.0991998e-02   5.0000000e-01   5.0000000e-01   0.0000000e+00
   3.2008129e-02   5.0000000e-01   5.0000000e-01   0.0000000e+00
   3.2643211e-02   5.0000000e-01   5.0000000e-01   0.0000000e+00
   3.0864982e-02   5.0000000e-01   5.0000000e-01   0.0000000e+00
