   2.4600000e+02
   0.0000000e+00   6.1616162e-01   6.1616162e-01   1.6666667e-01
   5.8415480e-03   6.2626263e-01   6.2626263e-01   1.6666667e-01
   1.1865644e-02   6.0606061e-01   6.1616162e-01   1.6666667e-01
   1.3234757e-02   6.0606061e-01   6.1616162e-01   1.6666667e-01
   1.8254838e-02   5.9595960e-01   6.0606061e-01   1.6666667e-01
   1.6611902e-02   5.8585859e-01   6.0606061e-01   1.6666667e-01
   1.3234757e-02   5.8585859e-01   6.0606061e-01   1.6666667e-01
   1.8985031e-02   5.9595960e-01   5.9595960e-01   1.6666667e-01
   2.2088353e-02   5.3535354e-01   5.4545455e-01   1.6666667e-01
   2.2270902e-02   5.2525253e-01   5.5555556e-01   1.6666667e-01
   2.3092369e-02   5.2525253e-01   5.5555556e-01   1.6666667e-01
   1.9532676e-02   5.2525253e-01   5.5555556e-01   1.6666667e-01
   1.9076305e-02   4.9831650e-01   5.2188552e-01   0.0000000e+00
   2.4278934e-02   4.7138047e-01   4.8821549e-01   0.0000000e+00
   3.4958014e-02   4.4444444e-01   4.5454545e-01   1.6666667e-01
   4.4998175e-02   4.3434343e-01   4.6464646e-01   1.6666667e-01
   5.1935013e-02   4.1414141e-01   4.6464646e-01   1.6666667e-01
   6.0971157e-02   4.0404040e-01   4.6464646e-01   1.6666667e-01
   8.0960204e-02   3.8383838e-01   4.6464646e-01   1.6666667e-01
   1.2239869e-01   3.4343434e-01   4.6464646e-01   1.6666667e-01
   1.8428258e-01   2.6262626e-01   4.5454545e-01   1.6666667e-01
   2.4434100e-01   2.3232323e-01   4.4444444e-01   1.6666667e-01
   3.1763417e-01   1.3131313e-01   4.1414141e-01   3.3333333e-01
   3.9850310e-01   8.0808081e-02   4.0404040e-01   1.6666667e-01
   4.3483023e-01   7.0707071e-02   3.8383838e-01   1.6666667e-01
   4.2698065e-01   7.0707071e-02   3.7373737e-01   1.6666667e-01
   4.4368383e-01   7.0707071e-02   4.3434343e-01   3.3333333e-01
   5.2427893e-01   7.0707071e-02   4.6464646e-01   1.6666667e-01
   6.6794451e-01   8.0808081e-02   5.6565657e-01   1.6666667e-01
   7.8422782e-01   8.0808081e-02   6.2626263e-01   1.6666667e-01
   8.2968237e-01   9.0909091e-02   6.5656566e-01   1.6666667e-01
   8.1425703e-01   1.0101010e-01   6.7676768e-01   1.6666667e-01
   7.5666302e-01   1.2121212e-01   6.8686869e-01   1.6666667e-01
   6.7415115e-01   2.0202020e-01   6.8686869e-01   3.3333333e-01
   5.6279664e-01   3.2323232e-01   6.9696970e-01   1.6666667e-01
   4.8211026e-01   3.7373737e-01   6.9696970e-01   1.6666667e-01
   4.1420226e-01   4.0404040e-01   6.9696970e-01   1.6666667e-01
   3.5213582e-01   4.4444444e-01   6.8686869e-01   1.6666667e-01
   2.9591092e-01   4.8484848e-01   6.7676768e-01   1.6666667e-01
   2.3640015e-01   4.9494949e-01   6.6666667e-01   1.6666667e-01
   1.8273092e-01   4.9494949e-01   6.5656566e-01   1.6666667e-01
   1.4539978e-01   4.9494949e-01   6.3636364e-01   1.6666667e-01
   1.2175977e-01   4.9494949e-01   6.0606061e-01   1.6666667e-01
   1.0359620e-01   4.3434343e-01   5.6565657e-01   3.3333333e-01
   8.0138737e-02   4.2424242e-01   5.2525253e-01   3.3333333e-01
   6.2157722e-02   4.2424242e-01   4.7474747e-01   1.6666667e-01
   7.2289157e-02   3.0303030e-01   4.6464646e-01   3.3333333e-01
   1.0724717e-01   2.9292929e-01   4.1414141e-01   3.3333333e-01
   1.9925155e-01   2.6262626e-01   4.1414141e-01   3.3333333e-01
   3.8106973e-01   3.0303030e-02   4.2424242e-01   3.3333333e-01
   6.4293538e-01   1.0101010e-02   4.5454545e-01   1.6666667e-01
   8.4939759e-01   1.0101010e-02   4.9494949e-01   1.6666667e-01
   9.5025557e-01   0.0000000e+00   5.3535354e-01   1.6666667e-01
   1.0000000e+00   1.0101010e-02   5.5555556e-01   1.6666667e-01
   9.9790069e-01   1.0101010e-02   5.7575758e-01   1.6666667e-01
   9.5071194e-01   2.0202020e-02   5.9595960e-01   1.6666667e-01
   8.6692223e-01   3.0303030e-02   6.0606061e-01   1.6666667e-01
   7.5958379e-01   4.0404040e-02   6.1616162e-01   1.6666667e-01
   6.4037970e-01   7.0707071e-02   6.2626263e-01   3.3333333e-01
   5.1615553e-01   9.0909091e-02   6.2626263e-01   3.3333333e-01
   3.8472070e-01   1.3131313e-01   6.3636364e-01   3.3333333e-01
   2.6916758e-01   4.5454545e-01   6.3636364e-01   1.6666667e-01
   1.8702081e-01   5.0505051e-01   6.4646465e-01   1.6666667e-01
   1.3116101e-01   5.4545455e-01   6.4646465e-01   1.6666667e-01
   9.7389558e-02   5.6565657e-01   6.4646465e-01   1.6666667e-01
   7.1924060e-02   6.0606061e-01   6.5656566e-01   1.6666667e-01
   5.0383352e-02   6.2626263e-01   6.5656566e-01   1.6666667e-01
   4.0799562e-02   6.2626263e-01   6.5656566e-01   1.6666667e-01
   3.0850675e-02   6.3636364e-01   6.6666667e-01   1.6666667e-01
   2.2909821e-02   6.3636364e-01   6.6666667e-01   1.6666667e-01
   2.0810515e-02   6.4646465e-01   6.6666667e-01   1.6666667e-01
   2.1540708e-02   6.4646465e-01   6.6666667e-01   1.6666667e-01
   2.0262870e-02   6.4646465e-01   6.6666667e-01   1.6666667e-01
   1.8985031e-02   6.3636364e-01   6.5656566e-01   1.6666667e-01
   1.5607886e-02   6.3636364e-01   6.5656566e-01   1.6666667e-01
   1.3326031e-02   6.3636364e-01   6.5656566e-01   1.6666667e-01
   1.2230741e-02   6.4646465e-01   6.5656566e-01   1.6666667e-01
   5.3851771e-03   5.8080808e-01   6.4646465e-01   0.0000000e+00
   5.3577948e-02   5.1515152e-01   6.3636364e-01   3.3333333e-01
   1.7323841e-01   4.4444444e-01   6.3636364e-01   3.3333333e-01
   2.9089084e-01   4.3434343e-01   6.3636364e-01   1.6666667e-01
   3.5186199e-01   4.2424242e-01   6.3636364e-01   1.6666667e-01
   3.7468054e-01   4.2424242e-01   6.2626263e-01   1.6666667e-01
   3.9211391e-01   4.0404040e-01   6.2626263e-01   1.6666667e-01
   3.9421322e-01   4.0404040e-01   6.3636364e-01   1.6666667e-01
   3.8143483e-01   4.0404040e-01   6.3636364e-01   1.6666667e-01
   3.7468054e-01   3.9393939e-01   6.4646465e-01   1.6666667e-01
   3.6673969e-01   3.9393939e-01   6.4646465e-01   1.6666667e-01
   3.5259219e-01   3.9393939e-01   6.5656566e-01   1.6666667e-01
   3.3734940e-01   4.0404040e-01   6.5656566e-01   1.6666667e-01
   3.3543264e-01   4.0404040e-01   6.5656566e-01   1.6666667e-01
   3.1699525e-01   4.1414141e-01   6.6666667e-01   1.6666667e-01
   2.7519168e-01   4.1414141e-01   6.6666667e-01   1.6666667e-01
   2.3265790e-01   4.2424242e-01   6.7676768e-01   3.3333333e-01
   1.8747718e-01   4.3434343e-01   6.7676768e-01   3.3333333e-01
   1.5443593e-01   4.4444444e-01   6.7676768e-01   3.3333333e-01
   1.2541073e-01   4.5454545e-01   6.7676768e-01   3.3333333e-01
   1.0213582e-01   4.9494949e-01   6.7676768e-01   3.3333333e-01
   8.8079591e-02   6.1616162e-01   6.8686869e-01   1.6666667e-01
   8.5341365e-02   6.1616162e-01   6.8686869e-01   1.6666667e-01
   8.6345382e-02   6.0606061e-01   6.8686869e-01   1.6666667e-01
   8.3607156e-02   6.0606061e-01   6.7676768e-01   1.6666667e-01
   7.8495801e-02   5.9595960e-01   6.7676768e-01   1.6666667e-01
   8.9174881e-02   5.8585859e-01   6.6666667e-01   1.6666667e-01
   1.4211391e-01   3.9393939e-01   6.5656566e-01   5.0000000e-01
   2.3521358e-01   3.8383838e-01   6.4646465e-01   1.6666667e-01
   2.9025192e-01   3.8383838e-01   6.2626263e-01   1.6666667e-01
   2.8203724e-01   3.7373737e-01   6.0606061e-01   1.6666667e-01
   2.4059876e-01   3.8383838e-01   5.6565657e-01   1.6666667e-01
   1.9350128e-01   3.8383838e-01   5.5555556e-01   1.6666667e-01
   1.5324936e-01   3.9393939e-01   5.3535354e-01   1.6666667e-01
   1.0952903e-01   4.0404040e-01   5.2525253e-01   1.6666667e-01
   7.5027382e-02   4.1414141e-01   4.6464646e-01   1.6666667e-01
   4.6002191e-02   4.2424242e-01   4.6464646e-01   1.6666667e-01
   3.7057320e-02   4.3434343e-01   4.7474747e-01   1.6666667e-01
   5.2208835e-02   4.4444444e-01   4.8484848e-01   1.6666667e-01
   7.8587076e-02   4.4444444e-01   5.0505051e-01   1.6666667e-01
   1.2495436e-01   4.5454545e-01   5.4545455e-01   1.6666667e-01
   1.8875502e-01   4.6464646e-01   5.9595960e-01   1.6666667e-01
   2.3594378e-01   4.6464646e-01   6.1616162e-01   1.6666667e-01
   2.5209931e-01   4.7474747e-01   6.2626263e-01   1.6666667e-01
   2.5730194e-01   4.8484848e-01   6.2626263e-01   1.6666667e-01
   2.5711939e-01   4.8484848e-01   6.3636364e-01   1.6666667e-01
   2.4689668e-01   4.9494949e-01   6.4646465e-01   1.6666667e-01
   2.3156261e-01   5.0505051e-01   6.4646465e-01   1.6666667e-01
   2.0317634e-01   5.1515152e-01   6.5656566e-01   1.6666667e-01
   1.6401972e-01   5.3535354e-01   6.5656566e-01   1.6666667e-01
   1.3161738e-01   5.4545455e-01   6.5656566e-01   1.6666667e-01
   9.9762687e-02   5.6565657e-01   6.6666667e-01   1.6666667e-01
   7.0463673e-02   5.9595960e-01   6.6666667e-01   1.6666667e-01
   5.0109529e-02   6.3636364e-01   6.6666667e-01   1.6666667e-01
   3.2676159e-02   6.4646465e-01   6.6666667e-01   1.6666667e-01
   2.5739321e-02   6.4646465e-01   6.7676768e-01   1.6666667e-01
   2.1175612e-02   6.4646465e-01   6.7676768e-01   1.6666667e-01
   2.0719241e-02   6.4646465e-01   6.7676768e-01   1.6666667e-01
   2.4552756e-02   6.4646465e-01   6.7676768e-01   1.6666667e-01
   2.4461482e-02   6.4646465e-01   6.6666667e-01   1.6666667e-01
   2.3001095e-02   6.4646465e-01   6.6666667e-01   1.6666667e-01
   2.0354144e-02   6.4646465e-01   6.6666667e-01   1.6666667e-01
   1.6429354e-02   6.4646465e-01   6.6666667e-01   1.6666667e-01
   1.6246805e-02   6.3636364e-01   6.5656566e-01   1.6666667e-01
   1.3417306e-02   6.2626263e-01   6.4646465e-01   1.6666667e-01
   1.5242789e-02   6.2626263e-01   6.4646465e-01   1.6666667e-01
   1.9806499e-02   6.1616162e-01   6.4646465e-01   1.6666667e-01
   1.7342096e-02   6.1616162e-01   6.3636364e-01   1.6666667e-01
   2.9390288e-02   6.0606061e-01   6.3636364e-01   1.6666667e-01
   6.9824754e-02   5.0505051e-01   6.2626263e-01   3.3333333e-01
   1.3599854e-01   4.7474747e-01   6.2626263e-01   3.3333333e-01
   2.0618839e-01   4.5454545e-01   6.1616162e-01   3.3333333e-01
   2.6122673e-01   4.4444444e-01   5.8585859e-01   1.6666667e-01
   2.9782767e-01   4.3434343e-01   5.9595960e-01   1.6666667e-01
   3.2758306e-01   4.3434343e-01   6.0606061e-01   1.6666667e-01
   3.4145674e-01   4.3434343e-01   6.1616162e-01   1.6666667e-01
   3.3625411e-01   4.2424242e-01   6.2626263e-01   1.6666667e-01
   3.0668127e-01   4.2424242e-01   6.2626263e-01   1.6666667e-01
   2.7181453e-01   4.2424242e-01   6.3636364e-01   1.6666667e-01
   2.3585250e-01   4.2424242e-01   6.4646465e-01   1.6666667e-01
   1.9678715e-01   4.2424242e-01   6.4646465e-01   3.3333333e-01
   1.5224535e-01   4.2424242e-01   6.5656566e-01   3.3333333e-01
   1.1409273e-01   4.2424242e-01   6.5656566e-01   3.3333333e-01
   9.1274188e-02   4.2424242e-01   6.5656566e-01   3.3333333e-01
   8.1781672e-02   4.3434343e-01   6.6666667e-01   3.3333333e-01
   8.1964221e-02   4.3434343e-01   6.6666667e-01   3.3333333e-01
   9.5837897e-02   4.4444444e-01   6.6666667e-01   3.3333333e-01
   1.1564440e-01   4.4444444e-01   6.6666667e-01   3.3333333e-01
   1.2112085e-01   4.5454545e-01   6.6666667e-01   3.3333333e-01
   1.2303760e-01   4.5454545e-01   6.7676768e-01   3.3333333e-01
   1.1637459e-01   4.6464646e-01   6.7676768e-01   3.3333333e-01
   1.0560424e-01   4.7474747e-01   6.7676768e-01   3.3333333e-01
   8.8444688e-02   4.7474747e-01   6.7676768e-01   3.3333333e-01
   6.9916028e-02   4.8484848e-01   6.7676768e-01   3.3333333e-01
   5.9054399e-02   4.9494949e-01   6.7676768e-01   3.3333333e-01
   4.1529755e-02   5.0505051e-01   6.7676768e-01   3.3333333e-01
   2.4370208e-02   6.4646465e-01   6.6666667e-01   1.6666667e-01
   1.8893757e-02   6.4646465e-01   6.6666667e-01   1.6666667e-01
   2.0536692e-02   6.4646465e-01   6.6666667e-01   1.6666667e-01
   2.2818547e-02   6.3636364e-01   6.6666667e-01   1.6666667e-01
   2.3640015e-02   6.3636364e-01   6.5656566e-01   1.6666667e-01
   2.2818547e-02   6.3636364e-01   6.5656566e-01   1.6666667e-01
   2.1997079e-02   6.3636364e-01   6.5656566e-01   1.6666667e-01
   1.9989047e-02   6.3636364e-01   6.5656566e-01   1.6666667e-01
   1.4421322e-02   6.2626263e-01   6.5656566e-01   1.6666667e-01
   5.9602045e-02   6.2626263e-01   6.4646465e-01   1.6666667e-01
   1.7698065e-01   4.4444444e-01   6.3636364e-01   3.3333333e-01
   2.8760497e-01   4.1414141e-01   6.0606061e-01   1.6666667e-01
   3.3223804e-01   4.0404040e-01   6.1616162e-01   1.6666667e-01
   3.3871851e-01   3.9393939e-01   6.2626263e-01   1.6666667e-01
   3.3908361e-01   3.9393939e-01   6.2626263e-01   1.6666667e-01
   3.3296824e-01   3.9393939e-01   6.3636364e-01   1.6666667e-01
   3.0439942e-01   3.9393939e-01   6.3636364e-01   3.3333333e-01
   2.7135816e-01   3.9393939e-01   6.4646465e-01   3.3333333e-01
   2.5337714e-01   3.9393939e-01   6.4646465e-01   3.3333333e-01
   2.4269806e-01   4.0404040e-01   6.5656566e-01   1.6666667e-01
   2.1285141e-01   4.1414141e-01   6.5656566e-01   1.6666667e-01
   1.8063162e-01   4.2424242e-01   6.6666667e-01   3.3333333e-01
   1.3116101e-01   4.3434343e-01   6.6666667e-01   3.3333333e-01
   8.9174881e-02   4.4444444e-01   6.6666667e-01   3.3333333e-01
   6.8364367e-02   4.5454545e-01   6.6666667e-01   3.3333333e-01
   4.8284045e-02   6.4646465e-01   6.7676768e-01   1.6666667e-01
   3.8243885e-02   6.4646465e-01   6.7676768e-01   1.6666667e-01
   3.5140562e-02   6.4646465e-01   6.7676768e-01   1.6666667e-01
   3.3406353e-02   6.4646465e-01   6.7676768e-01   1.6666667e-01
   3.8608981e-02   6.4646465e-01   6.7676768e-01   1.6666667e-01
   3.9065352e-02   6.4646465e-01   6.7676768e-01   1.6666667e-01
   4.2351223e-02   6.3636364e-01   6.7676768e-01   1.6666667e-01
   4.2898868e-02   6.2626263e-01   6.6666667e-01   1.6666667e-01
   4.7280029e-02   6.1616162e-01   6.6666667e-01   1.6666667e-01
   5.6772545e-02   6.0606061e-01   6.5656566e-01   1.6666667e-01
   9.0909091e-02   5.5555556e-01   6.5656566e-01   1.6666667e-01
   1.7789339e-01   3.9393939e-01   6.4646465e-01   3.3333333e-01
   2.7628697e-01   3.9393939e-01   6.3636364e-01   3.3333333e-01
   3.2402337e-01   3.9393939e-01   6.2626263e-01   1.6666667e-01
   3.1334429e-01   3.9393939e-01   6.1616162e-01   1.6666667e-01
   2.7437021e-01   3.9393939e-01   6.0606061e-01   1.6666667e-01
   2.3886455e-01   4.0404040e-01   5.9595960e-01   1.6666667e-01
   2.0408908e-01   4.1414141e-01   5.8585859e-01   1.6666667e-01
   1.7269076e-01   4.2424242e-01   5.6565657e-01   3.3333333e-01
   1.4740781e-01   4.3434343e-01   5.1515152e-01   1.6666667e-01
   1.4220518e-01   4.4444444e-01   5.3535354e-01   1.6666667e-01
   1.6438481e-01   4.5454545e-01   5.5555556e-01   1.6666667e-01
   2.0527565e-01   4.6464646e-01   5.9595960e-01   1.6666667e-01
   2.4032494e-01   4.7474747e-01   6.1616162e-01   1.6666667e-01
   2.5374224e-01   4.7474747e-01   6.1616162e-01   1.6666667e-01
   2.4780942e-01   4.8484848e-01   6.2626263e-01   1.6666667e-01
   2.3859073e-01   4.9494949e-01   6.3636364e-01   1.6666667e-01
   2.2362176e-01   5.0505051e-01   6.3636364e-01   1.6666667e-01
   2.1266886e-01   5.2525253e-01   6.4646465e-01   1.6666667e-01
   1.9322746e-01   5.3535354e-01   6.4646465e-01   1.6666667e-01
   1.6602775e-01   5.4545455e-01   6.5656566e-01   1.6666667e-01
   1.3298649e-01   5.6565657e-01   6.5656566e-01   1.6666667e-01
   1.0368748e-01   5.7575758e-01   6.5656566e-01   1.6666667e-01
   8.1507850e-02   5.9595960e-01   6.5656566e-01   1.6666667e-01
   6.0606061e-02   6.2626263e-01   6.5656566e-01   1.6666667e-01
   4.6823658e-02   6.3636364e-01   6.6666667e-01   1.6666667e-01
   4.1347207e-02   6.3636364e-01   6.5656566e-01   1.6666667e-01
   3.8061336e-02   6.3636364e-01   6.6666667e-01   1.6666667e-01
   3.8426433e-02   6.3636364e-01   6.6666667e-01   1.6666667e-01
   3.8517707e-02   6.3636364e-01   6.6666667e-01   1.6666667e-01
   3.7970062e-02   6.3636364e-01   6.6666667e-01   1.6666667e-01
   4.3629062e-02   6.3636364e-01   6.5656566e-01   1.6666667e-01
   5.1661190e-02   6.1616162e-01   6.5656566e-01   1.6666667e-01
   6.5078496e-02   6.0606061e-01   6.5656566e-01   1.6666667e-01
   6.3526835e-02   6.0606061e-01   6.4646465e-01   1.6666667e-01
   4.8284045e-02   6.1616162e-01   6.3636364e-01   1.6666667e-01
   3.2311062e-02   6.2626263e-01   6.3636364e-01   1.6666667e-01
   2.1084337e-02   6.3636364e-01   6.3636364e-01   1.6666667e-01
