   3.1600000e+02
   2.1621133e-01   4.6236559e-01   5.9139785e-01   3.3333333e-01
   4.6987516e-01   4.3010753e-01   6.3440860e-01   1.6666667e-01
   7.2534829e-01   4.3010753e-01   6.5591398e-01   1.6666667e-01
   8.5236114e-01   4.1935484e-01   6.5591398e-01   1.6666667e-01
   8.7371087e-01   4.1935484e-01   6.6666667e-01   1.6666667e-01
   8.6755925e-01   4.1935484e-01   6.6666667e-01   1.6666667e-01
   8.0260539e-01   4.3010753e-01   6.7741935e-01   1.6666667e-01
   6.7848743e-01   4.4086022e-01   6.7741935e-01   1.6666667e-01
   5.6956758e-01   4.6236559e-01   6.7741935e-01   1.6666667e-01
   4.6535191e-01   4.8387097e-01   6.8817204e-01   1.6666667e-01
   3.5335625e-01   5.0537634e-01   6.8817204e-01   1.6666667e-01
   2.4805500e-01   6.0215054e-01   6.8817204e-01   3.3333333e-01
   1.5415234e-01   6.5591398e-01   6.8817204e-01   1.6666667e-01
   1.0512032e-01   6.5591398e-01   6.8817204e-01   1.6666667e-01
   8.9741270e-02   6.5591398e-01   6.8817204e-01   1.6666667e-01
   7.5266872e-02   6.5591398e-01   6.7741935e-01   1.6666667e-01
   7.6171522e-02   6.5591398e-01   6.7741935e-01   1.6666667e-01
   6.8934322e-02   6.5591398e-01   6.7741935e-01   1.6666667e-01
   5.5726434e-02   6.5591398e-01   6.6666667e-01   1.6666667e-01
   4.9393885e-02   6.3594470e-01   6.5437788e-01   0.0000000e+00
   3.6005066e-02   6.1597542e-01   6.4208909e-01   0.0000000e+00
   2.5511127e-02   5.9600614e-01   6.2980031e-01   0.0000000e+00
   9.4083590e-03   5.7603687e-01   6.1751152e-01   0.0000000e+00
   9.4083590e-03   5.5606759e-01   6.0522273e-01   0.0000000e+00
   2.5149267e-02   5.3609831e-01   5.9293395e-01   0.0000000e+00
   1.1995658e-01   5.1612903e-01   5.8064516e-01   1.6666667e-01
   2.3502804e-01   5.0537634e-01   5.9139785e-01   1.6666667e-01
   3.0740004e-01   5.0537634e-01   6.0215054e-01   1.6666667e-01
   3.4340510e-01   5.0537634e-01   6.1290323e-01   1.6666667e-01
   3.6149810e-01   5.0537634e-01   6.3440860e-01   1.6666667e-01
   3.7163018e-01   5.1612903e-01   6.4516129e-01   1.6666667e-01
   3.5335625e-01   5.2688172e-01   6.5591398e-01   1.6666667e-01
   3.1825583e-01   5.3763441e-01   6.6666667e-01   1.6666667e-01
   2.8243170e-01   5.5913978e-01   6.6666667e-01   1.6666667e-01
   2.3412339e-01   5.8064516e-01   6.7741935e-01   1.6666667e-01
   1.8219649e-01   6.0215054e-01   6.7741935e-01   1.6666667e-01
   1.4691514e-01   6.3440860e-01   6.8817204e-01   1.6666667e-01
   1.0982450e-01   6.4516129e-01   6.8817204e-01   1.6666667e-01
   9.3178940e-02   6.5591398e-01   6.8817204e-01   1.6666667e-01
   9.3178940e-02   6.6666667e-01   6.8817204e-01   1.6666667e-01
   1.1398589e-01   6.6666667e-01   6.9892473e-01   1.6666667e-01
   1.9124299e-01   5.1612903e-01   6.9892473e-01   3.3333333e-01
   3.2169350e-01   5.1612903e-01   6.9892473e-01   3.3333333e-01
   4.3676497e-01   5.1612903e-01   6.9892473e-01   3.3333333e-01
   4.5648634e-01   5.1612903e-01   6.9892473e-01   1.6666667e-01
   4.0944454e-01   5.1612903e-01   6.9892473e-01   1.6666667e-01
   3.4810928e-01   5.2688172e-01   6.8817204e-01   1.6666667e-01
   2.8804053e-01   5.2688172e-01   6.8817204e-01   1.6666667e-01
   2.2109644e-01   5.3763441e-01   6.7741935e-01   3.3333333e-01
   1.3135517e-01   5.6989247e-01   6.1290323e-01   1.6666667e-01
   5.3555274e-02   5.7419355e-01   6.1433692e-01   0.0000000e+00
   0.0000000e+00   5.7849462e-01   6.1577061e-01   0.0000000e+00
   1.0855799e-03   5.8279570e-01   6.1720430e-01   0.0000000e+00
   1.0855799e-03   5.8709677e-01   6.1863799e-01   0.0000000e+00
   1.0855799e-03   5.9139785e-01   6.2007168e-01   0.0000000e+00
   1.0855799e-03   5.9569892e-01   6.2150538e-01   0.0000000e+00
   1.0855799e-03   6.0000000e-01   6.2293907e-01   0.0000000e+00
   1.0855799e-03   6.0430108e-01   6.2437276e-01   0.0000000e+00
   1.0855799e-03   6.0860215e-01   6.2580645e-01   0.0000000e+00
   1.0855799e-03   6.1290323e-01   6.2724014e-01   0.0000000e+00
   1.0855799e-03   6.1720430e-01   6.2867384e-01   0.0000000e+00
   1.0855799e-03   6.2150538e-01   6.3010753e-01   0.0000000e+00
   1.0855799e-03   6.2580645e-01   6.3154122e-01   0.0000000e+00
   1.8092998e-03   6.3010753e-01   6.3297491e-01   0.0000000e+00
   3.5462276e-02   6.3440860e-01   6.3440860e-01   1.6666667e-01
   1.1923286e-01   6.1290323e-01   6.5591398e-01   1.6666667e-01
   2.2127737e-01   6.0215054e-01   6.6666667e-01   1.6666667e-01
   3.0902841e-01   5.9139785e-01   6.7741935e-01   1.6666667e-01
   3.5896508e-01   5.8064516e-01   6.7741935e-01   1.6666667e-01
   4.0202642e-01   5.6989247e-01   6.8817204e-01   1.6666667e-01
   4.0872083e-01   5.6989247e-01   6.8817204e-01   1.6666667e-01
   3.9949340e-01   5.5913978e-01   6.8817204e-01   1.6666667e-01
   3.7868645e-01   5.5913978e-01   6.9892473e-01   1.6666667e-01
   3.6041252e-01   5.5913978e-01   6.9892473e-01   1.6666667e-01
   3.2476931e-01   5.5913978e-01   6.9892473e-01   1.6666667e-01
   2.9980098e-01   5.5913978e-01   6.9892473e-01   3.3333333e-01
   2.7881310e-01   5.5913978e-01   6.9892473e-01   3.3333333e-01
   2.6289126e-01   5.5913978e-01   6.9892473e-01   3.3333333e-01
   2.6126289e-01   5.6989247e-01   6.8817204e-01   3.3333333e-01
   2.7646101e-01   5.6989247e-01   6.7741935e-01   1.6666667e-01
   2.8315542e-01   5.6989247e-01   6.7741935e-01   1.6666667e-01
   2.8496472e-01   5.6989247e-01   6.6666667e-01   1.6666667e-01
   2.8225077e-01   5.8064516e-01   6.5591398e-01   1.6666667e-01
   2.6415777e-01   5.8064516e-01   6.5591398e-01   1.6666667e-01
   2.5474941e-01   5.8064516e-01   6.5591398e-01   1.6666667e-01
   2.4859779e-01   5.8064516e-01   6.5591398e-01   1.6666667e-01
   2.3104758e-01   5.9139785e-01   6.5591398e-01   1.6666667e-01
   1.9920391e-01   5.9139785e-01   6.5591398e-01   1.6666667e-01
   1.8563416e-01   6.0215054e-01   6.6666667e-01   1.6666667e-01
   1.6084675e-01   6.1290323e-01   6.6666667e-01   1.6666667e-01
   1.3696399e-01   6.2365591e-01   6.6666667e-01   1.6666667e-01
   1.2592727e-01   6.3440860e-01   6.6666667e-01   1.6666667e-01
   1.1054822e-01   6.4516129e-01   6.7741935e-01   1.6666667e-01
   1.0584404e-01   6.4516129e-01   6.7741935e-01   1.6666667e-01
   9.3540800e-02   6.4516129e-01   6.7741935e-01   1.6666667e-01
   8.4675231e-02   6.4516129e-01   6.7741935e-01   1.6666667e-01
   8.3589651e-02   6.4516129e-01   6.7741935e-01   1.6666667e-01
   7.5447802e-02   6.5591398e-01   6.7741935e-01   1.6666667e-01
   5.5907364e-02   6.5591398e-01   6.7741935e-01   1.6666667e-01
   3.6909716e-02   6.6666667e-01   6.7741935e-01   1.6666667e-01
   2.8044147e-02   7.0250896e-01   7.1206691e-01   0.0000000e+00
   1.6283698e-02   7.3835125e-01   7.4671446e-01   0.0000000e+00
   1.6283698e-02   7.7419355e-01   7.8136201e-01   0.0000000e+00
   9.0464990e-03   8.1003584e-01   8.1600956e-01   0.0000000e+00
   1.6826488e-02   8.4587814e-01   8.5065711e-01   0.0000000e+00
   1.9178578e-02   8.8172043e-01   8.8530466e-01   0.0000000e+00
   2.0987878e-02   9.1756272e-01   9.1995221e-01   0.0000000e+00
   2.3159037e-02   9.5340502e-01   9.5459976e-01   0.0000000e+00
   5.6812014e-02   9.8924731e-01   9.8924731e-01   1.6666667e-01
   1.0132079e-01   9.6774194e-01   1.0000000e+00   1.6666667e-01
   1.5379048e-01   9.4623656e-01   1.0000000e+00   1.6666667e-01
   1.9793740e-01   9.3548387e-01   1.0000000e+00   1.6666667e-01
   2.1711598e-01   9.1397849e-01   1.0000000e+00   1.6666667e-01
   2.3575176e-01   9.1397849e-01   1.0000000e+00   1.6666667e-01
   2.9781075e-01   5.9139785e-01   1.0000000e+00   3.3333333e-01
   3.6041252e-01   5.8064516e-01   1.0000000e+00   3.3333333e-01
   4.1812918e-01   5.6989247e-01   1.0000000e+00   3.3333333e-01
   4.4038357e-01   5.5913978e-01   1.0000000e+00   5.0000000e-01
   4.3531753e-01   5.5913978e-01   1.0000000e+00   3.3333333e-01
   4.1342500e-01   5.4838710e-01   1.0000000e+00   3.3333333e-01
   4.2952777e-01   5.4838710e-01   1.0000000e+00   3.3333333e-01
   4.4183101e-01   5.3763441e-01   1.0000000e+00   5.0000000e-01
   4.2663289e-01   5.3763441e-01   1.0000000e+00   6.6666667e-01
   4.0437851e-01   5.3763441e-01   1.0000000e+00   8.3333333e-01
   3.9696038e-01   5.3763441e-01   9.6774194e-01   5.0000000e-01
   3.9804596e-01   5.3763441e-01   9.7849462e-01   5.0000000e-01
   4.2916591e-01   5.3763441e-01   9.6774194e-01   3.3333333e-01
   5.1221277e-01   5.4838710e-01   9.4623656e-01   5.0000000e-01
   6.2782703e-01   5.4838710e-01   8.9247312e-01   5.0000000e-01
   7.4760268e-01   5.4838710e-01   9.0322581e-01   3.3333333e-01
   7.9862493e-01   5.5913978e-01   9.0322581e-01   1.6666667e-01
   8.0513841e-01   5.6989247e-01   8.9247312e-01   1.6666667e-01
   7.1955853e-01   5.6989247e-01   8.8172043e-01   1.6666667e-01
   6.1118147e-01   5.8064516e-01   8.6021505e-01   3.3333333e-01
   4.8977746e-01   5.9139785e-01   7.8494624e-01   1.6666667e-01
   3.5100416e-01   6.0215054e-01   7.7419355e-01   1.6666667e-01
   2.4443640e-01   6.2365591e-01   7.4193548e-01   3.3333333e-01
   1.4908630e-01   6.7741935e-01   7.2043011e-01   1.6666667e-01
   7.5809662e-02   6.8817204e-01   7.0967742e-01   1.6666667e-01
   3.6005066e-02   6.7741935e-01   6.9990225e-01   0.0000000e+00
   1.8092998e-04   6.6666667e-01   6.9012708e-01   0.0000000e+00
   1.0855799e-03   6.5591398e-01   6.8035191e-01   0.0000000e+00
   1.0855799e-03   6.4516129e-01   6.7057674e-01   0.0000000e+00
   1.0855799e-03   6.3440860e-01   6.6080156e-01   0.0000000e+00
   1.0855799e-03   6.2365591e-01   6.5102639e-01   0.0000000e+00
   1.0855799e-03   6.1290323e-01   6.4125122e-01   0.0000000e+00
   1.0855799e-03   6.0215054e-01   6.3147605e-01   0.0000000e+00
   1.0855799e-03   5.9139785e-01   6.2170088e-01   0.0000000e+00
   2.3520897e-03   5.8064516e-01   6.1192571e-01   0.0000000e+00
   8.2504071e-02   5.6989247e-01   6.0215054e-01   1.6666667e-01
   2.0662204e-01   5.4838710e-01   6.3440860e-01   1.6666667e-01
   3.3345395e-01   5.3763441e-01   6.4516129e-01   1.6666667e-01
   4.0383572e-01   5.2688172e-01   6.5591398e-01   1.6666667e-01
   4.4183101e-01   5.2688172e-01   6.6666667e-01   1.6666667e-01
   4.3586032e-01   5.1612903e-01   6.6666667e-01   1.6666667e-01
   4.8217840e-01   5.1612903e-01   6.6666667e-01   1.6666667e-01
   4.7439841e-01   5.2688172e-01   6.7741935e-01   1.6666667e-01
   4.3314637e-01   5.2688172e-01   9.1397849e-01   3.3333333e-01
   3.8574272e-01   5.2688172e-01   1.0000000e+00   5.0000000e-01
   3.7488692e-01   5.3763441e-01   1.0000000e+00   5.0000000e-01
   3.7018274e-01   5.4838710e-01   1.0000000e+00   5.0000000e-01
   4.2355708e-01   5.4838710e-01   1.0000000e+00   5.0000000e-01
   5.3826669e-01   5.5913978e-01   1.0000000e+00   5.0000000e-01
   6.9911344e-01   5.6989247e-01   9.8924731e-01   6.6666667e-01
   8.9234666e-01   5.8064516e-01   9.8924731e-01   3.3333333e-01
   1.0000000e+00   5.8064516e-01   9.7849462e-01   1.6666667e-01
   9.9764791e-01   5.9139785e-01   9.5698925e-01   1.6666667e-01
   9.0175502e-01   5.9139785e-01   9.4623656e-01   1.6666667e-01
   7.9699656e-01   6.0215054e-01   9.3548387e-01   1.6666667e-01
   6.7577348e-01   6.1290323e-01   9.2473118e-01   1.6666667e-01
   5.5310295e-01   6.3440860e-01   8.8172043e-01   1.6666667e-01
   4.0057898e-01   6.5591398e-01   8.6021505e-01   3.3333333e-01
   2.6144382e-01   6.5591398e-01   7.4193548e-01   1.6666667e-01
   1.5740908e-01   6.5591398e-01   7.2043011e-01   1.6666667e-01
   1.2773657e-01   6.6666667e-01   7.0967742e-01   1.6666667e-01
   1.0855799e-01   6.6666667e-01   7.0967742e-01   1.6666667e-01
   8.2865931e-02   6.4516129e-01   6.4516129e-01   1.6666667e-01
   4.5413425e-02   6.3010753e-01   6.4086022e-01   0.0000000e+00
   1.7369278e-02   6.1505376e-01   6.3655914e-01   0.0000000e+00
   1.4474398e-03   6.0000000e-01   6.3225806e-01   0.0000000e+00
   3.7814366e-02   5.8494624e-01   6.2795699e-01   0.0000000e+00
   1.2592727e-01   5.6989247e-01   6.2365591e-01   1.6666667e-01
   2.3502804e-01   5.5913978e-01   6.3440860e-01   1.6666667e-01
   3.3309209e-01   5.4838710e-01   6.4516129e-01   1.6666667e-01
   4.0492130e-01   5.3763441e-01   6.5591398e-01   1.6666667e-01
   4.4291659e-01   5.3763441e-01   6.6666667e-01   1.6666667e-01
   4.3242265e-01   5.3763441e-01   6.6666667e-01   1.6666667e-01
   4.2554731e-01   5.3763441e-01   6.7741935e-01   1.6666667e-01
   4.0618781e-01   5.3763441e-01   6.7741935e-01   1.6666667e-01
   3.8140040e-01   5.3763441e-01   6.7741935e-01   1.6666667e-01
   3.7723901e-01   5.3763441e-01   6.8817204e-01   3.3333333e-01
   3.8538086e-01   5.3763441e-01   6.8817204e-01   3.3333333e-01
   4.1432965e-01   5.3763441e-01   6.8817204e-01   1.6666667e-01
   4.4924914e-01   5.3763441e-01   6.8817204e-01   1.6666667e-01
   4.5576262e-01   5.4838710e-01   6.8817204e-01   1.6666667e-01
   4.1939569e-01   5.4838710e-01   6.8817204e-01   1.6666667e-01
   3.6982088e-01   5.5913978e-01   6.8817204e-01   1.6666667e-01
   3.0685725e-01   5.5913978e-01   6.8817204e-01   1.6666667e-01
   2.5113081e-01   5.6989247e-01   6.6666667e-01   1.6666667e-01
   1.9178578e-01   5.6989247e-01   6.6666667e-01   1.6666667e-01
   1.4944816e-01   5.8064516e-01   6.2365591e-01   1.6666667e-01
   1.0566311e-01   5.8064516e-01   6.0215054e-01   1.6666667e-01
   8.7751040e-02   5.8064516e-01   6.0215054e-01   1.6666667e-01
   8.9017550e-02   5.6989247e-01   6.0215054e-01   1.6666667e-01
   9.7521259e-02   5.6989247e-01   6.0215054e-01   1.6666667e-01
   1.0168265e-01   5.5913978e-01   6.0215054e-01   1.6666667e-01
   1.2122309e-01   5.5913978e-01   6.0215054e-01   1.6666667e-01
   1.5143839e-01   5.5913978e-01   6.1290323e-01   1.6666667e-01
   2.2851456e-01   5.4838710e-01   6.3440860e-01   1.6666667e-01
   3.1662747e-01   5.5913978e-01   6.5591398e-01   1.6666667e-01
   3.7380134e-01   5.5913978e-01   6.5591398e-01   1.6666667e-01
   3.7941017e-01   5.5913978e-01   6.6666667e-01   1.6666667e-01
   3.7343948e-01   5.5913978e-01   6.6666667e-01   1.6666667e-01
   3.6656414e-01   5.6989247e-01   6.6666667e-01   1.6666667e-01
   3.4123394e-01   5.8064516e-01   6.7741935e-01   1.6666667e-01
   3.1499910e-01   5.8064516e-01   6.7741935e-01   1.6666667e-01
   2.7067125e-01   5.8064516e-01   6.7741935e-01   1.6666667e-01
   2.3756106e-01   5.8064516e-01   6.7741935e-01   1.6666667e-01
   2.0933599e-01   5.8064516e-01   6.6666667e-01   1.6666667e-01
   1.8545323e-01   5.6989247e-01   6.5591398e-01   1.6666667e-01
   1.6030396e-01   5.6989247e-01   6.4516129e-01   1.6666667e-01
   1.2339425e-01   5.6989247e-01   6.1290323e-01   1.6666667e-01
   9.1369640e-02   5.6989247e-01   6.0215054e-01   1.6666667e-01
   6.9296182e-02   5.6989247e-01   5.9139785e-01   1.6666667e-01
   8.5579881e-02   5.3763441e-01   5.8064516e-01   3.3333333e-01
   1.0837706e-01   5.3763441e-01   5.5913978e-01   1.6666667e-01
   1.2900308e-01   5.3763441e-01   5.8064516e-01   1.6666667e-01
   1.6862674e-01   5.3763441e-01   5.9139785e-01   1.6666667e-01
   2.0571739e-01   5.3763441e-01   6.0215054e-01   1.6666667e-01
   2.4805500e-01   5.3763441e-01   6.1290323e-01   1.6666667e-01
   2.6451963e-01   5.4838710e-01   6.2365591e-01   1.6666667e-01
   2.5257825e-01   5.4838710e-01   6.3440860e-01   1.6666667e-01
   2.4099873e-01   5.5913978e-01   6.4516129e-01   1.6666667e-01
   2.0806948e-01   5.6989247e-01   6.4516129e-01   1.6666667e-01
   1.7930161e-01   5.8064516e-01   6.5591398e-01   1.6666667e-01
   1.4510584e-01   6.0215054e-01   6.5591398e-01   1.6666667e-01
   1.2013751e-01   6.1290323e-01   6.5591398e-01   1.6666667e-01
   9.1731500e-02   6.3440860e-01   6.6666667e-01   1.6666667e-01
   7.0019902e-02   6.4516129e-01   6.6666667e-01   1.6666667e-01
   6.3687353e-02   6.4516129e-01   6.6666667e-01   1.6666667e-01
   6.0430613e-02   6.5591398e-01   6.6666667e-01   1.6666667e-01
   6.0249683e-02   6.5591398e-01   6.6666667e-01   1.6666667e-01
   6.2058983e-02   6.4516129e-01   6.6666667e-01   1.6666667e-01
   7.3819432e-02   6.4516129e-01   6.6666667e-01   1.6666667e-01
   1.1633798e-01   5.6989247e-01   6.6666667e-01   3.3333333e-01
   2.1530668e-01   5.5913978e-01   6.6666667e-01   3.3333333e-01
   3.0595260e-01   5.3763441e-01   6.6666667e-01   1.6666667e-01
   3.6149810e-01   5.2688172e-01   6.6666667e-01   1.6666667e-01
   3.7452506e-01   5.1612903e-01   6.6666667e-01   1.6666667e-01
   3.8501900e-01   5.1612903e-01   6.5591398e-01   1.6666667e-01
   3.7434413e-01   5.1612903e-01   6.5591398e-01   1.6666667e-01
   3.5064230e-01   5.1612903e-01   6.5591398e-01   1.6666667e-01
   3.3435860e-01   5.1612903e-01   6.5591398e-01   1.6666667e-01
   3.1680840e-01   5.2688172e-01   6.6666667e-01   1.6666667e-01
   2.9147820e-01   5.2688172e-01   6.6666667e-01   1.6666667e-01
   2.5891080e-01   5.3763441e-01   6.6666667e-01   1.6666667e-01
   2.3267595e-01   5.4838710e-01   6.6666667e-01   1.6666667e-01
   1.8925276e-01   5.5913978e-01   6.7741935e-01   3.3333333e-01
   1.4239189e-01   5.8064516e-01   6.7741935e-01   3.3333333e-01
   8.8655690e-02   6.4516129e-01   6.7741935e-01   1.6666667e-01
   7.0200832e-02   6.4516129e-01   6.7741935e-01   1.6666667e-01
   6.7125023e-02   6.5591398e-01   6.7741935e-01   1.6666667e-01
   7.0381762e-02   6.4516129e-01   6.7741935e-01   1.6666667e-01
   6.2963633e-02   6.4516129e-01   6.6666667e-01   1.6666667e-01
   6.2058983e-02   6.5591398e-01   6.6666667e-01   1.6666667e-01
   7.1829202e-02   6.0215054e-01   6.1290323e-01   1.6666667e-01
   6.8029673e-02   6.0215054e-01   6.2365591e-01   1.6666667e-01
   7.6533382e-02   5.9139785e-01   6.2365591e-01   1.6666667e-01
   8.7751040e-02   5.9139785e-01   6.2365591e-01   1.6666667e-01
   1.0512032e-01   5.9139785e-01   6.2365591e-01   1.6666667e-01
   1.4257282e-01   5.2688172e-01   6.2365591e-01   1.6666667e-01
   1.7532115e-01   5.2688172e-01   5.9139785e-01   1.6666667e-01
   2.0119414e-01   5.1612903e-01   5.8064516e-01   1.6666667e-01
   2.1295459e-01   5.1612903e-01   5.8064516e-01   1.6666667e-01
   2.4335082e-01   5.1612903e-01   5.9139785e-01   1.6666667e-01
   2.7989868e-01   5.2688172e-01   6.1290323e-01   1.6666667e-01
   3.0559074e-01   5.2688172e-01   6.2365591e-01   1.6666667e-01
   3.1608468e-01   5.3763441e-01   6.3440860e-01   1.6666667e-01
   3.0305772e-01   5.3763441e-01   6.3440860e-01   1.6666667e-01
   2.8514565e-01   5.4838710e-01   6.4516129e-01   1.6666667e-01
   2.5547313e-01   5.5913978e-01   6.4516129e-01   1.6666667e-01
   2.1313552e-01   5.8064516e-01   6.5591398e-01   1.6666667e-01
   1.7893975e-01   5.9139785e-01   6.5591398e-01   1.6666667e-01
   1.5342862e-01   6.1290323e-01   6.6666667e-01   1.6666667e-01
   1.1923286e-01   6.2365591e-01   6.6666667e-01   1.6666667e-01
   9.6254749e-02   6.3440860e-01   6.6666667e-01   1.6666667e-01
   8.3408721e-02   6.4516129e-01   6.6666667e-01   1.6666667e-01
   6.7848743e-02   6.4516129e-01   6.6666667e-01   1.6666667e-01
   6.2058983e-02   6.5591398e-01   6.6666667e-01   1.6666667e-01
   5.6812014e-02   6.5591398e-01   6.6666667e-01   1.6666667e-01
   5.3193414e-02   6.4516129e-01   6.6666667e-01   1.6666667e-01
   6.0973403e-02   6.4516129e-01   6.6666667e-01   1.6666667e-01
   6.2601773e-02   6.4516129e-01   6.6666667e-01   1.6666667e-01
   5.4459924e-02   6.4516129e-01   6.6666667e-01   1.6666667e-01
   4.9755745e-02   6.4516129e-01   6.5591398e-01   1.6666667e-01
   5.1926904e-02   6.4516129e-01   6.5591398e-01   1.6666667e-01
   7.8885471e-02   6.1827957e-01   6.3978495e-01   0.0000000e+00
   9.7702189e-02   5.9139785e-01   6.2365591e-01   1.6666667e-01
   9.8606839e-02   5.9139785e-01   6.2365591e-01   1.6666667e-01
   1.2972680e-01   5.9139785e-01   6.2365591e-01   1.6666667e-01
   1.8961462e-01   5.4838710e-01   6.2365591e-01   1.6666667e-01
   2.2670527e-01   5.0537634e-01   6.2365591e-01   1.6666667e-01
   2.3665641e-01   5.0537634e-01   6.1290323e-01   1.6666667e-01
   2.4244617e-01   5.0537634e-01   6.1290323e-01   1.6666667e-01
   2.9328750e-01   5.1612903e-01   6.2365591e-01   1.6666667e-01
   3.9243713e-01   5.3763441e-01   6.9892473e-01   1.6666667e-01
   4.7457934e-01   5.6989247e-01   7.0967742e-01   1.6666667e-01
   4.8217840e-01   5.8064516e-01   7.2043011e-01   1.6666667e-01
   4.7258911e-01   5.8064516e-01   7.3118280e-01   1.6666667e-01
   4.2789940e-01   5.9139785e-01   7.3118280e-01   1.6666667e-01
   3.8049575e-01   6.0215054e-01   7.3118280e-01   1.6666667e-01
   3.0993306e-01   6.1290323e-01   7.3118280e-01   1.6666667e-01
   2.4660756e-01   6.2365591e-01   7.3118280e-01   1.6666667e-01
   1.8183463e-01   6.3440860e-01   7.0967742e-01   1.6666667e-01
   1.1959472e-01   6.4516129e-01   6.8817204e-01   1.6666667e-01
   6.0611543e-02   6.4516129e-01   6.8817204e-01   0.0000000e+00
