   1.7600000e+02
   3.0654072e-02   5.7446809e-01   5.7446809e-01   1.6666667e-01
   6.6120121e-02   5.5319149e-01   5.9574468e-01   1.6666667e-01
   9.7308858e-02   5.3191489e-01   5.9574468e-01   1.6666667e-01
   1.2332917e-01   5.3191489e-01   6.1702128e-01   1.6666667e-01
   1.6342898e-01   5.3191489e-01   6.3829787e-01   1.6666667e-01
   2.1903404e-01   5.3191489e-01   6.8085106e-01   1.6666667e-01
   2.6697558e-01   5.3191489e-01   7.0212766e-01   1.6666667e-01
   2.9103547e-01   5.5319149e-01   7.2340426e-01   1.6666667e-01
   2.9246124e-01   5.5319149e-01   7.2340426e-01   1.6666667e-01
   2.8016396e-01   5.7446809e-01   7.4468085e-01   1.6666667e-01
   2.4772768e-01   5.7446809e-01   7.4468085e-01   1.6666667e-01
   2.2259847e-01   5.9574468e-01   7.4468085e-01   1.6666667e-01
   1.9586526e-01   6.1702128e-01   7.6595745e-01   1.6666667e-01
   1.6770629e-01   6.3829787e-01   7.6595745e-01   1.6666667e-01
   1.4828016e-01   6.5957447e-01   7.6595745e-01   1.6666667e-01
   1.3847799e-01   6.8085106e-01   7.6595745e-01   1.6666667e-01
   1.3259669e-01   6.8085106e-01   7.6595745e-01   1.6666667e-01
   1.2618072e-01   6.5957447e-01   7.6595745e-01   1.6666667e-01
   1.2457672e-01   6.5957447e-01   7.6595745e-01   1.6666667e-01
   1.3152736e-01   6.3829787e-01   7.6595745e-01   1.6666667e-01
   1.5291392e-01   5.9574468e-01   7.4468085e-01   1.6666667e-01
   1.8784530e-01   5.7446809e-01   7.2340426e-01   1.6666667e-01
   2.2687578e-01   5.5319149e-01   7.2340426e-01   1.6666667e-01
   2.5824274e-01   5.3191489e-01   7.0212766e-01   1.6666667e-01
   2.8105507e-01   5.1063830e-01   6.8085106e-01   1.6666667e-01
   2.9780788e-01   4.8936170e-01   6.8085106e-01   1.6666667e-01
   3.0885760e-01   4.8936170e-01   6.5957447e-01   1.6666667e-01
   3.1759045e-01   4.8936170e-01   6.8085106e-01   1.6666667e-01
   3.2079843e-01   4.8936170e-01   6.8085106e-01   1.6666667e-01
   3.1955088e-01   4.8936170e-01   6.8085106e-01   1.6666667e-01
   2.9994653e-01   5.1063830e-01   7.0212766e-01   1.6666667e-01
   2.5824274e-01   5.3191489e-01   7.0212766e-01   1.6666667e-01
   2.2366780e-01   5.3191489e-01   7.2340426e-01   1.6666667e-01
   1.8535020e-01   5.5319149e-01   7.2340426e-01   1.6666667e-01
   1.4952771e-01   5.9574468e-01   7.2340426e-01   1.6666667e-01
   1.1709143e-01   6.5957447e-01   7.2340426e-01   1.6666667e-01
   9.3922652e-02   6.8085106e-01   7.4468085e-01   1.6666667e-01
   8.4298699e-02   6.8085106e-01   7.4468085e-01   1.6666667e-01
   8.0734272e-02   6.8085106e-01   7.4468085e-01   1.6666667e-01
   8.0912493e-02   6.5957447e-01   7.4468085e-01   1.6666667e-01
   8.3407592e-02   6.5957447e-01   7.4468085e-01   1.6666667e-01
   8.3585814e-02   6.3829787e-01   7.2340426e-01   1.6666667e-01
   8.2160043e-02   6.3829787e-01   7.0212766e-01   1.6666667e-01
   7.4318303e-02   6.3829787e-01   7.0212766e-01   1.6666667e-01
   7.3248975e-02   6.1702128e-01   6.8085106e-01   1.6666667e-01
   7.3070754e-02   6.1702128e-01   6.8085106e-01   1.6666667e-01
   7.6100517e-02   5.9574468e-01   6.5957447e-01   1.6666667e-01
   7.8417394e-02   5.7446809e-01   6.5957447e-01   1.6666667e-01
   8.1090715e-02   5.7446809e-01   6.3829787e-01   1.6666667e-01
   8.6259134e-02   5.7446809e-01   6.3829787e-01   1.6666667e-01
   8.9467118e-02   5.5319149e-01   6.1702128e-01   1.6666667e-01
   8.4833363e-02   5.5319149e-01   6.1702128e-01   1.6666667e-01
   9.1605774e-02   5.3191489e-01   6.1702128e-01   1.6666667e-01
   1.0800214e-01   5.3191489e-01   6.1702128e-01   1.6666667e-01
   1.2475495e-01   5.3191489e-01   6.1702128e-01   1.6666667e-01
   1.6538941e-01   5.1063830e-01   6.1702128e-01   1.6666667e-01
   2.4683657e-01   5.1063830e-01   7.0212766e-01   1.6666667e-01
   3.3060061e-01   5.1063830e-01   7.2340426e-01   1.6666667e-01
   3.7176974e-01   5.3191489e-01   7.4468085e-01   1.6666667e-01
   3.6446266e-01   5.3191489e-01   7.4468085e-01   1.6666667e-01
   3.5483871e-01   5.5319149e-01   7.4468085e-01   1.6666667e-01
   3.3719480e-01   5.5319149e-01   7.6595745e-01   1.6666667e-01
   3.0458029e-01   5.7446809e-01   7.6595745e-01   1.6666667e-01
   2.7535199e-01   5.9574468e-01   7.6595745e-01   1.6666667e-01
   2.4719301e-01   5.9574468e-01   7.6595745e-01   1.6666667e-01
   2.1137052e-01   5.9574468e-01   7.6595745e-01   1.6666667e-01
   1.8071645e-01   5.9574468e-01   7.4468085e-01   1.6666667e-01
   1.5327036e-01   5.9574468e-01   7.2340426e-01   1.6666667e-01
   1.3045803e-01   5.9574468e-01   7.2340426e-01   1.6666667e-01
   1.0889325e-01   5.9574468e-01   6.8085106e-01   1.6666667e-01
   9.1605774e-02   5.9574468e-01   6.5957447e-01   1.6666667e-01
   7.6100517e-02   5.7446809e-01   6.3829787e-01   1.6666667e-01
   6.8615220e-02   5.5319149e-01   6.3829787e-01   3.3333333e-01
   6.6833007e-02   5.3191489e-01   5.9574468e-01   1.6666667e-01
   8.6437355e-02   5.3191489e-01   5.9574468e-01   1.6666667e-01
   1.2297273e-01   5.3191489e-01   6.1702128e-01   1.6666667e-01
   1.7180538e-01   5.1063830e-01   6.3829787e-01   1.6666667e-01
   2.1083586e-01   5.3191489e-01   6.5957447e-01   1.6666667e-01
   2.2509357e-01   5.3191489e-01   6.8085106e-01   1.6666667e-01
   2.1760827e-01   5.3191489e-01   6.8085106e-01   1.6666667e-01
   2.0459811e-01   5.5319149e-01   7.0212766e-01   1.6666667e-01
   1.7929068e-01   5.7446809e-01   7.0212766e-01   1.6666667e-01
   1.6022099e-01   5.9574468e-01   7.0212766e-01   1.6666667e-01
   1.3580467e-01   6.1702128e-01   7.2340426e-01   1.6666667e-01
   1.0978435e-01   6.3829787e-01   7.2340426e-01   1.6666667e-01
   8.7863126e-02   6.5957447e-01   7.2340426e-01   1.6666667e-01
   7.4140082e-02   6.5957447e-01   7.2340426e-01   1.6666667e-01
   6.1664587e-02   6.8085106e-01   7.2340426e-01   1.6666667e-01
   4.8119765e-02   6.8085106e-01   7.2340426e-01   1.6666667e-01
   4.0278025e-02   6.8085106e-01   7.0212766e-01   1.6666667e-01
   3.0297630e-02   6.5349544e-01   6.8085106e-01   0.0000000e+00
   1.8356799e-02   6.2613982e-01   6.5957447e-01   0.0000000e+00
   1.3188380e-02   5.9878419e-01   6.3829787e-01   0.0000000e+00
   1.0158617e-02   5.7142857e-01   6.1702128e-01   0.0000000e+00
   0.0000000e+00   5.4407295e-01   5.9574468e-01   0.0000000e+00
   6.9506327e-03   5.1671733e-01   5.7446809e-01   0.0000000e+00
   7.3248975e-02   4.8936170e-01   5.5319149e-01   1.6666667e-01
   1.7875601e-01   4.6808511e-01   5.9574468e-01   1.6666667e-01
   2.8141151e-01   4.4680851e-01   6.1702128e-01   1.6666667e-01
   3.4967029e-01   4.4680851e-01   6.3829787e-01   1.6666667e-01
   3.8745322e-01   4.2553191e-01   6.3829787e-01   1.6666667e-01
   4.0491891e-01   4.2553191e-01   6.5957447e-01   1.6666667e-01
   3.9422563e-01   4.2553191e-01   6.5957447e-01   1.6666667e-01
   3.6713598e-01   4.2553191e-01   6.8085106e-01   1.6666667e-01
   3.3416503e-01   4.2553191e-01   6.8085106e-01   1.6666667e-01
   3.0458029e-01   4.2553191e-01   6.8085106e-01   1.6666667e-01
   2.8069863e-01   4.2553191e-01   6.8085106e-01   1.6666667e-01
   2.7303511e-01   4.2553191e-01   6.8085106e-01   3.3333333e-01
   2.8301551e-01   4.2553191e-01   6.8085106e-01   3.3333333e-01
   3.7230440e-01   3.6170213e-01   6.8085106e-01   3.3333333e-01
   6.5264659e-01   4.2553191e-02   6.8085106e-01   3.3333333e-01
   8.9110675e-01   2.1276596e-02   6.8085106e-01   1.6666667e-01
   9.9411870e-01   2.1276596e-02   6.8085106e-01   1.6666667e-01
   1.0000000e+00   0.0000000e+00   6.5957447e-01   1.6666667e-01
   9.5277134e-01   2.1276596e-02   6.3829787e-01   1.6666667e-01
   8.8451256e-01   2.1276596e-02   6.1702128e-01   1.6666667e-01
   7.8898592e-01   4.2553191e-02   6.1702128e-01   1.6666667e-01
   6.6833007e-01   8.5106383e-02   6.1702128e-01   1.6666667e-01
   5.3181251e-01   2.1276596e-01   6.3829787e-01   1.6666667e-01
   3.9012654e-01   2.7659574e-01   6.3829787e-01   1.6666667e-01
   2.8854037e-01   3.6170213e-01   6.3829787e-01   1.6666667e-01
   1.8641953e-01   5.5319149e-01   6.5957447e-01   1.6666667e-01
   1.0532882e-01   5.9574468e-01   6.5957447e-01   1.6666667e-01
   7.6991624e-02   5.9574468e-01   6.5957447e-01   1.6666667e-01
   6.4159686e-02   6.1702128e-01   6.5957447e-01   1.6666667e-01
   6.2555694e-02   6.1702128e-01   6.5957447e-01   1.6666667e-01
   8.2160043e-02   6.3829787e-01   6.5957447e-01   1.6666667e-01
   1.2618072e-01   4.2553191e-01   6.8085106e-01   3.3333333e-01
   1.7750847e-01   4.2553191e-01   6.8085106e-01   3.3333333e-01
   2.1172696e-01   4.0425532e-01   6.5957447e-01   3.3333333e-01
   2.3846017e-01   4.0425532e-01   6.5957447e-01   3.3333333e-01
   2.6448048e-01   4.0425532e-01   6.5957447e-01   1.6666667e-01
   2.7428266e-01   4.2553191e-01   6.3829787e-01   1.6666667e-01
   2.6697558e-01   4.2553191e-01   6.3829787e-01   1.6666667e-01
   2.5147033e-01   4.8936170e-01   6.3829787e-01   1.6666667e-01
   2.3168776e-01   5.1063830e-01   6.3829787e-01   1.6666667e-01
   2.1279629e-01   5.1063830e-01   6.3829787e-01   1.6666667e-01
   2.0548922e-01   5.1063830e-01   6.3829787e-01   1.6666667e-01
   2.0245945e-01   4.8936170e-01   6.3829787e-01   1.6666667e-01
   1.8802353e-01   4.8936170e-01   6.5957447e-01   1.6666667e-01
   1.5861700e-01   5.1063830e-01   6.5957447e-01   1.6666667e-01
   1.2635894e-01   5.7446809e-01   6.5957447e-01   1.6666667e-01
   9.9982178e-02   5.9574468e-01   6.5957447e-01   1.6666667e-01
   8.0021387e-02   6.1702128e-01   6.5957447e-01   1.6666667e-01
   6.6120121e-02   6.1702128e-01   6.5957447e-01   1.6666667e-01
   5.7030832e-02   6.1702128e-01   6.8085106e-01   1.6666667e-01
   5.2040634e-02   6.1702128e-01   6.5957447e-01   1.6666667e-01
   4.7941543e-02   6.1702128e-01   6.5957447e-01   1.6666667e-01
   4.9189093e-02   6.1702128e-01   6.5957447e-01   1.6666667e-01
   6.0773481e-02   5.9574468e-01   6.3829787e-01   1.6666667e-01
   9.0180004e-02   5.9574468e-01   6.1702128e-01   1.6666667e-01
   1.1620032e-01   4.6808511e-01   6.1702128e-01   1.6666667e-01
   1.6485475e-01   3.8297872e-01   5.7446809e-01   3.3333333e-01
   1.8659775e-01   3.8297872e-01   5.7446809e-01   1.6666667e-01
   1.8552843e-01   3.8297872e-01   5.7446809e-01   1.6666667e-01
   1.7733024e-01   3.8297872e-01   5.3191489e-01   1.6666667e-01
   1.8178578e-01   3.8297872e-01   5.3191489e-01   1.6666667e-01
   1.9176617e-01   4.0425532e-01   5.5319149e-01   1.6666667e-01
   2.0584566e-01   4.0425532e-01   5.7446809e-01   1.6666667e-01
   2.0976653e-01   4.2553191e-01   5.7446809e-01   1.6666667e-01
   1.9586526e-01   4.4680851e-01   5.9574468e-01   1.6666667e-01
   1.7750847e-01   4.6808511e-01   6.1702128e-01   1.6666667e-01
   1.5237926e-01   4.8936170e-01   6.1702128e-01   1.6666667e-01
   1.2903226e-01   5.3191489e-01   6.1702128e-01   1.6666667e-01
   1.0924969e-01   5.5319149e-01   6.3829787e-01   1.6666667e-01
   8.4833363e-02   5.7446809e-01   6.3829787e-01   1.6666667e-01
   7.3070754e-02   5.9574468e-01   6.3829787e-01   1.6666667e-01
   6.9506327e-02   5.9574468e-01   6.3829787e-01   1.6666667e-01
   6.7724113e-02   6.1702128e-01   6.3829787e-01   1.6666667e-01
   6.5407236e-02   6.1702128e-01   6.3829787e-01   1.6666667e-01
   6.2912137e-02   6.1702128e-01   6.3829787e-01   1.6666667e-01
   6.0417038e-02   6.1702128e-01   6.3829787e-01   1.6666667e-01
   5.7030832e-02   6.1702128e-01   6.3829787e-01   1.6666667e-01
   4.9545536e-02   6.1702128e-01   6.1702128e-01   1.6666667e-01
   4.2060239e-02   6.1702128e-01   6.1702128e-01   0.0000000e+00
   3.8852255e-02   6.1702128e-01   6.1702128e-01   0.0000000e+00
