   1.0900000e+02
   3.4785286e-02   7.1428571e-02   8.9285714e-02   0.0000000e+00
   4.0788056e-02   7.1428571e-02   8.9285714e-02   0.0000000e+00
   4.3404648e-02   7.1428571e-02   8.9285714e-02   1.6666667e-01
   4.6482992e-02   8.9285714e-02   1.0714286e-01   1.6666667e-01
   4.8483916e-02   1.0714286e-01   1.2500000e-01   1.6666667e-01
   4.9407419e-02   1.2500000e-01   1.4285714e-01   1.6666667e-01
   4.9869170e-02   1.4285714e-01   1.6071429e-01   1.6666667e-01
   4.8791750e-02   1.6071429e-01   1.7857143e-01   1.6666667e-01
   5.2485763e-02   1.6071429e-01   1.9642857e-01   1.6666667e-01
   6.0951208e-02   1.7857143e-01   2.1428571e-01   1.6666667e-01
   6.7261813e-02   1.9642857e-01   2.5000000e-01   1.6666667e-01
   7.0801909e-02   2.1428571e-01   2.5000000e-01   1.6666667e-01
   8.3269201e-02   2.3214286e-01   2.6785714e-01   1.6666667e-01
   1.3129137e-01   0.0000000e+00   4.6428571e-01   5.0000000e-01
   3.1814684e-01   0.0000000e+00   5.0000000e-01   5.0000000e-01
   5.4332769e-01   1.7857143e-02   5.5357143e-01   3.3333333e-01
   6.5091581e-01   3.5714286e-02   5.7142857e-01   1.6666667e-01
   6.5553332e-01   5.3571429e-02   5.8928571e-01   1.6666667e-01
   5.8426966e-01   8.9285714e-02   6.0714286e-01   1.6666667e-01
   4.6606126e-01   1.0714286e-01   6.0714286e-01   3.3333333e-01
   3.3199938e-01   1.4285714e-01   6.2500000e-01   5.0000000e-01
   2.2025550e-01   2.3214286e-01   6.2500000e-01   3.3333333e-01
   1.9716792e-01   2.3214286e-01   6.4285714e-01   5.0000000e-01
   2.8320763e-01   1.9642857e-01   6.4285714e-01   3.3333333e-01
   4.8329998e-01   1.4285714e-01   6.4285714e-01   3.3333333e-01
   7.3187625e-01   1.2500000e-01   6.6071429e-01   3.3333333e-01
   9.2473449e-01   1.0714286e-01   6.6071429e-01   1.6666667e-01
   1.0000000e+00   8.9285714e-02   6.6071429e-01   1.6666667e-01
   9.8306911e-01   7.1428571e-02   6.6071429e-01   1.6666667e-01
   9.2889026e-01   7.1428571e-02   6.6071429e-01   1.6666667e-01
   8.4454364e-01   7.1428571e-02   6.6071429e-01   1.6666667e-01
   7.2925966e-01   7.1428571e-02   6.4285714e-01   3.3333333e-01
   5.6072033e-01   7.1428571e-02   6.4285714e-01   3.3333333e-01
   3.9910728e-01   7.1428571e-02   6.2500000e-01   3.3333333e-01
   2.8105279e-01   7.1428571e-02   5.8928571e-01   3.3333333e-01
   1.8562413e-01   7.1428571e-02   5.5357143e-01   5.0000000e-01
   1.1143605e-01   7.1428571e-02   4.6428571e-01   3.3333333e-01
   7.6189010e-02   8.9285714e-02   4.6428571e-01   3.3333333e-01
   6.4337386e-02   8.9285714e-02   4.6428571e-01   3.3333333e-01
   5.7411113e-02   4.2857143e-01   4.6428571e-01   1.6666667e-01
   4.8329998e-02   4.2857143e-01   4.6428571e-01   1.6666667e-01
   3.5093120e-02   4.4642857e-01   4.6428571e-01   1.6666667e-01
   2.8782515e-02   4.4642857e-01   4.6428571e-01   1.6666667e-01
   2.5396337e-02   4.4642857e-01   4.6428571e-01   1.6666667e-01
   1.9085732e-02   4.6428571e-01   4.6428571e-01   1.6666667e-01
   9.3889487e-03   4.6428571e-01   4.7193878e-01   0.0000000e+00
   6.9262737e-03   4.6428571e-01   4.7959184e-01   0.0000000e+00
   1.2313375e-03   4.6428571e-01   4.8724490e-01   0.0000000e+00
   1.6930891e-03   4.6428571e-01   4.9489796e-01   0.0000000e+00
   0.0000000e+00   4.6428571e-01   5.0255102e-01   0.0000000e+00
   1.1851624e-02   4.6428571e-01   5.1020408e-01   0.0000000e+00
   6.7723565e-02   4.6428571e-01   5.1785714e-01   1.6666667e-01
   1.5637987e-01   4.2857143e-01   5.3571429e-01   1.6666667e-01
   2.2718178e-01   4.1071429e-01   5.5357143e-01   1.6666667e-01
   2.5227028e-01   4.1071429e-01   5.7142857e-01   1.6666667e-01
   2.6273665e-01   4.1071429e-01   5.8928571e-01   1.6666667e-01
   2.5457904e-01   4.1071429e-01   6.0714286e-01   1.6666667e-01
   2.3826381e-01   3.9285714e-01   6.0714286e-01   1.6666667e-01
   2.0470987e-01   3.9285714e-01   6.2500000e-01   3.3333333e-01
   1.7284901e-01   4.1071429e-01   6.4285714e-01   3.3333333e-01
   1.5068493e-01   4.1071429e-01   6.4285714e-01   3.3333333e-01
   1.4683700e-01   4.1071429e-01   6.6071429e-01   3.3333333e-01
   1.3590888e-01   4.2857143e-01   6.6071429e-01   3.3333333e-01
   1.2405726e-01   4.4642857e-01   6.6071429e-01   3.3333333e-01
   1.1297522e-01   4.4642857e-01   6.7857143e-01   3.3333333e-01
   9.1426812e-02   4.6428571e-01   6.7857143e-01   3.3333333e-01
   6.4953055e-02   6.4285714e-01   6.7857143e-01   1.6666667e-01
   4.2327228e-02   6.4285714e-01   6.7857143e-01   1.6666667e-01
   3.6170540e-02   6.6071429e-01   6.7857143e-01   1.6666667e-01
   3.0783439e-02   6.6071429e-01   6.7857143e-01   1.6666667e-01
   3.0321687e-02   6.6071429e-01   6.6071429e-01   1.6666667e-01
   3.1706942e-02   6.4285714e-01   6.6071429e-01   1.6666667e-01
   3.1706942e-02   6.4285714e-01   6.6071429e-01   1.6666667e-01
   3.0167770e-02   6.4285714e-01   6.6071429e-01   1.6666667e-01
   2.8012929e-02   6.4285714e-01   6.6071429e-01   1.6666667e-01
   2.6473757e-02   6.3095238e-01   6.4285714e-01   0.0000000e+00
   2.4011082e-02   6.1904762e-01   6.2500000e-01   0.0000000e+00
   3.1091273e-02   6.0714286e-01   6.0714286e-01   1.6666667e-01
   4.0634139e-02   5.8928571e-01   6.2500000e-01   1.6666667e-01
   4.4789903e-02   5.8928571e-01   6.2500000e-01   1.6666667e-01
   4.4635986e-02   5.8928571e-01   6.2500000e-01   1.6666667e-01
   4.0941973e-02   5.8928571e-01   6.2500000e-01   1.6666667e-01
   3.7247961e-02   5.8928571e-01   6.0714286e-01   1.6666667e-01
   2.2164076e-02   5.8928571e-01   6.0851648e-01   0.0000000e+00
   1.0466369e-02   5.8928571e-01   6.0989011e-01   0.0000000e+00
   9.0811144e-03   5.8928571e-01   6.1126374e-01   0.0000000e+00
   1.0158535e-02   5.8928571e-01   6.1263736e-01   0.0000000e+00
   1.0774203e-02   5.8928571e-01   6.1401099e-01   0.0000000e+00
   1.1389872e-02   5.8928571e-01   6.1538462e-01   0.0000000e+00
   1.2005541e-02   5.8928571e-01   6.1675824e-01   0.0000000e+00
   1.2775127e-02   5.8928571e-01   6.1813187e-01   0.0000000e+00
   1.3390796e-02   5.8928571e-01   6.1950549e-01   0.0000000e+00
   1.4006465e-02   5.8928571e-01   6.2087912e-01   0.0000000e+00
   1.2929044e-02   5.8928571e-01   6.2225275e-01   0.0000000e+00
   2.7397260e-02   5.8928571e-01   6.2362637e-01   0.0000000e+00
   8.7424965e-02   5.8928571e-01   6.2500000e-01   1.6666667e-01
   1.6269047e-01   5.7142857e-01   6.6071429e-01   1.6666667e-01
   2.1148222e-01   5.7142857e-01   6.6071429e-01   1.6666667e-01
   2.4580576e-01   5.7142857e-01   6.7857143e-01   1.6666667e-01
   2.6181314e-01   5.7142857e-01   6.9642857e-01   1.6666667e-01
   2.7027859e-01   5.7142857e-01   6.9642857e-01   1.6666667e-01
   2.7289518e-01   5.7142857e-01   7.1428571e-01   1.6666667e-01
   2.6273665e-01   5.8928571e-01   7.1428571e-01   1.6666667e-01
   2.4534400e-01   6.0714286e-01   7.1428571e-01   1.6666667e-01
   2.2641219e-01   6.0714286e-01   7.1428571e-01   1.6666667e-01
   1.8593197e-01   6.2500000e-01   7.1428571e-01   1.6666667e-01
   1.4083423e-01   6.4285714e-01   7.1428571e-01   1.6666667e-01
   9.6659997e-02   6.6071429e-01   7.1428571e-01   1.6666667e-01
   5.2331845e-02   6.6071429e-01   7.1428571e-01   0.0000000e+00
