   2.8000000e+02
   7.5189043e-02   1.9230769e-01   3.7179487e-01   0.0000000e+00
   2.8349265e-01   1.9230769e-01   3.7179487e-01   1.6666667e-01
   5.6627194e-01   1.2820513e-01   4.2307692e-01   1.6666667e-01
   8.1966044e-01   8.9743590e-02   4.8717949e-01   1.6666667e-01
   9.5149094e-01   7.6923077e-02   5.0000000e-01   1.6666667e-01
   9.9671850e-01   6.4102564e-02   5.1282051e-01   1.6666667e-01
   1.0000000e+00   2.5641026e-02   5.2564103e-01   1.6666667e-01
   9.8944215e-01   1.2820513e-02   5.3846154e-01   1.6666667e-01
   9.4592667e-01   0.0000000e+00   5.5128205e-01   1.6666667e-01
   8.6531602e-01   0.0000000e+00   5.6410256e-01   5.0000000e-01
   7.4917963e-01   0.0000000e+00   5.7692308e-01   3.3333333e-01
   5.5771151e-01   0.0000000e+00   5.8974359e-01   3.3333333e-01
   4.4628335e-01   3.4615385e-01   5.8974359e-01   1.6666667e-01
   3.7409046e-01   3.4615385e-01   6.0256410e-01   1.6666667e-01
   3.1973177e-01   3.4615385e-01   6.1538462e-01   3.3333333e-01
   2.5909545e-01   3.3333333e-01   6.1538462e-01   3.3333333e-01
   2.2570980e-01   3.2051282e-01   6.2820513e-01   3.3333333e-01
   1.9203881e-01   3.0769231e-01   6.2820513e-01   3.3333333e-01
   1.6764160e-01   3.0769231e-01   6.4102564e-01   3.3333333e-01
   1.4153232e-01   3.2051282e-01   6.4102564e-01   3.3333333e-01
   1.1941789e-01   6.1538462e-01   6.5384615e-01   1.6666667e-01
   6.3061778e-02   6.1538462e-01   6.5384615e-01   1.6666667e-01
   6.0065630e-02   6.2820513e-01   6.5384615e-01   1.6666667e-01
   5.1505208e-02   6.4102564e-01   6.6666667e-01   1.6666667e-01
   7.4903695e-02   5.5128205e-01   6.6666667e-01   3.3333333e-01
   1.2170067e-01   5.2564103e-01   6.6666667e-01   3.3333333e-01
   1.3468398e-01   5.1282051e-01   6.6666667e-01   3.3333333e-01
   1.2583821e-01   5.1282051e-01   6.7948718e-01   3.3333333e-01
   1.3311457e-01   4.8717949e-01   6.7948718e-01   3.3333333e-01
   1.2683692e-01   4.8717949e-01   6.7948718e-01   3.3333333e-01
   1.1299757e-01   4.7435897e-01   6.7948718e-01   3.3333333e-01
   1.0258239e-01   4.7435897e-01   6.7948718e-01   3.3333333e-01
   1.0044229e-01   4.7435897e-01   6.7948718e-01   3.3333333e-01
   9.4021972e-02   4.8717949e-01   6.7948718e-01   3.3333333e-01
   7.9326580e-02   4.8717949e-01   5.1282051e-01   1.6666667e-01
   6.6628620e-02   5.0000000e-01   5.2564103e-01   1.6666667e-01
   6.5915252e-02   5.0000000e-01   5.2564103e-01   1.6666667e-01
   8.1324012e-02   5.1282051e-01   5.2564103e-01   1.6666667e-01
   9.1025824e-02   5.1648352e-01   5.2930403e-01   0.0000000e+00
   7.1051505e-02   5.2014652e-01   5.3296703e-01   0.0000000e+00
   2.9248110e-02   5.2380952e-01   5.3663004e-01   0.0000000e+00
   0.0000000e+00   5.2747253e-01   5.4029304e-01   0.0000000e+00
   1.4267371e-03   5.3113553e-01   5.4395604e-01   0.0000000e+00
   1.4267371e-03   5.3479853e-01   5.4761905e-01   0.0000000e+00
   1.4267371e-03   5.3846154e-01   5.5128205e-01   0.0000000e+00
   1.4267371e-03   5.4212454e-01   5.5494505e-01   0.0000000e+00
   1.4267371e-03   5.4578755e-01   5.5860806e-01   0.0000000e+00
   1.4267371e-03   5.4945055e-01   5.6227106e-01   0.0000000e+00
   1.4267371e-03   5.5311355e-01   5.6593407e-01   0.0000000e+00
   1.4267371e-03   5.5677656e-01   5.6959707e-01   0.0000000e+00
   1.4267371e-03   5.6043956e-01   5.7326007e-01   0.0000000e+00
   1.4267371e-03   5.6410256e-01   5.7692308e-01   0.0000000e+00
   1.4267371e-03   5.6776557e-01   5.8058608e-01   0.0000000e+00
   1.4267371e-03   5.7142857e-01   5.8424908e-01   0.0000000e+00
   1.4267371e-03   5.7509158e-01   5.8791209e-01   0.0000000e+00
   1.4267371e-03   5.7875458e-01   5.9157509e-01   0.0000000e+00
   1.4267371e-03   5.8241758e-01   5.9523810e-01   0.0000000e+00
   2.8534741e-03   5.8608059e-01   5.9890110e-01   0.0000000e+00
   3.4955058e-02   5.8974359e-01   6.0256410e-01   1.6666667e-01
   1.1256955e-01   5.5128205e-01   6.2820513e-01   1.6666667e-01
   1.9246683e-01   5.3846154e-01   6.2820513e-01   1.6666667e-01
   2.5024968e-01   5.2564103e-01   6.4102564e-01   1.6666667e-01
   2.8149522e-01   5.2564103e-01   6.5384615e-01   1.6666667e-01
   2.9390783e-01   5.1282051e-01   6.5384615e-01   1.6666667e-01
   3.0888857e-01   4.8717949e-01   6.6666667e-01   1.6666667e-01
   3.1373948e-01   4.7435897e-01   6.6666667e-01   1.6666667e-01
   3.1373948e-01   4.7435897e-01   6.6666667e-01   1.6666667e-01
   3.0546440e-01   4.7435897e-01   6.7948718e-01   3.3333333e-01
   2.7964046e-01   4.6153846e-01   6.7948718e-01   3.3333333e-01
   2.5510058e-01   4.6153846e-01   6.7948718e-01   3.3333333e-01
   2.2727921e-01   4.6153846e-01   6.7948718e-01   3.3333333e-01
   2.0302468e-01   4.6153846e-01   6.7948718e-01   3.3333333e-01
   2.0573548e-01   4.7435897e-01   6.7948718e-01   3.3333333e-01
   2.3583963e-01   4.7435897e-01   6.7948718e-01   3.3333333e-01
   2.5438722e-01   4.7435897e-01   6.6666667e-01   3.3333333e-01
   2.7992581e-01   4.8717949e-01   6.2820513e-01   1.6666667e-01
   2.6523042e-01   4.8717949e-01   6.1538462e-01   1.6666667e-01
   2.4525610e-01   5.0000000e-01   6.1538462e-01   1.6666667e-01
   2.1315452e-01   5.1282051e-01   6.1538462e-01   1.6666667e-01
   1.8633186e-01   5.2564103e-01   6.1538462e-01   1.6666667e-01
   1.6150663e-01   5.3846154e-01   6.2820513e-01   1.6666667e-01
   1.4053360e-01   5.5128205e-01   6.2820513e-01   1.6666667e-01
   1.1784848e-01   5.7692308e-01   6.4102564e-01   1.6666667e-01
   9.1596519e-02   6.0256410e-01   6.4102564e-01   1.6666667e-01
   7.7329148e-02   6.1538462e-01   6.5384615e-01   1.6666667e-01
   7.1907547e-02   6.1538462e-01   6.5384615e-01   1.6666667e-01
   6.0636325e-02   6.2820513e-01   6.5384615e-01   1.6666667e-01
   5.5785419e-02   6.2820513e-01   6.5384615e-01   1.6666667e-01
   5.2075902e-02   6.2820513e-01   6.5384615e-01   1.6666667e-01
   4.9507776e-02   6.4102564e-01   6.5384615e-01   1.6666667e-01
   4.8509060e-02   6.4102564e-01   6.5384615e-01   1.6666667e-01
   4.7795691e-02   6.4102564e-01   6.5384615e-01   1.6666667e-01
   4.7367670e-02   6.4102564e-01   6.6666667e-01   1.6666667e-01
   4.6654302e-02   6.4102564e-01   6.6666667e-01   1.6666667e-01
   4.2802112e-02   6.4102564e-01   6.5384615e-01   1.6666667e-01
   3.7380511e-02   6.4102564e-01   6.5384615e-01   1.6666667e-01
   3.7237837e-02   6.4102564e-01   6.4102564e-01   1.6666667e-01
   2.8249394e-02   6.1217949e-01   6.1538462e-01   0.0000000e+00
   1.8975603e-02   5.8333333e-01   5.8974359e-01   0.0000000e+00
   2.1401056e-02   5.5448718e-01   5.6410256e-01   0.0000000e+00
   5.9780282e-02   5.2564103e-01   5.3846154e-01   1.6666667e-01
   1.0900271e-01   5.0000000e-01   5.6410256e-01   1.6666667e-01
   1.9289485e-01   4.6153846e-01   5.6410256e-01   1.6666667e-01
   3.1274076e-01   3.7179487e-01   5.7692308e-01   3.3333333e-01
   3.9092595e-01   3.5897436e-01   5.7692308e-01   1.6666667e-01
   4.1532316e-01   3.4615385e-01   5.8974359e-01   1.6666667e-01
   4.1075760e-01   3.5897436e-01   6.0256410e-01   1.6666667e-01
   4.0433728e-01   3.5897436e-01   6.1538462e-01   1.6666667e-01
   4.0248252e-01   3.7179487e-01   6.9230769e-01   3.3333333e-01
   3.5012127e-01   3.8461538e-01   7.1794872e-01   5.0000000e-01
   2.6794122e-01   5.2564103e-01   7.3076923e-01   3.3333333e-01
   1.7534598e-01   5.3846154e-01   7.1794872e-01   3.3333333e-01
   1.1656442e-01   5.5128205e-01   5.8974359e-01   1.6666667e-01
   5.4216008e-02   5.3846154e-01   5.6410256e-01   0.0000000e+00
   2.2257098e-02   5.2564103e-01   5.3846154e-01   0.0000000e+00
   3.1673563e-02   5.1282051e-01   5.1282051e-01   1.6666667e-01
   5.5357398e-02   5.1282051e-01   5.2564103e-01   1.6666667e-01
   7.8042517e-02   5.1282051e-01   5.5128205e-01   1.6666667e-01
   9.7446141e-02   5.1282051e-01   5.7692308e-01   1.6666667e-01
   1.1599372e-01   5.1282051e-01   5.8974359e-01   1.6666667e-01
   1.2184334e-01   5.2564103e-01   6.0256410e-01   1.6666667e-01
   1.1570837e-01   5.3846154e-01   6.0256410e-01   1.6666667e-01
   1.0158368e-01   5.5128205e-01   6.1538462e-01   1.6666667e-01
   8.9599087e-02   5.6410256e-01   6.1538462e-01   1.6666667e-01
   7.6330432e-02   5.8974359e-01   6.2820513e-01   1.6666667e-01
   6.4631188e-02   6.0256410e-01   6.2820513e-01   1.6666667e-01
   6.3632473e-02   6.0256410e-01   6.4102564e-01   1.6666667e-01
   5.8353545e-02   6.1538462e-01   6.4102564e-01   1.6666667e-01
   5.8068198e-02   6.1538462e-01   6.4102564e-01   1.6666667e-01
   6.3347125e-02   6.1538462e-01   6.4102564e-01   1.6666667e-01
   6.2063062e-02   6.1538462e-01   6.4102564e-01   1.6666667e-01
   5.7069482e-02   6.1538462e-01   6.4102564e-01   1.6666667e-01
   4.9935797e-02   6.1538462e-01   6.4102564e-01   1.6666667e-01
   4.8651733e-02   6.1538462e-01   6.2820513e-01   1.6666667e-01
   4.3658154e-02   5.8333333e-01   6.0042735e-01   0.0000000e+00
   2.9818804e-02   5.5128205e-01   5.7264957e-01   0.0000000e+00
   3.4669710e-02   5.1923077e-01   5.4487179e-01   0.0000000e+00
   2.8962762e-02   4.8717949e-01   5.1709402e-01   0.0000000e+00
   3.1245541e-02   4.5512821e-01   4.8931624e-01   0.0000000e+00
   9.6162077e-02   4.2307692e-01   4.6153846e-01   1.6666667e-01
   2.5353117e-01   2.0512821e-01   4.7435897e-01   3.3333333e-01
   4.5712655e-01   1.7948718e-01   4.8717949e-01   1.6666667e-01
   6.0778998e-01   1.7948718e-01   5.0000000e-01   1.6666667e-01
   6.9624768e-01   1.7948718e-01   5.6410256e-01   1.6666667e-01
   7.6102154e-01   1.7948718e-01   5.8974359e-01   1.6666667e-01
   7.8285062e-01   1.9230769e-01   6.0256410e-01   1.6666667e-01
   7.2863461e-01   2.0512821e-01   6.1538462e-01   1.6666667e-01
   6.2476816e-01   3.2051282e-01   6.1538462e-01   1.6666667e-01
   4.8608931e-01   3.4615385e-01   6.2820513e-01   1.6666667e-01
   3.8279355e-01   3.7179487e-01   6.2820513e-01   1.6666667e-01
   2.9833072e-01   4.1025641e-01   6.2820513e-01   1.6666667e-01
   2.1401056e-01   4.8717949e-01   6.4102564e-01   3.3333333e-01
   1.2498217e-01   5.8974359e-01   6.4102564e-01   1.6666667e-01
   7.0766158e-02   6.1538462e-01   6.4102564e-01   1.6666667e-01
   6.1635041e-02   6.1538462e-01   6.5384615e-01   1.6666667e-01
   5.3930661e-02   6.2820513e-01   6.5384615e-01   1.6666667e-01
   5.2075902e-02   6.2820513e-01   6.5384615e-01   1.6666667e-01
   5.4644029e-02   6.2820513e-01   6.5384615e-01   1.6666667e-01
   5.1933229e-02   6.2820513e-01   6.5384615e-01   1.6666667e-01
   4.7224996e-02   6.2820513e-01   6.5384615e-01   1.6666667e-01
   3.8379227e-02   6.2820513e-01   6.4102564e-01   1.6666667e-01
   3.8236553e-02   6.2820513e-01   6.4102564e-01   1.6666667e-01
   3.7523184e-02   6.2820513e-01   6.4102564e-01   1.6666667e-01
   3.6381795e-02   6.1538462e-01   6.2820513e-01   1.6666667e-01
   3.4669710e-02   6.1538462e-01   6.2820513e-01   1.6666667e-01
   3.0389499e-02   6.1538462e-01   6.1538462e-01   1.6666667e-01
   1.5551434e-02   6.1217949e-01   6.1538462e-01   0.0000000e+00
   1.1699244e-02   6.0897436e-01   6.1538462e-01   0.0000000e+00
   8.5604223e-04   6.0576923e-01   6.1538462e-01   0.0000000e+00
   1.4267371e-03   6.0256410e-01   6.1538462e-01   0.0000000e+00
   1.7120845e-03   5.9935897e-01   6.1538462e-01   0.0000000e+00
   6.8483379e-03   5.9615385e-01   6.1538462e-01   0.0000000e+00
   1.2840633e-03   5.9294872e-01   6.1538462e-01   0.0000000e+00
   1.4267371e-03   5.8974359e-01   6.1538462e-01   0.0000000e+00
   1.4267371e-03   5.8653846e-01   6.1538462e-01   0.0000000e+00
   1.7120845e-03   5.8333333e-01   6.1538462e-01   0.0000000e+00
   9.7018120e-03   5.8012821e-01   6.1538462e-01   0.0000000e+00
   4.7367670e-02   5.7692308e-01   6.1538462e-01   1.6666667e-01
   9.4164645e-02   5.7692308e-01   6.2820513e-01   1.6666667e-01
   1.2911970e-01   5.6410256e-01   6.4102564e-01   1.6666667e-01
   1.6079327e-01   5.3846154e-01   6.4102564e-01   1.6666667e-01
   1.8461977e-01   5.2564103e-01   6.5384615e-01   1.6666667e-01
   1.9289485e-01   5.1282051e-01   6.5384615e-01   1.6666667e-01
   1.8005422e-01   5.1282051e-01   6.6666667e-01   1.6666667e-01
   1.6136396e-01   5.1282051e-01   6.6666667e-01   3.3333333e-01
   1.3653874e-01   5.1282051e-01   6.6666667e-01   3.3333333e-01
   1.2840633e-01   5.1282051e-01   6.7948718e-01   3.3333333e-01
   1.1356827e-01   5.1282051e-01   6.7948718e-01   3.3333333e-01
   1.0129833e-01   5.1282051e-01   6.7948718e-01   3.3333333e-01
   8.2750749e-02   5.2564103e-01   6.7948718e-01   3.3333333e-01
   6.6913968e-02   5.2564103e-01   6.6666667e-01   3.3333333e-01
   5.3359966e-02   5.2564103e-01   6.5384615e-01   3.3333333e-01
   3.7095163e-02   5.2991453e-01   6.2820513e-01   0.0000000e+00
   4.6511628e-02   5.3418803e-01   6.0256410e-01   0.0000000e+00
   8.1324012e-02   5.3846154e-01   5.7692308e-01   1.6666667e-01
   1.2455414e-01   5.3846154e-01   5.8974359e-01   1.6666667e-01
   1.6364674e-01   5.2564103e-01   5.8974359e-01   1.6666667e-01
   1.8647453e-01   5.2564103e-01   6.0256410e-01   1.6666667e-01
   1.9503496e-01   5.2564103e-01   6.0256410e-01   1.6666667e-01
   1.9104009e-01   5.2564103e-01   6.1538462e-01   1.6666667e-01
   1.8704523e-01   5.2564103e-01   6.1538462e-01   1.6666667e-01
   1.6921101e-01   5.3846154e-01   6.2820513e-01   1.6666667e-01
   1.4752461e-01   5.5128205e-01   6.4102564e-01   1.6666667e-01
   1.2141532e-01   5.6410256e-01   6.4102564e-01   1.6666667e-01
   1.0329576e-01   5.8974359e-01   6.5384615e-01   1.6666667e-01
   7.7043801e-02   6.1538462e-01   6.5384615e-01   1.6666667e-01
   6.4773862e-02   6.2820513e-01   6.5384615e-01   1.6666667e-01
   4.7367670e-02   6.4102564e-01   6.6666667e-01   1.6666667e-01
   3.8949922e-02   6.5384615e-01   6.6666667e-01   1.6666667e-01
   4.0376659e-02   6.5384615e-01   6.6666667e-01   1.6666667e-01
   3.1958910e-02   6.5384615e-01   6.6666667e-01   1.6666667e-01
   3.0104152e-02   6.6666667e-01   6.6666667e-01   1.6666667e-01
   3.0104152e-02   6.6666667e-01   6.7948718e-01   1.6666667e-01
   3.0960194e-02   6.6666667e-01   6.7948718e-01   1.6666667e-01
   3.0246826e-02   6.6666667e-01   6.7948718e-01   1.6666667e-01
   2.6965330e-02   6.6666667e-01   6.6666667e-01   1.6666667e-01
   2.1971751e-02   5.7435897e-01   5.7692308e-01   0.0000000e+00
   1.1699244e-02   4.8205128e-01   4.8717949e-01   0.0000000e+00
   7.5617064e-03   3.8974359e-01   3.9743590e-01   0.0000000e+00
   2.9248110e-02   2.9743590e-01   3.0769231e-01   0.0000000e+00
   5.2931945e-02   2.0512821e-01   2.1794872e-01   1.6666667e-01
   8.2608075e-02   2.0512821e-01   2.3076923e-01   1.6666667e-01
   1.1385362e-01   2.0512821e-01   5.6410256e-01   3.3333333e-01
   1.5323156e-01   2.0512821e-01   5.7692308e-01   3.3333333e-01
   1.9931517e-01   2.1794872e-01   5.8974359e-01   3.3333333e-01
   2.2856328e-01   2.1794872e-01   6.0256410e-01   3.3333333e-01
   2.4126124e-01   2.3076923e-01   6.1538462e-01   3.3333333e-01
   2.2984734e-01   5.1282051e-01   6.2820513e-01   1.6666667e-01
   2.0131260e-01   5.2564103e-01   6.4102564e-01   1.6666667e-01
   1.8461977e-01   5.2564103e-01   6.5384615e-01   1.6666667e-01
   1.6393209e-01   5.3846154e-01   6.5384615e-01   1.6666667e-01
   1.4039093e-01   5.7692308e-01   6.6666667e-01   1.6666667e-01
   1.0329576e-01   6.1538462e-01   6.6666667e-01   1.6666667e-01
   8.0610643e-02   6.2820513e-01   6.7948718e-01   1.6666667e-01
   6.7056641e-02   6.4102564e-01   6.7948718e-01   1.6666667e-01
   5.5500071e-02   6.5384615e-01   6.7948718e-01   1.6666667e-01
   5.2361250e-02   6.5384615e-01   6.7948718e-01   1.6666667e-01
   5.0934513e-02   6.6666667e-01   6.9230769e-01   1.6666667e-01
   4.8794407e-02   6.6666667e-01   6.9230769e-01   1.6666667e-01
   4.6939649e-02   6.6666667e-01   6.9230769e-01   1.6666667e-01
   4.5512912e-02   6.6666667e-01   6.7948718e-01   1.6666667e-01
   5.7497503e-02   6.7948718e-01   6.7948718e-01   1.6666667e-01
   7.5617064e-02   6.1538462e-01   6.4102564e-01   1.6666667e-01
   7.7186475e-02   6.1538462e-01   6.5384615e-01   1.6666667e-01
   8.3749465e-02   6.0256410e-01   6.5384615e-01   1.6666667e-01
   8.8172350e-02   6.0256410e-01   6.5384615e-01   1.6666667e-01
   8.7744329e-02   5.8974359e-01   6.5384615e-01   1.6666667e-01
   9.4592667e-02   5.8974359e-01   6.2820513e-01   1.6666667e-01
   9.2452561e-02   5.5128205e-01   6.1538462e-01   1.6666667e-01
   9.2737908e-02   5.3846154e-01   5.7692308e-01   1.6666667e-01
   8.8743045e-02   5.2564103e-01   5.7692308e-01   1.6666667e-01
   8.9171066e-02   5.2564103e-01   5.6410256e-01   1.6666667e-01
   9.2309887e-02   5.1282051e-01   5.6410256e-01   1.6666667e-01
   1.0400913e-01   5.1282051e-01   5.5128205e-01   1.6666667e-01
   1.2198602e-01   5.1282051e-01   5.6410256e-01   1.6666667e-01
   1.5508632e-01   5.1282051e-01   5.8974359e-01   1.6666667e-01
   2.2071622e-01   5.1282051e-01   6.2820513e-01   1.6666667e-01
   2.7721501e-01   5.2564103e-01   6.5384615e-01   1.6666667e-01
   3.0517906e-01   5.2564103e-01   6.6666667e-01   1.6666667e-01
   3.0903125e-01   5.3846154e-01   6.6666667e-01   1.6666667e-01
   2.9119703e-01   5.5128205e-01   6.7948718e-01   1.6666667e-01
   2.5609930e-01   5.6410256e-01   6.7948718e-01   1.6666667e-01
   2.2000285e-01   5.7692308e-01   6.7948718e-01   1.6666667e-01
   1.8618919e-01   5.7692308e-01   6.7948718e-01   1.6666667e-01
   1.7249251e-01   5.7692308e-01   6.7948718e-01   1.6666667e-01
   1.4766728e-01   5.6410256e-01   6.7948718e-01   1.6666667e-01
   1.2141532e-01   5.5128205e-01   5.7692308e-01   1.6666667e-01
   8.2608075e-02   5.5128205e-01   5.7692308e-01   1.6666667e-01
   6.8198031e-02   5.3846154e-01   5.6410256e-01   1.6666667e-01
   6.7912684e-02   5.3846154e-01   5.6410256e-01   1.6666667e-01
   7.6615780e-02   5.5128205e-01   5.7692308e-01   1.6666667e-01
   9.0027108e-02   5.5128205e-01   5.7692308e-01   1.6666667e-01
   9.6019404e-02   5.5128205e-01   5.8974359e-01   1.6666667e-01
   9.1596519e-02   5.6410256e-01   6.0256410e-01   1.6666667e-01
   8.6174918e-02   5.7692308e-01   6.1538462e-01   1.6666667e-01
   7.4333000e-02   5.8974359e-01   6.1538462e-01   1.6666667e-01
   6.7484663e-02   6.0256410e-01   6.1538462e-01   1.6666667e-01
   5.5214724e-02   6.1538462e-01   6.2820513e-01   1.6666667e-01
   4.2802112e-02   6.2820513e-01   6.2820513e-01   1.6666667e-01
   3.7951206e-02   6.2820513e-01   6.2820513e-01   0.0000000e+00
