   1.3600000e+02
   4.1135784e-02   6.2500000e-01   6.2500000e-01   0.0000000e+00
   6.4069894e-02   6.2500000e-01   6.2500000e-01   1.6666667e-01
   7.4990899e-02   6.2500000e-01   6.2500000e-01   1.6666667e-01
   7.8631234e-02   6.1718750e-01   6.2109375e-01   0.0000000e+00
   7.1714598e-02   6.0937500e-01   6.1718750e-01   0.0000000e+00
   5.7517292e-02   6.0156250e-01   6.1328125e-01   0.0000000e+00
   5.4240990e-02   5.9375000e-01   6.0937500e-01   0.0000000e+00
   4.5140153e-02   5.8593750e-01   6.0546875e-01   0.0000000e+00
   2.5846378e-02   5.7812500e-01   6.0156250e-01   0.0000000e+00
   8.3727703e-03   5.7031250e-01   5.9765625e-01   0.0000000e+00
   0.0000000e+00   5.6250000e-01   5.9375000e-01   0.0000000e+00
   7.2806698e-04   5.5468750e-01   5.8984375e-01   0.0000000e+00
   7.2806698e-04   5.4687500e-01   5.8593750e-01   0.0000000e+00
   7.2806698e-04   5.3906250e-01   5.8203125e-01   0.0000000e+00
   7.2806698e-04   5.3125000e-01   5.7812500e-01   0.0000000e+00
   0.0000000e+00   5.2343750e-01   5.7421875e-01   0.0000000e+00
   4.3684019e-03   5.1562500e-01   5.7031250e-01   0.0000000e+00
   4.4776119e-02   5.0781250e-01   5.6640625e-01   0.0000000e+00
   1.4452130e-01   5.0000000e-01   5.6250000e-01   1.6666667e-01
   3.0069166e-01   4.7916667e-01   5.8333333e-01   1.6666667e-01
   4.5322170e-01   4.5833333e-01   6.0416667e-01   1.6666667e-01
   5.6825628e-01   4.5833333e-01   6.0416667e-01   1.6666667e-01
   6.5271205e-01   4.5833333e-01   6.2500000e-01   1.6666667e-01
   7.3243538e-01   4.3750000e-01   6.2500000e-01   1.6666667e-01
   7.7939570e-01   4.3750000e-01   6.4583333e-01   1.6666667e-01
   7.7211503e-01   4.3750000e-01   6.4583333e-01   1.6666667e-01
   7.1751001e-01   4.1666667e-01   6.6666667e-01   1.6666667e-01
   6.4979978e-01   4.1666667e-01   6.6666667e-01   1.6666667e-01
   5.8791409e-01   4.1666667e-01   6.6666667e-01   1.6666667e-01
   5.4823444e-01   4.1666667e-01   6.6666667e-01   3.3333333e-01
   5.0200218e-01   4.1666667e-01   6.6666667e-01   3.3333333e-01
   4.5649800e-01   4.1666667e-01   6.8750000e-01   3.3333333e-01
   4.3465599e-01   4.1666667e-01   6.8750000e-01   3.3333333e-01
   4.6013833e-01   4.1666667e-01   6.8750000e-01   3.3333333e-01
   5.5260284e-01   4.3750000e-01   6.8750000e-01   3.3333333e-01
   6.4615945e-01   4.3750000e-01   6.6666667e-01   1.6666667e-01
   7.0185657e-01   4.3750000e-01   6.6666667e-01   1.6666667e-01
   6.9129960e-01   4.5833333e-01   6.6666667e-01   1.6666667e-01
   6.5999272e-01   4.5833333e-01   6.6666667e-01   1.6666667e-01
   6.5234802e-01   4.5833333e-01   6.4583333e-01   1.6666667e-01
   6.7710229e-01   4.5833333e-01   6.4583333e-01   1.6666667e-01
   6.9311977e-01   4.5833333e-01   6.2500000e-01   1.6666667e-01
   6.7309793e-01   4.5833333e-01   6.4583333e-01   1.6666667e-01
   6.2540954e-01   4.5833333e-01   6.4583333e-01   1.6666667e-01
   5.5697124e-01   4.5833333e-01   6.4583333e-01   1.6666667e-01
   4.7433564e-01   4.7916667e-01   6.6666667e-01   1.6666667e-01
   3.9024390e-01   5.0000000e-01   6.6666667e-01   1.6666667e-01
   2.9814343e-01   5.8333333e-01   6.6666667e-01   1.6666667e-01
   2.2606480e-01   6.2500000e-01   6.6666667e-01   1.6666667e-01
   1.4488533e-01   6.2500000e-01   6.8750000e-01   1.6666667e-01
   1.3178012e-01   6.4583333e-01   6.8750000e-01   1.6666667e-01
   1.4160903e-01   6.4583333e-01   6.8750000e-01   1.6666667e-01
   1.5180197e-01   6.4583333e-01   6.8750000e-01   1.6666667e-01
   1.6454314e-01   6.4583333e-01   6.8750000e-01   1.6666667e-01
   1.6781944e-01   6.4583333e-01   6.8750000e-01   1.6666667e-01
   1.6199490e-01   6.4583333e-01   6.8750000e-01   1.6666667e-01
   1.5289407e-01   6.4583333e-01   7.0833333e-01   1.6666667e-01
   1.4415726e-01   6.4583333e-01   7.0833333e-01   1.6666667e-01
   1.4342920e-01   6.4583333e-01   6.8750000e-01   1.6666667e-01
   1.5471423e-01   6.2500000e-01   6.8750000e-01   1.6666667e-01
   1.5835457e-01   6.0416667e-01   6.6666667e-01   1.6666667e-01
   2.1587186e-01   5.4166667e-01   6.6666667e-01   1.6666667e-01
   4.1062978e-01   2.0833333e-02   6.4583333e-01   3.3333333e-01
   6.4506735e-01   2.0833333e-02   6.4583333e-01   3.3333333e-01
   8.2890426e-01   2.0833333e-02   6.4583333e-01   3.3333333e-01
   9.4830724e-01   2.0833333e-02   6.4583333e-01   3.3333333e-01
   9.8871496e-01   2.0833333e-02   6.4583333e-01   3.3333333e-01
   1.0000000e+00   2.0833333e-02   6.4583333e-01   3.3333333e-01
   9.6104842e-01   4.1666667e-02   6.6666667e-01   3.3333333e-01
   8.5365854e-01   6.2500000e-02   6.6666667e-01   3.3333333e-01
   7.3498362e-01   8.3333333e-02   6.6666667e-01   3.3333333e-01
   5.9665089e-01   1.0416667e-01   6.8750000e-01   3.3333333e-01
   4.8816891e-01   5.2083333e-01   6.8750000e-01   1.6666667e-01
   3.7386240e-01   5.8333333e-01   6.8750000e-01   1.6666667e-01
   3.1889334e-01   6.2500000e-01   7.0833333e-01   1.6666667e-01
   2.9159083e-01   6.2500000e-01   7.0833333e-01   1.6666667e-01
   2.8795049e-01   6.2500000e-01   7.0833333e-01   1.6666667e-01
   2.9159083e-01   6.2500000e-01   7.0833333e-01   1.6666667e-01
   2.8503822e-01   6.0416667e-01   7.0833333e-01   1.6666667e-01
   2.7520932e-01   6.0416667e-01   7.0833333e-01   1.6666667e-01
   2.7921369e-01   6.0416667e-01   7.0833333e-01   1.6666667e-01
   2.8540226e-01   5.8333333e-01   7.0833333e-01   1.6666667e-01
   2.7193302e-01   5.8333333e-01   7.0833333e-01   1.6666667e-01
   2.6720058e-01   5.6250000e-01   6.4583333e-01   1.6666667e-01
   2.5336731e-01   5.4166667e-01   6.4583333e-01   1.6666667e-01
   2.3225337e-01   5.4166667e-01   6.4583333e-01   1.6666667e-01
   2.3188933e-01   5.2083333e-01   6.2500000e-01   1.6666667e-01
   2.0604296e-01   5.2083333e-01   6.0416667e-01   1.6666667e-01
   1.9657809e-01   5.0000000e-01   5.8333333e-01   1.6666667e-01
   1.9876229e-01   4.7916667e-01   5.6250000e-01   1.6666667e-01
   2.1441573e-01   4.7916667e-01   5.4166667e-01   1.6666667e-01
   2.2970513e-01   4.7916667e-01   5.4166667e-01   1.6666667e-01
   2.4754277e-01   4.7916667e-01   5.4166667e-01   1.6666667e-01
   2.8358209e-01   4.7916667e-01   5.4166667e-01   1.6666667e-01
   4.0880961e-01   4.7916667e-01   5.6250000e-01   1.6666667e-01
   6.4506735e-01   4.7916667e-01   7.2916667e-01   1.6666667e-01
   8.6239534e-01   5.0000000e-01   7.5000000e-01   1.6666667e-01
   9.2246087e-01   5.0000000e-01   7.5000000e-01   1.6666667e-01
   9.0353112e-01   5.0000000e-01   7.5000000e-01   1.6666667e-01
   8.7622861e-01   5.2083333e-01   7.7083333e-01   1.6666667e-01
   8.2162359e-01   5.4166667e-01   7.7083333e-01   1.6666667e-01
   7.6265016e-01   5.4166667e-01   7.7083333e-01   1.6666667e-01
   6.9166363e-01   5.4166667e-01   7.7083333e-01   1.6666667e-01
   6.0720786e-01   5.4166667e-01   7.7083333e-01   1.6666667e-01
   5.0491445e-01   5.4166667e-01   7.5000000e-01   1.6666667e-01
   4.2628322e-01   5.4166667e-01   7.0833333e-01   1.6666667e-01
   3.6840189e-01   5.2083333e-01   6.8750000e-01   1.6666667e-01
   3.1598107e-01   5.0000000e-01   6.4583333e-01   1.6666667e-01
   3.0141973e-01   5.0000000e-01   6.2500000e-01   1.6666667e-01
   2.8867856e-01   5.0000000e-01   5.6250000e-01   1.6666667e-01
   2.9049873e-01   5.0000000e-01   5.6250000e-01   1.6666667e-01
   3.5238442e-01   5.0000000e-01   6.0416667e-01   1.6666667e-01
   4.3283582e-01   5.0000000e-01   6.2500000e-01   1.6666667e-01
   5.1219512e-01   5.0000000e-01   6.4583333e-01   1.6666667e-01
   5.6825628e-01   5.0000000e-01   6.6666667e-01   1.6666667e-01
   5.9555879e-01   5.2083333e-01   6.8750000e-01   1.6666667e-01
   5.8026938e-01   5.4166667e-01   7.0833333e-01   1.6666667e-01
   5.5842738e-01   5.4166667e-01   7.2916667e-01   1.6666667e-01
   5.1037495e-01   5.6250000e-01   7.2916667e-01   1.6666667e-01
   4.6341463e-01   5.8333333e-01   7.5000000e-01   1.6666667e-01
   4.1791045e-01   6.2500000e-01   7.5000000e-01   1.6666667e-01
   3.8296323e-01   6.4583333e-01   7.5000000e-01   1.6666667e-01
   3.5602475e-01   6.6666667e-01   7.7083333e-01   1.6666667e-01
   3.5165635e-01   6.8750000e-01   7.7083333e-01   1.6666667e-01
   3.7022206e-01   6.8750000e-01   7.7083333e-01   1.6666667e-01
   4.1536221e-01   6.6666667e-01   7.7083333e-01   1.6666667e-01
   4.3574809e-01   6.6666667e-01   7.7083333e-01   1.6666667e-01
   4.4848926e-01   6.4583333e-01   7.7083333e-01   1.6666667e-01
   4.4302876e-01   6.2500000e-01   7.7083333e-01   1.6666667e-01
   4.1827448e-01   6.2500000e-01   7.7083333e-01   1.6666667e-01
   3.8587550e-01   6.0416667e-01   7.7083333e-01   1.6666667e-01
   3.4473972e-01   6.0416667e-01   7.5000000e-01   1.6666667e-01
   3.1780124e-01   6.0416667e-01   7.2916667e-01   1.6666667e-01
   2.3880597e-01   6.2500000e-01   6.8750000e-01   1.6666667e-01
   1.5944667e-01   6.2500000e-01   6.8750000e-01   0.0000000e+00
   8.7732071e-02   6.2500000e-01   6.8750000e-01   0.0000000e+00
