   2.6300000e+02
   6.0595385e-02   4.5098039e-01   5.3921569e-01   0.0000000e+00
   2.0539017e-01   4.5098039e-01   5.3921569e-01   3.3333333e-01
   4.4583407e-01   4.0196078e-01   5.4901961e-01   1.6666667e-01
   6.5333803e-01   3.7254902e-01   5.5882353e-01   1.6666667e-01
   7.6378369e-01   3.7254902e-01   5.6862745e-01   1.6666667e-01
   8.1521931e-01   3.6274510e-01   5.7843137e-01   1.6666667e-01
   8.6101814e-01   3.6274510e-01   5.8823529e-01   1.6666667e-01
   8.9660032e-01   2.9411765e-01   5.9803922e-01   3.3333333e-01
   9.0029945e-01   2.9411765e-01   6.0784314e-01   3.3333333e-01
   8.7211555e-01   2.9411765e-01   6.1764706e-01   3.3333333e-01
   8.0641184e-01   3.9215686e-01   6.1764706e-01   1.6666667e-01
   7.1164347e-01   4.1176471e-01   6.2745098e-01   1.6666667e-01
   6.1581821e-01   4.1176471e-01   6.3725490e-01   1.6666667e-01
   5.5064295e-01   4.1176471e-01   6.3725490e-01   1.6666667e-01
   4.8828607e-01   4.0196078e-01   6.4705882e-01   3.3333333e-01
   4.4671481e-01   4.0196078e-01   6.4705882e-01   3.3333333e-01
   4.2804298e-01   4.0196078e-01   6.5686275e-01   3.3333333e-01
   4.4407257e-01   4.0196078e-01   6.5686275e-01   3.3333333e-01
   4.4372027e-01   5.1960784e-01   6.6666667e-01   1.6666667e-01
   4.1218954e-01   5.1960784e-01   6.6666667e-01   1.6666667e-01
   3.4842346e-01   5.1960784e-01   6.6666667e-01   3.3333333e-01
   3.1671658e-01   5.1960784e-01   6.6666667e-01   3.3333333e-01
   2.7725912e-01   5.1960784e-01   6.7647059e-01   3.3333333e-01
   2.3621631e-01   5.1960784e-01   6.7647059e-01   3.3333333e-01
   2.2776114e-01   5.1960784e-01   6.7647059e-01   3.3333333e-01
   2.5242205e-01   5.2941176e-01   6.7647059e-01   5.0000000e-01
   2.8870883e-01   5.2941176e-01   6.7647059e-01   3.3333333e-01
   3.0297692e-01   5.3921569e-01   6.7647059e-01   1.6666667e-01
   2.8219130e-01   5.4901961e-01   6.7647059e-01   1.6666667e-01
   2.5206976e-01   5.5882353e-01   6.7647059e-01   1.6666667e-01
   2.0838471e-01   5.6862745e-01   6.6666667e-01   1.6666667e-01
   1.4796547e-01   5.8823529e-01   6.5686275e-01   1.6666667e-01
   8.9307733e-02   6.1764706e-01   6.2745098e-01   1.6666667e-01
   4.3332746e-02   6.1418685e-01   6.2514418e-01   0.0000000e+00
   6.5175269e-03   6.1072664e-01   6.2283737e-01   0.0000000e+00
   8.9836181e-03   6.0726644e-01   6.2053057e-01   0.0000000e+00
   8.2790206e-03   6.0380623e-01   6.1822376e-01   0.0000000e+00
   7.5744231e-03   6.0034602e-01   6.1591696e-01   0.0000000e+00
   6.8698256e-03   5.9688581e-01   6.1361015e-01   0.0000000e+00
   6.1652281e-03   5.9342561e-01   6.1130334e-01   0.0000000e+00
   5.4606306e-03   5.8996540e-01   6.0899654e-01   0.0000000e+00
   4.7560331e-03   5.8650519e-01   6.0668973e-01   0.0000000e+00
   4.0514356e-03   5.8304498e-01   6.0438293e-01   0.0000000e+00
   3.3468381e-03   5.7958478e-01   6.0207612e-01   0.0000000e+00
   2.6422406e-03   5.7612457e-01   5.9976932e-01   0.0000000e+00
   1.9376431e-03   5.7266436e-01   5.9746251e-01   0.0000000e+00
   1.0568962e-03   5.6920415e-01   5.9515571e-01   0.0000000e+00
   0.0000000e+00   5.6574394e-01   5.9284890e-01   0.0000000e+00
   1.6381892e-02   5.6228374e-01   5.9054210e-01   0.0000000e+00
   9.6001409e-02   5.5882353e-01   5.8823529e-01   1.6666667e-01
   2.0908931e-01   5.3921569e-01   6.0784314e-01   1.6666667e-01
   3.2147261e-01   5.2941176e-01   6.1764706e-01   1.6666667e-01
   4.0021138e-01   5.1960784e-01   6.3725490e-01   1.6666667e-01
   4.6168751e-01   5.1960784e-01   6.3725490e-01   1.6666667e-01
   5.0396336e-01   5.1960784e-01   6.4705882e-01   1.6666667e-01
   5.3567025e-01   5.0980392e-01   6.5686275e-01   1.6666667e-01
   5.3936939e-01   5.0980392e-01   6.5686275e-01   1.6666667e-01
   5.2316364e-01   5.0980392e-01   6.6666667e-01   1.6666667e-01
   4.9427515e-01   5.0980392e-01   6.6666667e-01   1.6666667e-01
   4.6468205e-01   5.0980392e-01   6.7647059e-01   1.6666667e-01
   4.2363925e-01   5.0980392e-01   6.7647059e-01   3.3333333e-01
   3.9422230e-01   5.0980392e-01   6.7647059e-01   3.3333333e-01
   3.7854501e-01   5.1960784e-01   6.7647059e-01   3.3333333e-01
   3.8541483e-01   5.1960784e-01   6.8627451e-01   3.3333333e-01
   4.1447948e-01   5.1960784e-01   6.8627451e-01   3.3333333e-01
   4.3808349e-01   5.2941176e-01   6.8627451e-01   1.6666667e-01
   4.3843579e-01   5.3921569e-01   6.8627451e-01   1.6666667e-01
   4.4107803e-01   5.3921569e-01   6.8627451e-01   1.6666667e-01
   4.4213493e-01   5.3921569e-01   6.7647059e-01   1.6666667e-01
   4.3843579e-01   5.3921569e-01   6.7647059e-01   1.6666667e-01
   4.2628149e-01   5.3921569e-01   6.6666667e-01   1.6666667e-01
   4.1095649e-01   5.3921569e-01   6.5686275e-01   1.6666667e-01
   4.0109213e-01   5.3921569e-01   6.4705882e-01   1.6666667e-01
   3.8700018e-01   5.3921569e-01   6.5686275e-01   1.6666667e-01
   3.7149903e-01   5.4901961e-01   6.5686275e-01   1.6666667e-01
   3.3591686e-01   5.5882353e-01   6.6666667e-01   1.6666667e-01
   2.8941342e-01   5.6862745e-01   6.6666667e-01   1.6666667e-01
   2.4502378e-01   5.7843137e-01   6.6666667e-01   1.6666667e-01
   2.0310023e-01   5.9803922e-01   6.7647059e-01   1.6666667e-01
   1.6751806e-01   6.2745098e-01   6.7647059e-01   1.6666667e-01
   1.3880571e-01   6.3725490e-01   6.7647059e-01   1.6666667e-01
   1.2136692e-01   6.4705882e-01   6.7647059e-01   1.6666667e-01
   1.0480888e-01   6.4705882e-01   6.7647059e-01   1.6666667e-01
   9.8819799e-02   6.4705882e-01   6.8627451e-01   1.6666667e-01
   1.0005284e-01   6.3725490e-01   6.8627451e-01   1.6666667e-01
   9.5472961e-02   6.3725490e-01   6.7647059e-01   1.6666667e-01
   9.6177559e-02   6.3725490e-01   6.7647059e-01   1.6666667e-01
   1.0234279e-01   6.1764706e-01   6.5686275e-01   1.6666667e-01
   1.1396865e-01   5.9803922e-01   6.5686275e-01   1.6666667e-01
   1.5782984e-01   5.3921569e-01   6.4705882e-01   3.3333333e-01
   1.8795138e-01   5.2941176e-01   6.2745098e-01   1.6666667e-01
   1.9517351e-01   5.2941176e-01   6.2745098e-01   1.6666667e-01
   1.7879162e-01   5.2941176e-01   6.1764706e-01   1.6666667e-01
   1.4849392e-01   5.2941176e-01   5.7843137e-01   1.6666667e-01
   1.2259996e-01   5.3921569e-01   5.6862745e-01   1.6666667e-01
   1.0991721e-01   5.3921569e-01   5.7843137e-01   1.6666667e-01
   1.2295226e-01   5.4901961e-01   5.7843137e-01   1.6666667e-01
   1.4884622e-01   5.4901961e-01   5.8823529e-01   1.6666667e-01
   1.8636604e-01   5.4901961e-01   6.0784314e-01   1.6666667e-01
   2.3339792e-01   5.5882353e-01   6.2745098e-01   1.6666667e-01
   2.7426458e-01   5.5882353e-01   6.3725490e-01   1.6666667e-01
   2.9593095e-01   5.6862745e-01   6.4705882e-01   1.6666667e-01
   3.0403382e-01   5.6862745e-01   6.5686275e-01   1.6666667e-01
   2.9047032e-01   5.7843137e-01   6.6666667e-01   1.6666667e-01
   2.6369561e-01   5.8823529e-01   6.6666667e-01   1.6666667e-01
   2.3639246e-01   5.9803922e-01   6.7647059e-01   1.6666667e-01
   2.0591862e-01   6.0784314e-01   6.7647059e-01   1.6666667e-01
   1.8196230e-01   6.1764706e-01   6.8627451e-01   1.6666667e-01
   1.5518760e-01   6.3725490e-01   6.8627451e-01   1.6666667e-01
   1.3528272e-01   6.4705882e-01   6.8627451e-01   1.6666667e-01
   1.2259996e-01   6.5686275e-01   6.8627451e-01   1.6666667e-01
   1.0762727e-01   6.5686275e-01   6.9607843e-01   1.6666667e-01
   1.0110974e-01   6.5686275e-01   6.9607843e-01   1.6666667e-01
   1.0058129e-01   6.4705882e-01   6.9607843e-01   1.6666667e-01
   9.6177559e-02   6.4705882e-01   6.8627451e-01   1.6666667e-01
   9.4239915e-02   6.4705882e-01   6.8627451e-01   1.6666667e-01
   8.7193940e-02   6.3725490e-01   6.6666667e-01   1.6666667e-01
   7.0459750e-02   6.2745098e-01   6.6666667e-01   1.6666667e-01
   6.1828431e-02   6.2745098e-01   6.3725490e-01   1.6666667e-01
   4.5622688e-02   6.2745098e-01   6.3725490e-01   1.6666667e-01
   3.0297692e-02   5.8660131e-01   6.1601307e-01   0.0000000e+00
   2.2547120e-02   5.4575163e-01   5.9477124e-01   0.0000000e+00
   7.9267219e-03   5.0490196e-01   5.7352941e-01   0.0000000e+00
   0.0000000e+00   4.6405229e-01   5.5228758e-01   0.0000000e+00
   4.4741941e-02   4.2320261e-01   5.3104575e-01   0.0000000e+00
   2.8782808e-01   3.8235294e-01   5.0980392e-01   1.6666667e-01
   5.9732253e-01   3.6274510e-01   5.6862745e-01   1.6666667e-01
   8.1204862e-01   3.5294118e-01   5.8823529e-01   1.6666667e-01
   9.0945922e-01   3.5294118e-01   5.9803922e-01   1.6666667e-01
   9.4063766e-01   3.5294118e-01   6.1764706e-01   1.6666667e-01
   9.2337502e-01   3.6274510e-01   6.3725490e-01   1.6666667e-01
   8.6207504e-01   3.7254902e-01   6.3725490e-01   1.6666667e-01
   7.9989431e-01   3.8235294e-01   6.4705882e-01   1.6666667e-01
   6.9896072e-01   4.3137255e-01   6.4705882e-01   1.6666667e-01
   5.8411133e-01   4.6078431e-01   6.5686275e-01   1.6666667e-01
   4.7789325e-01   4.8039216e-01   6.5686275e-01   1.6666667e-01
   3.9228466e-01   4.9019608e-01   6.6666667e-01   1.6666667e-01
   2.9804474e-01   5.7843137e-01   6.6666667e-01   1.6666667e-01
   1.9217897e-01   6.0784314e-01   6.6666667e-01   1.6666667e-01
   1.4585168e-01   6.2745098e-01   6.7647059e-01   1.6666667e-01
   1.1890083e-01   6.3725490e-01   6.7647059e-01   1.6666667e-01
   1.0181434e-01   6.4705882e-01   6.7647059e-01   1.6666667e-01
   9.3183019e-02   6.4705882e-01   6.7647059e-01   1.6666667e-01
   1.0005284e-01   6.3725490e-01   6.7647059e-01   1.6666667e-01
   9.6706007e-02   6.3725490e-01   6.7647059e-01   1.6666667e-01
   9.1597675e-02   6.3725490e-01   6.7647059e-01   1.6666667e-01
   8.6137044e-02   6.3725490e-01   6.6666667e-01   1.6666667e-01
   7.8562621e-02   6.2745098e-01   6.5686275e-01   1.6666667e-01
   7.2397393e-02   6.2745098e-01   6.5686275e-01   1.6666667e-01
   8.2261758e-02   6.2745098e-01   6.3725490e-01   1.6666667e-01
   1.1766778e-01   5.5882353e-01   5.7843137e-01   1.6666667e-01
   1.6258587e-01   5.4901961e-01   5.9803922e-01   1.6666667e-01
   2.0010569e-01   5.4901961e-01   6.0784314e-01   1.6666667e-01
   2.3110798e-01   5.4901961e-01   6.1764706e-01   1.6666667e-01
   2.5682579e-01   5.4901961e-01   6.1764706e-01   1.6666667e-01
   2.7620222e-01   5.4901961e-01   6.2745098e-01   1.6666667e-01
   3.3098468e-01   5.5882353e-01   9.1176471e-01   3.3333333e-01
   3.9580764e-01   5.5882353e-01   9.5098039e-01   3.3333333e-01
   4.3808349e-01   5.6862745e-01   9.6078431e-01   3.3333333e-01
   4.6080676e-01   5.7843137e-01   9.7058824e-01   3.3333333e-01
   4.5693148e-01   5.9803922e-01   9.8039216e-01   3.3333333e-01
   4.2716223e-01   6.0784314e-01   9.9019608e-01   5.0000000e-01
   3.7414127e-01   6.2745098e-01   9.9019608e-01   5.0000000e-01
   3.2957548e-01   6.3725490e-01   9.9019608e-01   3.3333333e-01
   3.0280078e-01   6.3725490e-01   1.0000000e+00   3.3333333e-01
   2.9822089e-01   6.4705882e-01   1.0000000e+00   3.3333333e-01
   3.2217721e-01   6.4705882e-01   1.0000000e+00   3.3333333e-01
   3.7026599e-01   6.4705882e-01   1.0000000e+00   3.3333333e-01
   4.2592919e-01   6.4705882e-01   1.0000000e+00   3.3333333e-01
   4.7454642e-01   6.4705882e-01   9.9019608e-01   3.3333333e-01
   5.2210675e-01   6.3725490e-01   9.9019608e-01   3.3333333e-01
   5.8217368e-01   6.3725490e-01   9.8039216e-01   3.3333333e-01
   6.9173859e-01   5.3921569e-01   9.7058824e-01   5.0000000e-01
   8.7704774e-01   5.3921569e-01   9.7058824e-01   5.0000000e-01
   1.0000000e+00   5.3921569e-01   9.4117647e-01   1.6666667e-01
   9.9771006e-01   5.2941176e-01   9.1176471e-01   1.6666667e-01
   9.1580060e-01   5.2941176e-01   8.8235294e-01   1.6666667e-01
   8.0324115e-01   5.3921569e-01   8.7254902e-01   1.6666667e-01
   6.5157654e-01   5.3921569e-01   8.2352941e-01   3.3333333e-01
   4.8353003e-01   5.4901961e-01   8.0392157e-01   3.3333333e-01
   3.3767835e-01   5.5882353e-01   7.5490196e-01   3.3333333e-01
   2.3621631e-01   5.6862745e-01   7.5490196e-01   3.3333333e-01
   1.5659679e-01   5.7843137e-01   7.4509804e-01   3.3333333e-01
   9.8467500e-02   7.0588235e-01   7.2549020e-01   1.6666667e-01
   5.4606306e-02   7.1568627e-01   7.1568627e-01   1.6666667e-01
   4.6503435e-02   6.7927171e-01   6.9187675e-01   0.0000000e+00
   2.9416946e-02   6.4285714e-01   6.6806723e-01   0.0000000e+00
   1.9904879e-02   6.0644258e-01   6.4425770e-01   0.0000000e+00
   2.4660912e-02   5.7002801e-01   6.2044818e-01   0.0000000e+00
   2.3780166e-02   5.3361345e-01   5.9663866e-01   0.0000000e+00
   3.9985908e-02   4.9719888e-01   5.7282913e-01   0.0000000e+00
   1.8249075e-01   4.6078431e-01   5.4901961e-01   1.6666667e-01
   4.2223005e-01   4.3137255e-01   5.6862745e-01   1.6666667e-01
   6.8293113e-01   2.9411765e-01   5.9803922e-01   5.0000000e-01
   8.2490752e-01   2.9411765e-01   6.0784314e-01   3.3333333e-01
   8.5731901e-01   2.9411765e-01   6.1764706e-01   3.3333333e-01
   8.1997534e-01   2.9411765e-01   6.1764706e-01   3.3333333e-01
   7.5849921e-01   2.9411765e-01   6.2745098e-01   3.3333333e-01
   6.8240268e-01   2.9411765e-01   6.2745098e-01   3.3333333e-01
   5.6279725e-01   2.9411765e-01   6.3725490e-01   3.3333333e-01
   4.5816452e-01   2.9411765e-01   6.3725490e-01   3.3333333e-01
   3.7907345e-01   2.9411765e-01   6.4705882e-01   3.3333333e-01
   3.4490048e-01   2.9411765e-01   6.4705882e-01   3.3333333e-01
   3.3380306e-01   2.9411765e-01   6.5686275e-01   5.0000000e-01
   3.1530738e-01   2.9411765e-01   6.5686275e-01   5.0000000e-01
   3.4261053e-01   2.9411765e-01   6.5686275e-01   5.0000000e-01
   3.9369385e-01   2.9411765e-01   6.5686275e-01   5.0000000e-01
   4.1307028e-01   2.9411765e-01   6.6666667e-01   5.0000000e-01
   3.8153955e-01   3.0392157e-01   6.6666667e-01   3.3333333e-01
   3.3714990e-01   3.2352941e-01   6.6666667e-01   3.3333333e-01
   2.7690682e-01   3.4313725e-01   6.6666667e-01   5.0000000e-01
   2.1137925e-01   3.6274510e-01   6.6666667e-01   3.3333333e-01
   1.4867007e-01   6.3725490e-01   6.6666667e-01   1.6666667e-01
   1.3211203e-01   5.2941176e-01   6.5686275e-01   3.3333333e-01
   1.8900828e-01   5.1960784e-01   6.5686275e-01   3.3333333e-01
   2.4220539e-01   5.0980392e-01   6.5686275e-01   3.3333333e-01
   2.9487405e-01   5.0980392e-01   6.5686275e-01   3.3333333e-01
   3.3450766e-01   5.0980392e-01   6.0784314e-01   1.6666667e-01
   3.6550995e-01   5.0980392e-01   6.2745098e-01   1.6666667e-01
   3.8629558e-01   5.0980392e-01   6.2745098e-01   1.6666667e-01
   3.9492690e-01   5.0980392e-01   6.3725490e-01   1.6666667e-01
   4.0003523e-01   5.1960784e-01   6.3725490e-01   1.6666667e-01
   3.7995420e-01   5.1960784e-01   6.3725490e-01   1.6666667e-01
   3.4965651e-01   5.2941176e-01   6.4705882e-01   1.6666667e-01
   3.0192003e-01   5.3921569e-01   6.4705882e-01   1.6666667e-01
   2.6281487e-01   5.4901961e-01   6.4705882e-01   1.6666667e-01
   2.1666373e-01   5.5882353e-01   6.4705882e-01   1.6666667e-01
   1.6100053e-01   5.8823529e-01   6.5686275e-01   1.6666667e-01
   1.1731548e-01   6.2745098e-01   6.5686275e-01   1.6666667e-01
   8.2261758e-02   6.2745098e-01   6.5686275e-01   1.6666667e-01
   7.4687335e-02   6.3725490e-01   6.5686275e-01   1.6666667e-01
   6.4470671e-02   6.3725490e-01   6.5686275e-01   1.6666667e-01
   5.9714638e-02   6.3725490e-01   6.5686275e-01   1.6666667e-01
   5.4430157e-02   6.3725490e-01   6.4705882e-01   1.6666667e-01
   4.8793377e-02   6.3725490e-01   6.4705882e-01   1.6666667e-01
   4.8793377e-02   6.3725490e-01   6.4705882e-01   1.6666667e-01
   5.5134754e-02   6.3725490e-01   6.3725490e-01   1.6666667e-01
   6.7112912e-02   6.1764706e-01   6.1764706e-01   0.0000000e+00
   7.4158887e-02   5.9803922e-01   5.9803922e-01   1.6666667e-01
   8.5784745e-02   5.9803922e-01   6.0784314e-01   1.6666667e-01
   9.9348247e-02   5.6862745e-01   6.1764706e-01   3.3333333e-01
   1.0392813e-01   5.5882353e-01   6.0784314e-01   1.6666667e-01
   9.5472961e-02   5.6862745e-01   6.0784314e-01   1.6666667e-01
   8.1909459e-02   5.6862745e-01   5.8823529e-01   1.6666667e-01
   6.8698256e-02   5.7843137e-01   5.7843137e-01   1.6666667e-01
   5.5310904e-02   5.9103641e-01   5.9243697e-01   0.0000000e+00
   3.0473842e-02   6.0364146e-01   6.0644258e-01   0.0000000e+00
   2.2547120e-02   6.1624650e-01   6.2044818e-01   0.0000000e+00
   1.8319535e-02   6.2885154e-01   6.3445378e-01   0.0000000e+00
   1.8319535e-02   6.4145658e-01   6.4845938e-01   0.0000000e+00
   2.6070107e-02   6.5406162e-01   6.6246499e-01   0.0000000e+00
   6.1299982e-02   6.6666667e-01   6.7647059e-01   1.6666667e-01
   1.0533733e-01   6.5686275e-01   6.8627451e-01   1.6666667e-01
   1.4232869e-01   6.5686275e-01   6.8627451e-01   1.6666667e-01
   1.6329047e-01   6.5686275e-01   6.9607843e-01   1.6666667e-01
   1.7068874e-01   6.5686275e-01   6.9607843e-01   1.6666667e-01
   1.7262639e-01   6.6666667e-01   7.0588235e-01   1.6666667e-01
   1.5871059e-01   6.6666667e-01   7.0588235e-01   1.6666667e-01
   1.3422582e-01   6.7647059e-01   7.0588235e-01   1.6666667e-01
   1.1432094e-01   6.7647059e-01   7.0588235e-01   1.6666667e-01
   9.1245376e-02   6.8627451e-01   7.0588235e-01   1.6666667e-01
   6.8169808e-02   6.9607843e-01   7.0588235e-01   1.6666667e-01
   4.6151136e-02   6.9607843e-01   7.0588235e-01   0.0000000e+00
