   3.9300000e+02
   7.3768378e-02   2.5000000e-01   4.1666667e-01   0.0000000e+00
   2.3742584e-01   2.5000000e-01   4.1666667e-01   1.6666667e-01
   4.4660820e-01   2.1428571e-01   4.4047619e-01   1.6666667e-01
   6.4508641e-01   1.6666667e-01   4.8809524e-01   1.6666667e-01
   8.0835698e-01   1.4285714e-01   5.2380952e-01   1.6666667e-01
   9.2029920e-01   1.1904762e-01   5.3571429e-01   1.6666667e-01
   9.8349239e-01   1.0714286e-01   5.4761905e-01   1.6666667e-01
   1.0000000e+00   1.0714286e-01   5.5952381e-01   1.6666667e-01
   9.5808615e-01   1.0714286e-01   5.7142857e-01   1.6666667e-01
   8.5865360e-01   1.0714286e-01   5.7142857e-01   1.6666667e-01
   7.7211762e-01   1.1904762e-01   5.8333333e-01   1.6666667e-01
   6.7900438e-01   1.1904762e-01   5.8333333e-01   1.6666667e-01
   5.4462213e-01   1.3095238e-01   5.8333333e-01   5.0000000e-01
   4.1578540e-01   4.2857143e-01   5.9523810e-01   1.6666667e-01
   2.7211762e-01   4.5238095e-01   5.9523810e-01   1.6666667e-01
   2.0041269e-01   4.8809524e-01   5.9523810e-01   1.6666667e-01
   1.6597885e-01   5.4761905e-01   6.0714286e-01   1.6666667e-01
   1.3966985e-01   5.5952381e-01   6.0714286e-01   1.6666667e-01
   1.2445190e-01   5.5952381e-01   6.0714286e-01   1.6666667e-01
   1.2200155e-01   5.5952381e-01   6.0714286e-01   1.6666667e-01
   1.1787465e-01   5.5952381e-01   6.0714286e-01   1.6666667e-01
   1.1400567e-01   5.5952381e-01   6.0714286e-01   1.6666667e-01
   1.1413464e-01   5.4761905e-01   6.0714286e-01   1.6666667e-01
   1.1284498e-01   5.4761905e-01   6.0714286e-01   1.6666667e-01
   1.1606913e-01   5.3571429e-01   6.0714286e-01   1.6666667e-01
   1.1516637e-01   5.2380952e-01   5.9523810e-01   1.6666667e-01
   1.1890637e-01   5.1190476e-01   5.8333333e-01   1.6666667e-01
   1.2470983e-01   5.0000000e-01   5.8333333e-01   1.6666667e-01
   1.3386639e-01   4.7619048e-01   5.7142857e-01   1.6666667e-01
   1.6597885e-01   4.2857143e-01   5.7142857e-01   1.6666667e-01
   2.9172040e-01   3.6904762e-01   5.5952381e-01   1.6666667e-01
   5.3327315e-01   1.4285714e-01   5.3571429e-01   1.6666667e-01
   7.4258447e-01   1.1904762e-01   5.2380952e-01   1.6666667e-01
   8.3853495e-01   1.0714286e-01   4.8809524e-01   1.6666667e-01
   8.6677844e-01   1.0714286e-01   4.8809524e-01   1.6666667e-01
   8.7077637e-01   1.0714286e-01   5.0000000e-01   1.6666667e-01
   8.5942739e-01   1.0714286e-01   5.1190476e-01   1.6666667e-01
   8.1119422e-01   1.0714286e-01   5.2380952e-01   1.6666667e-01
   7.3368584e-01   1.0714286e-01   5.2380952e-01   1.6666667e-01
   6.5514573e-01   1.1904762e-01   5.3571429e-01   1.6666667e-01
   5.6383802e-01   1.3095238e-01   5.4761905e-01   3.3333333e-01
   4.6324478e-01   1.5476190e-01   5.5952381e-01   3.3333333e-01
   3.5787980e-01   3.9285714e-01   5.5952381e-01   1.6666667e-01
   2.6979623e-01   4.4047619e-01   5.7142857e-01   1.6666667e-01
   1.9886510e-01   4.7619048e-01   5.7142857e-01   1.6666667e-01
   1.6494712e-01   5.0000000e-01   5.8333333e-01   1.6666667e-01
   1.4147537e-01   5.2380952e-01   5.8333333e-01   1.6666667e-01
   1.6713954e-01   5.3571429e-01   5.8333333e-01   1.6666667e-01
   2.3910240e-01   3.3333333e-01   5.9523810e-01   3.3333333e-01
   3.3324736e-01   2.6190476e-01   5.9523810e-01   5.0000000e-01
   4.0288883e-01   2.5000000e-01   5.9523810e-01   3.3333333e-01
   4.3319577e-01   2.3809524e-01   6.0714286e-01   3.3333333e-01
   4.5137993e-01   2.2619048e-01   6.0714286e-01   3.3333333e-01
   4.3964405e-01   2.2619048e-01   6.0714286e-01   3.3333333e-01
   4.0701573e-01   2.1428571e-01   6.0714286e-01   3.3333333e-01
   3.5723498e-01   2.1428571e-01   6.0714286e-01   3.3333333e-01
   3.0306938e-01   2.1428571e-01   6.0714286e-01   3.3333333e-01
   2.7663142e-01   2.1428571e-01   6.0714286e-01   3.3333333e-01
   2.5586794e-01   2.1428571e-01   6.0714286e-01   3.3333333e-01
   2.4941965e-01   2.1428571e-01   6.0714286e-01   3.3333333e-01
   2.5019345e-01   2.2619048e-01   6.0714286e-01   3.3333333e-01
   2.6850658e-01   2.2619048e-01   6.0714286e-01   3.3333333e-01
   2.8179004e-01   2.3809524e-01   6.0714286e-01   3.3333333e-01
   3.0513283e-01   2.3809524e-01   5.9523810e-01   3.3333333e-01
   3.5259221e-01   2.5000000e-01   5.8333333e-01   3.3333333e-01
   4.4119164e-01   2.6190476e-01   5.8333333e-01   3.3333333e-01
   4.8632964e-01   2.7380952e-01   5.7142857e-01   1.6666667e-01
   4.6840340e-01   2.8571429e-01   5.5952381e-01   1.6666667e-01
   3.9979365e-01   2.8571429e-01   5.4761905e-01   1.6666667e-01
   3.2421976e-01   2.9761905e-01   5.4761905e-01   1.6666667e-01
   2.6167140e-01   3.2142857e-01   5.3571429e-01   1.6666667e-01
   2.0170235e-01   3.3333333e-01   4.8809524e-01   1.6666667e-01
   1.2961052e-01   3.5714286e-01   4.6428571e-01   1.6666667e-01
   6.9125613e-02   3.6772487e-01   4.6957672e-01   0.0000000e+00
   2.4503482e-02   3.7830688e-01   4.7486772e-01   0.0000000e+00
   0.0000000e+00   3.8888889e-01   4.8015873e-01   0.0000000e+00
   1.1606913e-03   3.9947090e-01   4.8544974e-01   0.0000000e+00
   1.1606913e-03   4.1005291e-01   4.9074074e-01   0.0000000e+00
   1.1606913e-03   4.2063492e-01   4.9603175e-01   0.0000000e+00
   1.1606913e-03   4.3121693e-01   5.0132275e-01   0.0000000e+00
   1.1606913e-03   4.4179894e-01   5.0661376e-01   0.0000000e+00
   1.1606913e-03   4.5238095e-01   5.1190476e-01   0.0000000e+00
   1.1606913e-03   4.6296296e-01   5.1719577e-01   0.0000000e+00
   1.1606913e-03   4.7354497e-01   5.2248677e-01   0.0000000e+00
   1.1606913e-03   4.8412698e-01   5.2777778e-01   0.0000000e+00
   1.1606913e-03   4.9470899e-01   5.3306878e-01   0.0000000e+00
   1.1606913e-03   5.0529101e-01   5.3835979e-01   0.0000000e+00
   1.1606913e-03   5.1587302e-01   5.4365079e-01   0.0000000e+00
   7.7379417e-04   5.2645503e-01   5.4894180e-01   0.0000000e+00
   3.7400052e-03   5.3703704e-01   5.5423280e-01   0.0000000e+00
   3.9979365e-02   5.4761905e-01   5.5952381e-01   1.6666667e-01
   1.2844983e-01   5.0000000e-01   5.8333333e-01   1.6666667e-01
   2.2104720e-01   4.8809524e-01   5.9523810e-01   1.6666667e-01
   2.8024246e-01   4.8809524e-01   6.0714286e-01   1.6666667e-01
   3.3543977e-01   4.5238095e-01   6.1904762e-01   1.6666667e-01
   3.7180810e-01   4.4047619e-01   6.1904762e-01   1.6666667e-01
   3.8418881e-01   4.4047619e-01   6.3095238e-01   1.6666667e-01
   3.6755223e-01   4.2857143e-01   6.3095238e-01   1.6666667e-01
   3.5749291e-01   4.2857143e-01   6.3095238e-01   1.6666667e-01
   3.4214599e-01   4.1666667e-01   6.4285714e-01   1.6666667e-01
   3.1519216e-01   4.1666667e-01   6.4285714e-01   3.3333333e-01
   2.9339696e-01   4.1666667e-01   6.4285714e-01   3.3333333e-01
   2.6347692e-01   4.1666667e-01   6.4285714e-01   3.3333333e-01
   2.3587826e-01   4.1666667e-01   6.4285714e-01   3.3333333e-01
   2.2001548e-01   4.1666667e-01   6.4285714e-01   3.3333333e-01
   2.1756513e-01   4.1666667e-01   6.5476190e-01   3.3333333e-01
   2.1640444e-01   4.1666667e-01   6.5476190e-01   3.3333333e-01
   2.3226722e-01   4.1666667e-01   6.4285714e-01   3.3333333e-01
   2.7521279e-01   4.2857143e-01   6.4285714e-01   3.3333333e-01
   3.3157080e-01   4.2857143e-01   6.4285714e-01   1.6666667e-01
   3.6961568e-01   4.2857143e-01   6.3095238e-01   1.6666667e-01
   3.6677844e-01   4.4047619e-01   6.3095238e-01   1.6666667e-01
   3.4163013e-01   4.4047619e-01   6.3095238e-01   1.6666667e-01
   3.1828734e-01   4.5238095e-01   6.1904762e-01   1.6666667e-01
   2.8952799e-01   4.5238095e-01   5.9523810e-01   1.6666667e-01
   2.6644313e-01   4.6428571e-01   5.8333333e-01   1.6666667e-01
   2.4671137e-01   4.7619048e-01   5.9523810e-01   1.6666667e-01
   2.2581893e-01   4.8809524e-01   5.9523810e-01   1.6666667e-01
   2.0711891e-01   5.0000000e-01   6.0714286e-01   1.6666667e-01
   1.8158370e-01   5.1190476e-01   6.0714286e-01   1.6666667e-01
   1.5798298e-01   5.2380952e-01   6.1904762e-01   1.6666667e-01
   1.3373743e-01   5.4761905e-01   6.1904762e-01   1.6666667e-01
   1.1168429e-01   5.7142857e-01   6.1904762e-01   1.6666667e-01
   9.6595306e-02   5.8333333e-01   6.1904762e-01   1.6666667e-01
   8.4601496e-02   5.9523810e-01   6.3095238e-01   1.6666667e-01
   7.2736652e-02   5.9523810e-01   6.3095238e-01   1.6666667e-01
   6.8351818e-02   5.9523810e-01   6.3095238e-01   1.6666667e-01
   7.0286304e-02   5.9523810e-01   6.3095238e-01   1.6666667e-01
   7.6218726e-02   5.7142857e-01   6.3095238e-01   1.6666667e-01
   7.9700800e-02   5.7142857e-01   6.3095238e-01   1.6666667e-01
   9.0791849e-02   5.5952381e-01   6.1904762e-01   1.6666667e-01
   1.0626773e-01   5.2380952e-01   6.0714286e-01   1.6666667e-01
   1.1864844e-01   5.1190476e-01   6.0714286e-01   1.6666667e-01
   1.2329120e-01   5.0000000e-01   5.9523810e-01   1.6666667e-01
   1.2019603e-01   5.0000000e-01   5.8333333e-01   1.6666667e-01
   1.1271602e-01   4.8809524e-01   5.5952381e-01   1.6666667e-01
   1.1155533e-01   4.8809524e-01   5.4761905e-01   1.6666667e-01
   1.0987877e-01   4.8809524e-01   5.4761905e-01   1.6666667e-01
   1.1581119e-01   4.8809524e-01   5.4761905e-01   1.6666667e-01
   1.4108847e-01   4.8809524e-01   5.7142857e-01   1.6666667e-01
   1.8326025e-01   5.0000000e-01   5.9523810e-01   1.6666667e-01
   2.1872582e-01   5.0000000e-01   6.1904762e-01   1.6666667e-01
   2.3381481e-01   5.1190476e-01   6.3095238e-01   1.6666667e-01
   2.3020377e-01   5.1190476e-01   6.3095238e-01   1.6666667e-01
   2.0789270e-01   5.2380952e-01   6.4285714e-01   1.6666667e-01
   1.8519474e-01   5.3571429e-01   6.5476190e-01   1.6666667e-01
   1.6094919e-01   5.4761905e-01   6.5476190e-01   1.6666667e-01
   1.3889605e-01   5.7142857e-01   6.6666667e-01   1.6666667e-01
   1.1452154e-01   6.0714286e-01   6.6666667e-01   1.6666667e-01
   9.1565644e-02   6.3095238e-01   6.6666667e-01   1.6666667e-01
   7.7250451e-02   6.3095238e-01   6.6666667e-01   1.6666667e-01
   7.0157338e-02   6.4285714e-01   6.7857143e-01   1.6666667e-01
   6.4224916e-02   6.4285714e-01   6.7857143e-01   1.6666667e-01
   5.9066288e-02   6.4285714e-01   6.7857143e-01   1.6666667e-01
   5.9840083e-02   6.4285714e-01   6.7857143e-01   1.6666667e-01
   6.5901470e-02   6.3095238e-01   6.7857143e-01   1.6666667e-01
   7.1575961e-02   6.1904762e-01   6.7857143e-01   1.6666667e-01
   6.9512510e-02   6.1904762e-01   6.6666667e-01   1.6666667e-01
   7.3897343e-02   6.0714286e-01   6.4285714e-01   1.6666667e-01
   8.4859427e-02   5.9523810e-01   6.4285714e-01   1.6666667e-01
   1.1916430e-01   5.8333333e-01   6.4285714e-01   1.6666667e-01
   1.7694093e-01   4.6428571e-01   6.3095238e-01   3.3333333e-01
   2.2001548e-01   4.5238095e-01   6.3095238e-01   1.6666667e-01
   2.3845757e-01   4.4047619e-01   6.1904762e-01   1.6666667e-01
   2.2762445e-01   4.4047619e-01   6.1904762e-01   1.6666667e-01
   2.0582925e-01   4.4047619e-01   5.7142857e-01   1.6666667e-01
   1.6443126e-01   4.4047619e-01   5.3571429e-01   1.6666667e-01
   1.3244777e-01   4.5238095e-01   5.0000000e-01   1.6666667e-01
   9.9690482e-02   4.5238095e-01   5.0000000e-01   1.6666667e-01
   8.2151148e-02   4.6428571e-01   5.1190476e-01   1.6666667e-01
   7.3768378e-02   4.7619048e-01   5.1190476e-01   1.6666667e-01
   7.6476657e-02   4.8809524e-01   5.2380952e-01   1.6666667e-01
   8.7309776e-02   4.8809524e-01   5.3571429e-01   1.6666667e-01
   9.8013928e-02   4.8809524e-01   5.4761905e-01   1.6666667e-01
   1.2883673e-01   5.0000000e-01   5.5952381e-01   1.6666667e-01
   1.8158370e-01   5.0000000e-01   6.1904762e-01   1.6666667e-01
   2.3265411e-01   5.1190476e-01   6.3095238e-01   1.6666667e-01
   2.5380449e-01   5.2380952e-01   6.4285714e-01   1.6666667e-01
   2.5187000e-01   5.2380952e-01   6.5476190e-01   1.6666667e-01
   2.3549136e-01   5.3571429e-01   6.5476190e-01   1.6666667e-01
   2.1563064e-01   5.4761905e-01   6.5476190e-01   1.6666667e-01
   1.9448027e-01   5.5952381e-01   6.6666667e-01   1.6666667e-01
   1.7358783e-01   5.7142857e-01   6.6666667e-01   1.6666667e-01
   1.5424297e-01   5.9523810e-01   6.6666667e-01   1.6666667e-01
   1.4250709e-01   6.0714286e-01   6.6666667e-01   1.6666667e-01
   1.2961052e-01   6.0714286e-01   6.6666667e-01   1.6666667e-01
   1.1684292e-01   6.1904762e-01   6.7857143e-01   1.6666667e-01
   1.0136704e-01   6.1904762e-01   6.6666667e-01   1.6666667e-01
   8.0990457e-02   6.1904762e-01   6.6666667e-01   1.6666667e-01
   6.8480784e-02   6.3095238e-01   6.6666667e-01   1.6666667e-01
   5.9195254e-02   6.3095238e-01   6.6666667e-01   1.6666667e-01
   4.9909724e-02   6.3095238e-01   6.6666667e-01   1.6666667e-01
   3.9463503e-02   6.3095238e-01   6.5476190e-01   1.6666667e-01
   3.4175909e-02   6.3095238e-01   6.4285714e-01   1.6666667e-01
   2.8630384e-02   6.3095238e-01   6.4285714e-01   1.6666667e-01
   2.7469693e-02   6.3095238e-01   6.3095238e-01   1.6666667e-01
   2.4374516e-02   6.3095238e-01   6.3095238e-01   1.6666667e-01
   1.7668300e-02   6.2777778e-01   6.3015873e-01   0.0000000e+00
   1.2380707e-02   6.2460317e-01   6.2936508e-01   0.0000000e+00
   1.3670364e-02   6.2142857e-01   6.2857143e-01   0.0000000e+00
   1.0962084e-02   6.1825397e-01   6.2777778e-01   0.0000000e+00
   1.3154501e-02   6.1507937e-01   6.2698413e-01   0.0000000e+00
   1.4057261e-02   6.1190476e-01   6.2619048e-01   0.0000000e+00
   1.2896570e-02   6.0873016e-01   6.2539683e-01   0.0000000e+00
   9.2855300e-03   6.0555556e-01   6.2460317e-01   0.0000000e+00
   5.1586278e-04   6.0238095e-01   6.2380952e-01   0.0000000e+00
   1.1606913e-03   5.9920635e-01   6.2301587e-01   0.0000000e+00
   1.1606913e-03   5.9603175e-01   6.2222222e-01   0.0000000e+00
   1.1606913e-03   5.9285714e-01   6.2142857e-01   0.0000000e+00
   1.1606913e-03   5.8968254e-01   6.2063492e-01   0.0000000e+00
   9.5434614e-03   5.8650794e-01   6.1984127e-01   0.0000000e+00
   5.0425587e-02   5.8333333e-01   6.1904762e-01   1.6666667e-01
   9.7627031e-02   5.7142857e-01   6.3095238e-01   1.6666667e-01
   1.3502708e-01   5.7142857e-01   6.3095238e-01   1.6666667e-01
   1.6301264e-01   5.5952381e-01   6.4285714e-01   1.6666667e-01
   1.7835956e-01   5.4761905e-01   6.5476190e-01   1.6666667e-01
   1.7900438e-01   5.4761905e-01   6.5476190e-01   1.6666667e-01
   1.7861749e-01   5.3571429e-01   6.5476190e-01   1.6666667e-01
   1.7758576e-01   5.3571429e-01   6.6666667e-01   1.6666667e-01
   1.6468919e-01   5.3571429e-01   6.6666667e-01   3.3333333e-01
   1.4972917e-01   5.2380952e-01   6.6666667e-01   3.3333333e-01
   1.3335053e-01   5.2380952e-01   6.7857143e-01   3.3333333e-01
   1.1787465e-01   5.2380952e-01   6.7857143e-01   3.3333333e-01
   1.1168429e-01   5.2380952e-01   6.7857143e-01   3.3333333e-01
   1.0613877e-01   5.1190476e-01   6.7857143e-01   3.3333333e-01
   1.0575187e-01   5.1190476e-01   6.7857143e-01   3.3333333e-01
   1.0175393e-01   5.1190476e-01   6.7857143e-01   3.3333333e-01
   1.0149600e-01   5.1190476e-01   6.7857143e-01   3.3333333e-01
   1.0136704e-01   5.1190476e-01   6.7857143e-01   3.3333333e-01
   1.0020635e-01   5.1190476e-01   6.7857143e-01   3.3333333e-01
   1.0575187e-01   5.2380952e-01   6.6666667e-01   3.3333333e-01
   1.2651535e-01   5.2380952e-01   6.5476190e-01   3.3333333e-01
   1.4947124e-01   5.2380952e-01   6.4285714e-01   1.6666667e-01
   1.6868713e-01   5.2380952e-01   6.3095238e-01   1.6666667e-01
   1.7784369e-01   5.2380952e-01   6.1904762e-01   1.6666667e-01
   1.8158370e-01   5.3571429e-01   6.1904762e-01   1.6666667e-01
   1.8454991e-01   5.3571429e-01   6.1904762e-01   1.6666667e-01
   1.9228785e-01   5.3571429e-01   6.1904762e-01   1.6666667e-01
   1.9460923e-01   5.3571429e-01   6.3095238e-01   1.6666667e-01
   1.9319061e-01   5.4761905e-01   6.4285714e-01   1.6666667e-01
   1.8055197e-01   5.4761905e-01   6.4285714e-01   1.6666667e-01
   1.5953056e-01   5.5952381e-01   6.5476190e-01   1.6666667e-01
   1.3592984e-01   5.7142857e-01   6.5476190e-01   1.6666667e-01
   1.1516637e-01   5.9523810e-01   6.5476190e-01   1.6666667e-01
   9.4660820e-02   6.0714286e-01   6.5476190e-01   1.6666667e-01
   7.6734589e-02   6.1904762e-01   6.6666667e-01   1.6666667e-01
   6.8996647e-02   6.3095238e-01   6.6666667e-01   1.6666667e-01
   6.9383544e-02   6.3095238e-01   6.6666667e-01   1.6666667e-01
   6.3966985e-02   6.4285714e-01   6.6666667e-01   1.6666667e-01
   6.3966985e-02   6.3095238e-01   6.6666667e-01   1.6666667e-01
   7.1060098e-02   6.3095238e-01   6.7857143e-01   1.6666667e-01
   7.5315966e-02   6.3095238e-01   6.7857143e-01   1.6666667e-01
   7.7379417e-02   6.3095238e-01   6.6666667e-01   1.6666667e-01
   7.7121486e-02   6.1904762e-01   6.6666667e-01   1.6666667e-01
   7.5058035e-02   6.1904762e-01   6.6666667e-01   1.6666667e-01
   7.4155275e-02   6.1904762e-01   6.6666667e-01   1.6666667e-01
   6.9125613e-02   6.1904762e-01   6.6666667e-01   1.6666667e-01
   6.5127676e-02   6.1904762e-01   6.5476190e-01   1.6666667e-01
   6.0871808e-02   6.0714286e-01   6.5476190e-01   1.6666667e-01
   5.3778695e-02   5.9523810e-01   6.4285714e-01   1.6666667e-01
   4.8233170e-02   5.9523810e-01   6.0714286e-01   1.6666667e-01
   4.5911787e-02   5.9523810e-01   6.0714286e-01   1.6666667e-01
   4.5009028e-02   5.8333333e-01   6.0714286e-01   1.6666667e-01
   4.9909724e-02   5.7142857e-01   6.0714286e-01   1.6666667e-01
   5.8550426e-02   5.7142857e-01   6.0714286e-01   1.6666667e-01
   6.4353882e-02   5.5952381e-01   5.9523810e-01   1.6666667e-01
   7.2220789e-02   5.4761905e-01   5.9523810e-01   1.6666667e-01
   7.1833892e-02   5.4761905e-01   5.9523810e-01   1.6666667e-01
   7.2349755e-02   5.4761905e-01   5.8333333e-01   1.6666667e-01
   7.1446995e-02   5.4761905e-01   5.8333333e-01   1.6666667e-01
   7.8927005e-02   5.4761905e-01   5.8333333e-01   1.6666667e-01
   8.9631158e-02   5.4761905e-01   5.8333333e-01   1.6666667e-01
   1.2006706e-01   5.3571429e-01   5.8333333e-01   1.6666667e-01
   2.0260511e-01   5.4761905e-01   6.9047619e-01   1.6666667e-01
   2.9184937e-01   5.4761905e-01   7.0238095e-01   1.6666667e-01
   3.4601496e-01   5.4761905e-01   7.0238095e-01   1.6666667e-01
   3.5078669e-01   5.4761905e-01   7.1428571e-01   1.6666667e-01
   3.4175909e-01   5.5952381e-01   7.1428571e-01   1.6666667e-01
   3.3041011e-01   5.7142857e-01   7.2619048e-01   1.6666667e-01
   3.1261284e-01   5.8333333e-01   7.2619048e-01   1.6666667e-01
   2.8914109e-01   5.8333333e-01   7.2619048e-01   1.6666667e-01
   2.6218726e-01   5.9523810e-01   7.2619048e-01   1.6666667e-01
   2.2981687e-01   6.0714286e-01   7.2619048e-01   1.6666667e-01
   1.9241682e-01   6.0714286e-01   7.2619048e-01   1.6666667e-01
   1.6894506e-01   5.9523810e-01   7.1428571e-01   1.6666667e-01
   1.4560227e-01   5.9523810e-01   7.0238095e-01   1.6666667e-01
   1.2703121e-01   5.8333333e-01   6.6666667e-01   1.6666667e-01
   1.1890637e-01   5.7142857e-01   6.5476190e-01   1.6666667e-01
   1.0562290e-01   5.7142857e-01   6.4285714e-01   1.6666667e-01
   9.6466340e-02   5.5952381e-01   6.3095238e-01   1.6666667e-01
   9.1823575e-02   5.5952381e-01   6.1904762e-01   1.6666667e-01
   8.3827702e-02   5.5952381e-01   6.0714286e-01   1.6666667e-01
   8.0990457e-02   5.4761905e-01   6.0714286e-01   1.6666667e-01
   8.8212535e-02   5.4761905e-01   5.9523810e-01   1.6666667e-01
   9.2339438e-02   5.3571429e-01   5.9523810e-01   1.6666667e-01
   1.0717049e-01   5.3571429e-01   5.8333333e-01   1.6666667e-01
   1.1336085e-01   5.2380952e-01   5.8333333e-01   1.6666667e-01
   1.2032499e-01   5.2380952e-01   5.8333333e-01   1.6666667e-01
   1.3090018e-01   5.2380952e-01   5.8333333e-01   1.6666667e-01
   1.5617746e-01   5.2380952e-01   6.0714286e-01   1.6666667e-01
   1.9228785e-01   5.3571429e-01   6.3095238e-01   1.6666667e-01
   2.3033273e-01   5.3571429e-01   6.4285714e-01   1.6666667e-01
   2.5406242e-01   5.3571429e-01   6.5476190e-01   1.6666667e-01
   2.6115553e-01   5.4761905e-01   6.6666667e-01   1.6666667e-01
   2.4774310e-01   5.4761905e-01   6.7857143e-01   1.6666667e-01
   2.1485685e-01   5.5952381e-01   6.7857143e-01   1.6666667e-01
   1.8957957e-01   5.7142857e-01   6.9047619e-01   1.6666667e-01
   1.6830023e-01   5.8333333e-01   6.9047619e-01   1.6666667e-01
   1.4405468e-01   5.9523810e-01   6.9047619e-01   1.6666667e-01
   1.2496776e-01   6.4285714e-01   7.0238095e-01   1.6666667e-01
   1.0807325e-01   6.5476190e-01   7.0238095e-01   1.6666667e-01
   1.0098014e-01   6.6666667e-01   7.0238095e-01   1.6666667e-01
   9.4144957e-02   6.6666667e-01   7.1428571e-01   1.6666667e-01
   8.9631158e-02   6.6666667e-01   7.1428571e-01   1.6666667e-01
   9.2210472e-02   6.5476190e-01   7.1428571e-01   1.6666667e-01
   1.0394635e-01   6.4285714e-01   7.1428571e-01   1.6666667e-01
   1.1348981e-01   6.3095238e-01   7.1428571e-01   1.6666667e-01
   1.2277534e-01   6.3095238e-01   7.1428571e-01   1.6666667e-01
   1.2922363e-01   6.1904762e-01   7.0238095e-01   1.6666667e-01
   1.4960021e-01   4.1666667e-01   6.9047619e-01   3.3333333e-01
   1.6069126e-01   4.1666667e-01   6.7857143e-01   3.3333333e-01
   1.7771473e-01   4.1666667e-01   6.6666667e-01   3.3333333e-01
   1.9512510e-01   4.1666667e-01   6.4285714e-01   3.3333333e-01
   2.3665205e-01   4.0476190e-01   6.3095238e-01   3.3333333e-01
   2.9055971e-01   4.0476190e-01   6.3095238e-01   3.3333333e-01
   3.3776116e-01   4.0476190e-01   6.1904762e-01   1.6666667e-01
   3.7593500e-01   4.0476190e-01   6.0714286e-01   1.6666667e-01
   4.4493165e-01   3.8095238e-01   6.1904762e-01   1.6666667e-01
   5.6989941e-01   3.5714286e-01   6.3095238e-01   1.6666667e-01
   7.1047201e-01   2.7380952e-01   6.4285714e-01   1.6666667e-01
   8.0668042e-01   2.6190476e-01   6.5476190e-01   1.6666667e-01
   8.6755223e-01   2.6190476e-01   6.6666667e-01   1.6666667e-01
   8.8289915e-01   2.6190476e-01   6.6666667e-01   1.6666667e-01
   8.4794945e-01   2.5000000e-01   6.7857143e-01   1.6666667e-01
   7.6670106e-01   2.6190476e-01   6.7857143e-01   1.6666667e-01
   6.6236781e-01   2.6190476e-01   6.9047619e-01   1.6666667e-01
   5.4952283e-01   2.6190476e-01   6.9047619e-01   3.3333333e-01
   4.5073510e-01   2.7380952e-01   6.9047619e-01   5.0000000e-01
   3.5168945e-01   2.8571429e-01   7.0238095e-01   5.0000000e-01
   2.5393345e-01   2.9761905e-01   7.0238095e-01   5.0000000e-01
   1.9151406e-01   4.1666667e-01   7.0238095e-01   3.3333333e-01
   1.4831055e-01   4.1666667e-01   7.0238095e-01   3.3333333e-01
   1.3670364e-01   4.1666667e-01   7.0238095e-01   3.3333333e-01
   1.2135672e-01   4.1666667e-01   7.0238095e-01   3.3333333e-01
   1.1284498e-01   4.1666667e-01   7.0238095e-01   3.3333333e-01
   1.1155533e-01   4.1666667e-01   7.0238095e-01   3.3333333e-01
   1.1181326e-01   4.1666667e-01   7.0238095e-01   3.3333333e-01
   1.1477947e-01   4.1666667e-01   6.9047619e-01   3.3333333e-01
   1.0962084e-01   4.1666667e-01   6.7857143e-01   3.3333333e-01
   1.0291462e-01   4.1666667e-01   6.7857143e-01   3.3333333e-01
   1.0330152e-01   4.2857143e-01   6.6666667e-01   3.3333333e-01
   1.1413464e-01   5.9523810e-01   6.6666667e-01   1.6666667e-01
   1.4134640e-01   4.1666667e-01   6.6666667e-01   3.3333333e-01
   1.8222853e-01   4.1666667e-01   6.6666667e-01   3.3333333e-01
   2.1743616e-01   4.1666667e-01   6.4285714e-01   3.3333333e-01
   2.3291205e-01   5.3571429e-01   6.3095238e-01   1.6666667e-01
   2.3046170e-01   5.3571429e-01   6.3095238e-01   1.6666667e-01
   2.2104720e-01   5.3571429e-01   6.3095238e-01   1.6666667e-01
   2.0157338e-01   5.3571429e-01   6.3095238e-01   1.6666667e-01
   1.8416301e-01   5.4761905e-01   6.4285714e-01   1.6666667e-01
   1.9074026e-01   5.4761905e-01   6.4285714e-01   1.6666667e-01
   2.3742584e-01   5.5952381e-01   7.8571429e-01   3.3333333e-01
   3.1738458e-01   5.9523810e-01   7.9761905e-01   1.6666667e-01
   3.8483363e-01   6.1904762e-01   7.9761905e-01   1.6666667e-01
   4.1011091e-01   6.1904762e-01   8.0952381e-01   1.6666667e-01
   3.9721434e-01   6.3095238e-01   8.0952381e-01   1.6666667e-01
   3.6200671e-01   6.3095238e-01   8.0952381e-01   1.6666667e-01
   3.1802940e-01   6.4285714e-01   8.0952381e-01   1.6666667e-01
   2.6605623e-01   6.5476190e-01   7.9761905e-01   1.6666667e-01
   2.1601754e-01   6.5476190e-01   7.9761905e-01   1.6666667e-01
   1.6971885e-01   6.6666667e-01   7.8571429e-01   1.6666667e-01
   1.2574155e-01   6.7857143e-01   7.5000000e-01   1.6666667e-01
   8.5117359e-02   7.0238095e-01   7.3809524e-01   1.6666667e-01
   5.2489038e-02   7.1329365e-01   7.4900794e-01   0.0000000e+00
   2.8243487e-02   7.2420635e-01   7.5992063e-01   0.0000000e+00
   2.3987619e-02   7.3511905e-01   7.7083333e-01   0.0000000e+00
   2.5019345e-02   7.4603175e-01   7.8174603e-01   0.0000000e+00
   2.5535208e-02   7.5694444e-01   7.9265873e-01   0.0000000e+00
   2.6051070e-02   7.6785714e-01   8.0357143e-01   0.0000000e+00
   2.6566933e-02   7.7876984e-01   8.1448413e-01   0.0000000e+00
   2.7082796e-02   7.8968254e-01   8.2539683e-01   0.0000000e+00
   2.7469693e-02   8.0059524e-01   8.3630952e-01   0.0000000e+00
   2.7727624e-02   8.1150794e-01   8.4722222e-01   0.0000000e+00
   4.1269022e-02   8.2242063e-01   8.5813492e-01   0.0000000e+00
   9.0275987e-02   8.3333333e-01   8.6904762e-01   1.6666667e-01
   1.4250709e-01   8.3333333e-01   9.0476190e-01   1.6666667e-01
   1.8583957e-01   8.3333333e-01   9.2857143e-01   1.6666667e-01
   2.1008512e-01   8.3333333e-01   9.6428571e-01   1.6666667e-01
   2.0518442e-01   8.4523810e-01   9.7619048e-01   1.6666667e-01
   1.9228785e-01   8.5714286e-01   9.8809524e-01   1.6666667e-01
   1.6726851e-01   8.8095238e-01   9.8809524e-01   1.6666667e-01
   1.2961052e-01   9.1666667e-01   9.8809524e-01   1.6666667e-01
   9.2339438e-02   9.1666667e-01   9.8809524e-01   0.0000000e+00
