   2.9600000e+02
   3.1918985e-02   5.5555556e-01   5.5555556e-01   1.6666667e-01
   6.8580951e-02   5.4166667e-01   5.6944444e-01   1.6666667e-01
   1.1190873e-01   5.2777778e-01   5.8333333e-01   1.6666667e-01
   1.6305602e-01   5.2777778e-01   5.9722222e-01   1.6666667e-01
   2.0176900e-01   5.1388889e-01   6.1111111e-01   1.6666667e-01
   2.3176516e-01   5.1388889e-01   6.2500000e-01   1.6666667e-01
   2.4817331e-01   5.1388889e-01   6.3888889e-01   1.6666667e-01
   2.3958467e-01   5.1388889e-01   6.3888889e-01   1.6666667e-01
   2.2356108e-01   5.2777778e-01   6.5277778e-01   1.6666667e-01
   1.9587232e-01   5.2777778e-01   6.5277778e-01   1.6666667e-01
   1.7100372e-01   5.4166667e-01   6.6666667e-01   1.6666667e-01
   1.3818741e-01   5.5555556e-01   6.6666667e-01   1.6666667e-01
   1.0383284e-01   6.1111111e-01   6.6666667e-01   1.6666667e-01
   8.3322651e-02   6.3888889e-01   6.6666667e-01   1.6666667e-01
   5.4864761e-02   6.3888889e-01   6.8055556e-01   1.6666667e-01
   4.4866043e-02   6.5277778e-01   6.8055556e-01   1.6666667e-01
   4.8839892e-02   6.5277778e-01   6.8055556e-01   1.6666667e-01
   1.2113832e-01   6.1111111e-01   9.5833333e-01   3.3333333e-01
   2.5406999e-01   6.1111111e-01   9.7222222e-01   3.3333333e-01
   4.3481605e-01   5.8333333e-01   9.8611111e-01   3.3333333e-01
   6.2940649e-01   5.6944444e-01   9.8611111e-01   5.0000000e-01
   8.1643379e-01   4.7222222e-01   9.8611111e-01   3.3333333e-01
   9.5718498e-01   4.7222222e-01   1.0000000e+00   1.6666667e-01
   1.0000000e+00   4.5833333e-01   1.0000000e+00   1.6666667e-01
   9.4103320e-01   4.5833333e-01   1.0000000e+00   1.6666667e-01
   8.2425330e-01   4.5833333e-01   1.0000000e+00   1.6666667e-01
   7.2221510e-01   4.7222222e-01   1.0000000e+00   1.6666667e-01
   6.2979105e-01   4.7222222e-01   1.0000000e+00   1.6666667e-01
   5.2031791e-01   4.8611111e-01   9.8611111e-01   1.6666667e-01
   4.0699910e-01   5.0000000e-01   9.8611111e-01   5.0000000e-01
   3.2085630e-01   5.1388889e-01   9.7222222e-01   3.3333333e-01
   2.6086399e-01   7.5000000e-01   9.5833333e-01   3.3333333e-01
   2.4330214e-01   6.8055556e-01   9.3055556e-01   5.0000000e-01
   2.3625176e-01   6.5277778e-01   8.8888889e-01   3.3333333e-01
   2.2779131e-01   6.3888889e-01   8.1944444e-01   1.6666667e-01
   2.1497244e-01   6.2500000e-01   8.0555556e-01   1.6666667e-01
   1.9112934e-01   6.2500000e-01   7.6388889e-01   1.6666667e-01
   1.6946545e-01   6.3888889e-01   7.3611111e-01   1.6666667e-01
   1.4716062e-01   5.1388889e-01   7.0833333e-01   3.3333333e-01
   1.6356877e-01   5.1388889e-01   5.9722222e-01   1.6666667e-01
   1.7408025e-01   5.0000000e-01   6.1111111e-01   1.6666667e-01
   2.3702089e-01   5.0000000e-01   6.2500000e-01   1.6666667e-01
   2.7496475e-01   4.8611111e-01   6.3888889e-01   1.6666667e-01
   2.9021920e-01   4.8611111e-01   6.5277778e-01   1.6666667e-01
   2.7188822e-01   4.8611111e-01   6.5277778e-01   1.6666667e-01
   2.4381490e-01   5.0000000e-01   6.6666667e-01   1.6666667e-01
   2.1484425e-01   5.0000000e-01   6.6666667e-01   1.6666667e-01
   1.8971927e-01   5.0000000e-01   6.6666667e-01   1.6666667e-01
   1.6344058e-01   5.1388889e-01   6.8055556e-01   1.6666667e-01
   1.3408537e-01   5.2777778e-01   6.8055556e-01   3.3333333e-01
   1.2395847e-01   5.2777778e-01   6.8055556e-01   3.3333333e-01
   1.3357262e-01   5.1388889e-01   6.8055556e-01   3.3333333e-01
   1.4357134e-01   5.1388889e-01   6.8055556e-01   1.6666667e-01
   1.4562236e-01   5.2777778e-01   6.6666667e-01   1.6666667e-01
   1.2421484e-01   5.2777778e-01   6.6666667e-01   1.6666667e-01
   9.9987181e-02   5.4166667e-01   6.5277778e-01   3.3333333e-01
   7.3067555e-02   5.5555556e-01   5.6944444e-01   1.6666667e-01
   2.3330342e-02   5.6944444e-01   5.6944444e-01   1.6666667e-01
   1.9997436e-02   5.6944444e-01   5.6944444e-01   0.0000000e+00
   1.3716190e-02   5.6944444e-01   5.6944444e-01   0.0000000e+00
   1.2562492e-02   5.6944444e-01   5.6944444e-01   0.0000000e+00
   2.2817587e-02   5.6944444e-01   5.6944444e-01   0.0000000e+00
   3.4610947e-02   5.6944444e-01   5.6944444e-01   1.6666667e-01
   5.4608384e-02   5.4166667e-01   5.6944444e-01   1.6666667e-01
   7.7297782e-02   5.2777778e-01   5.8333333e-01   1.6666667e-01
   1.1395975e-01   5.1388889e-01   5.8333333e-01   1.6666667e-01
   1.5382643e-01   5.1388889e-01   5.9722222e-01   1.6666667e-01
   1.8843738e-01   5.0000000e-01   6.1111111e-01   1.6666667e-01
   2.1010127e-01   5.1388889e-01   6.2500000e-01   1.6666667e-01
   2.1099859e-01   5.1388889e-01   6.3888889e-01   1.6666667e-01
   1.9318036e-01   5.1388889e-01   6.3888889e-01   1.6666667e-01
   1.7574670e-01   5.2777778e-01   6.5277778e-01   1.6666667e-01
   1.5485194e-01   5.4166667e-01   6.5277778e-01   1.6666667e-01
   1.2626586e-01   5.5555556e-01   6.6666667e-01   1.6666667e-01
   1.0165363e-01   6.1111111e-01   6.6666667e-01   1.6666667e-01
   6.9221895e-02   6.3888889e-01   6.8055556e-01   1.6666667e-01
   5.8710422e-02   6.5277778e-01   6.8055556e-01   1.6666667e-01
   5.3326497e-02   6.5277778e-01   6.8055556e-01   1.6666667e-01
   4.7173439e-02   6.6666667e-01   6.9444444e-01   1.6666667e-01
   4.6019741e-02   6.6666667e-01   6.9444444e-01   1.6666667e-01
   4.4481477e-02   6.6666667e-01   6.9444444e-01   1.6666667e-01
   4.7429817e-02   6.6666667e-01   6.9444444e-01   1.6666667e-01
   5.0506345e-02   6.5277778e-01   6.9444444e-01   1.6666667e-01
   7.3195744e-02   6.1111111e-01   6.8055556e-01   3.3333333e-01
   1.1447250e-01   5.6944444e-01   6.6666667e-01   1.6666667e-01
   1.6715806e-01   5.2777778e-01   6.3888889e-01   1.6666667e-01
   2.2279195e-01   5.0000000e-01   6.3888889e-01   1.6666667e-01
   2.5304448e-01   5.0000000e-01   6.3888889e-01   1.6666667e-01
   2.5535188e-01   5.0000000e-01   6.3888889e-01   1.6666667e-01
   2.4522497e-01   5.0000000e-01   6.3888889e-01   1.6666667e-01
   2.2061274e-01   5.0000000e-01   6.2500000e-01   1.6666667e-01
   2.0343546e-01   5.1388889e-01   6.3888889e-01   1.6666667e-01
   1.7741315e-01   5.2777778e-01   6.3888889e-01   1.6666667e-01
   1.4677605e-01   5.4166667e-01   6.3888889e-01   1.6666667e-01
   1.2575311e-01   5.6944444e-01   6.5277778e-01   1.6666667e-01
   9.9730804e-02   5.8333333e-01   6.5277778e-01   1.6666667e-01
   8.2553519e-02   6.1111111e-01   6.5277778e-01   1.6666667e-01
   7.9476990e-02   6.1111111e-01   6.6666667e-01   1.6666667e-01
   7.6144084e-02   6.2500000e-01   6.6666667e-01   1.6666667e-01
   7.3964876e-02   6.2500000e-01   6.6666667e-01   1.6666667e-01
   9.6269709e-02   6.2500000e-01   6.6666667e-01   1.6666667e-01
   1.1357518e-01   5.6944444e-01   6.6666667e-01   1.6666667e-01
   1.2690681e-01   5.5555556e-01   6.6666667e-01   1.6666667e-01
   1.3011152e-01   5.4166667e-01   6.6666667e-01   1.6666667e-01
   1.4280220e-01   5.4166667e-01   6.2500000e-01   1.6666667e-01
   1.3241892e-01   5.0000000e-01   6.1111111e-01   1.6666667e-01
   1.0485835e-01   5.0000000e-01   5.9722222e-01   1.6666667e-01
   8.4604538e-02   5.0000000e-01   5.6944444e-01   3.3333333e-01
   6.5248045e-02   4.8611111e-01   5.1388889e-01   1.6666667e-01
   4.2943212e-02   4.8611111e-01   5.0000000e-01   1.6666667e-01
   4.0379439e-02   5.0000000e-01   5.1388889e-01   1.6666667e-01
   7.1144725e-02   5.0000000e-01   5.6944444e-01   3.3333333e-01
   1.0575567e-01   5.0000000e-01   5.9722222e-01   1.6666667e-01
   1.5369824e-01   5.1388889e-01   6.1111111e-01   1.6666667e-01
   1.7779772e-01   5.1388889e-01   6.2500000e-01   1.6666667e-01
   1.8728368e-01   5.2777778e-01   6.3888889e-01   1.6666667e-01
   1.8125881e-01   5.4166667e-01   6.5277778e-01   1.6666667e-01
   1.6459428e-01   5.5555556e-01   6.5277778e-01   1.6666667e-01
   1.5023715e-01   5.6944444e-01   6.5277778e-01   1.6666667e-01
   1.3382900e-01   5.8333333e-01   6.6666667e-01   1.6666667e-01
   1.1895911e-01   5.9722222e-01   6.6666667e-01   1.6666667e-01
   1.0652480e-01   6.1111111e-01   6.6666667e-01   1.6666667e-01
   1.0293552e-01   6.2500000e-01   6.6666667e-01   1.6666667e-01
   9.7679785e-02   6.2500000e-01   6.8055556e-01   1.6666667e-01
   9.0885784e-02   6.2500000e-01   6.8055556e-01   1.6666667e-01
   8.4732727e-02   6.2500000e-01   6.8055556e-01   1.6666667e-01
   8.0246122e-02   6.2500000e-01   6.8055556e-01   1.6666667e-01
   7.5503141e-02   6.2500000e-01   6.8055556e-01   1.6666667e-01
   6.9350083e-02   6.2500000e-01   6.6666667e-01   1.6666667e-01
   6.2940649e-02   6.2500000e-01   6.6666667e-01   1.6666667e-01
   5.3582874e-02   6.1111111e-01   6.5277778e-01   1.6666667e-01
   5.4480195e-02   6.1111111e-01   6.5277778e-01   1.6666667e-01
   4.3712345e-02   6.1111111e-01   6.3888889e-01   1.6666667e-01
   3.8200231e-02   6.1111111e-01   6.2500000e-01   1.6666667e-01
   3.4226381e-02   6.0972222e-01   6.2361111e-01   0.0000000e+00
   2.6278682e-02   6.0833333e-01   6.2222222e-01   0.0000000e+00
   1.2690681e-02   6.0694444e-01   6.2083333e-01   0.0000000e+00
   5.1275478e-03   6.0555556e-01   6.1944444e-01   0.0000000e+00
   0.0000000e+00   6.0416667e-01   6.1805556e-01   0.0000000e+00
   0.0000000e+00   6.0277778e-01   6.1666667e-01   0.0000000e+00
   0.0000000e+00   6.0138889e-01   6.1527778e-01   0.0000000e+00
   0.0000000e+00   6.0000000e-01   6.1388889e-01   0.0000000e+00
   0.0000000e+00   5.9861111e-01   6.1250000e-01   0.0000000e+00
   0.0000000e+00   5.9722222e-01   6.1111111e-01   0.0000000e+00
   0.0000000e+00   5.9583333e-01   6.0972222e-01   0.0000000e+00
   0.0000000e+00   5.9444444e-01   6.0833333e-01   0.0000000e+00
   0.0000000e+00   5.9305556e-01   6.0694444e-01   0.0000000e+00
   0.0000000e+00   5.9166667e-01   6.0555556e-01   0.0000000e+00
   0.0000000e+00   5.9027778e-01   6.0416667e-01   0.0000000e+00
   0.0000000e+00   5.8888889e-01   6.0277778e-01   0.0000000e+00
   0.0000000e+00   5.8750000e-01   6.0138889e-01   0.0000000e+00
   5.2557364e-03   5.8611111e-01   6.0000000e-01   0.0000000e+00
   2.5765927e-02   5.8472222e-01   5.9861111e-01   0.0000000e+00
   3.3970004e-02   5.8333333e-01   5.9722222e-01   1.6666667e-01
   4.5891552e-02   5.6944444e-01   5.9722222e-01   1.6666667e-01
   4.9352647e-02   5.6944444e-01   5.9722222e-01   1.6666667e-01
   5.4095629e-02   5.6944444e-01   5.9722222e-01   1.6666667e-01
   5.0634534e-02   5.5555556e-01   5.9722222e-01   1.6666667e-01
   4.7301628e-02   5.4166667e-01   5.6944444e-01   1.6666667e-01
   4.0123061e-02   5.4166667e-01   5.5555556e-01   1.6666667e-01
   3.4482759e-02   5.4166667e-01   5.5555556e-01   1.6666667e-01
   3.2944494e-02   5.4166667e-01   5.5555556e-01   1.6666667e-01
   3.0637098e-02   5.4166667e-01   5.4166667e-01   1.6666667e-01
   2.8073324e-02   5.6597222e-01   5.6944444e-01   0.0000000e+00
   2.4996795e-02   5.9027778e-01   5.9722222e-01   0.0000000e+00
   1.2306115e-02   6.1458333e-01   6.2500000e-01   0.0000000e+00
   5.0249968e-02   6.3888889e-01   6.5277778e-01   1.6666667e-01
   1.2985515e-01   5.0000000e-01   6.8055556e-01   3.3333333e-01
   2.4496859e-01   5.0000000e-01   6.8055556e-01   3.3333333e-01
   3.4021279e-01   5.0000000e-01   6.9444444e-01   1.6666667e-01
   3.9353929e-01   5.0000000e-01   6.9444444e-01   1.6666667e-01
   4.0687091e-01   5.0000000e-01   6.9444444e-01   1.6666667e-01
   3.9110370e-01   5.0000000e-01   7.0833333e-01   1.6666667e-01
   3.6982438e-01   5.0000000e-01   7.0833333e-01   1.6666667e-01
   3.3995642e-01   5.1388889e-01   7.0833333e-01   1.6666667e-01
   2.9957698e-01   5.1388889e-01   6.9444444e-01   1.6666667e-01
   2.6381233e-01   5.2777778e-01   6.9444444e-01   1.6666667e-01
   2.2061274e-01   5.2777778e-01   6.8055556e-01   1.6666667e-01
   1.8382259e-01   5.4166667e-01   6.5277778e-01   1.6666667e-01
   1.4780156e-01   5.4166667e-01   6.2500000e-01   1.6666667e-01
   1.1767722e-01   5.4166667e-01   6.1111111e-01   1.6666667e-01
   1.0639662e-01   5.2777778e-01   6.1111111e-01   1.6666667e-01
   1.0280733e-01   5.2777778e-01   5.9722222e-01   1.6666667e-01
   9.4731445e-02   5.2777778e-01   5.9722222e-01   1.6666667e-01
   8.4476349e-02   5.2777778e-01   5.6944444e-01   1.6666667e-01
   8.1656198e-02   5.2777778e-01   5.6944444e-01   1.6666667e-01
   8.3835406e-02   5.2777778e-01   5.6944444e-01   1.6666667e-01
   1.2113832e-01   5.2777778e-01   5.8333333e-01   1.6666667e-01
   1.6574798e-01   5.4166667e-01   6.5277778e-01   1.6666667e-01
   2.1240867e-01   5.4166667e-01   6.6666667e-01   1.6666667e-01
   2.3214972e-01   5.4166667e-01   6.6666667e-01   1.6666667e-01
   2.3176516e-01   5.5555556e-01   6.8055556e-01   1.6666667e-01
   2.1548519e-01   5.5555556e-01   6.8055556e-01   1.6666667e-01
   1.9548776e-01   5.5555556e-01   6.8055556e-01   1.6666667e-01
   1.7190104e-01   5.5555556e-01   6.8055556e-01   1.6666667e-01
   1.5113447e-01   5.5555556e-01   6.8055556e-01   1.6666667e-01
   1.2934239e-01   5.5555556e-01   6.6666667e-01   1.6666667e-01
   9.5500577e-02   5.5555556e-01   6.2500000e-01   1.6666667e-01
   6.9350083e-02   5.5555556e-01   5.9722222e-01   1.6666667e-01
   6.9093706e-02   5.4166667e-01   5.8333333e-01   1.6666667e-01
   8.1912575e-02   5.2777778e-01   5.9722222e-01   1.6666667e-01
   1.0755031e-01   5.2777778e-01   6.1111111e-01   1.6666667e-01
   1.3331624e-01   5.4166667e-01   6.2500000e-01   1.6666667e-01
   1.4280220e-01   5.4166667e-01   6.3888889e-01   1.6666667e-01
   1.4869888e-01   5.5555556e-01   6.3888889e-01   1.6666667e-01
   1.3972568e-01   5.6944444e-01   6.5277778e-01   1.6666667e-01
   1.3280349e-01   5.6944444e-01   6.6666667e-01   1.6666667e-01
   1.2088194e-01   5.9722222e-01   6.6666667e-01   1.6666667e-01
   1.0178182e-01   6.1111111e-01   6.6666667e-01   1.6666667e-01
   8.4091783e-02   6.2500000e-01   6.8055556e-01   1.6666667e-01
   6.5760800e-02   6.3888889e-01   6.8055556e-01   1.6666667e-01
   5.6787591e-02   6.5277778e-01   6.8055556e-01   1.6666667e-01
   4.9993591e-02   6.5277778e-01   6.8055556e-01   1.6666667e-01
   4.0764005e-02   6.6666667e-01   6.8055556e-01   1.6666667e-01
   3.7687476e-02   6.6666667e-01   6.8055556e-01   1.6666667e-01
   6.6914498e-02   5.1388889e-01   6.8055556e-01   3.3333333e-01
   1.2626586e-01   4.8611111e-01   6.8055556e-01   3.3333333e-01
   2.0587104e-01   4.8611111e-01   6.8055556e-01   3.3333333e-01
   2.6278682e-01   4.7222222e-01   6.8055556e-01   1.6666667e-01
   3.0124343e-01   4.7222222e-01   6.8055556e-01   1.6666667e-01
   3.0944751e-01   4.7222222e-01   6.6666667e-01   1.6666667e-01
   3.1124215e-01   4.7222222e-01   6.6666667e-01   1.6666667e-01
   3.1367773e-01   4.8611111e-01   6.6666667e-01   1.6666667e-01
   3.0649917e-01   4.8611111e-01   6.6666667e-01   1.6666667e-01
   2.8521984e-01   4.8611111e-01   6.6666667e-01   1.6666667e-01
   2.5355724e-01   5.0000000e-01   6.6666667e-01   1.6666667e-01
   2.1420331e-01   5.1388889e-01   6.6666667e-01   1.6666667e-01
   1.7677221e-01   5.1388889e-01   6.6666667e-01   1.6666667e-01
   1.5164722e-01   5.2777778e-01   6.6666667e-01   1.6666667e-01
   1.1729265e-01   5.4166667e-01   6.6666667e-01   3.3333333e-01
   8.7809255e-02   6.3888889e-01   6.6666667e-01   1.6666667e-01
   4.6788873e-02   6.5277778e-01   6.6666667e-01   1.6666667e-01
   3.0893475e-02   6.5277778e-01   6.6666667e-01   1.6666667e-01
   2.7304192e-02   6.5277778e-01   6.5277778e-01   1.6666667e-01
   2.7176003e-02   6.3194444e-01   6.4583333e-01   0.0000000e+00
   4.3199590e-02   6.1111111e-01   6.3888889e-01   1.6666667e-01
   6.3453403e-02   6.1111111e-01   6.5277778e-01   1.6666667e-01
   7.1016536e-02   6.1111111e-01   6.5277778e-01   1.6666667e-01
   7.1913857e-02   6.1111111e-01   6.5277778e-01   1.6666667e-01
   6.9093706e-02   6.1111111e-01   6.5277778e-01   1.6666667e-01
   6.3837969e-02   6.1111111e-01   6.5277778e-01   1.6666667e-01
   6.1146007e-02   6.1111111e-01   6.5277778e-01   1.6666667e-01
   7.0888348e-02   5.5555556e-01   6.3888889e-01   3.3333333e-01
   8.0887066e-02   5.4166667e-01   5.6944444e-01   1.6666667e-01
   6.6401743e-02   5.4166667e-01   5.8333333e-01   1.6666667e-01
   7.6144084e-02   5.2777778e-01   5.8333333e-01   1.6666667e-01
   7.8066914e-02   5.2777778e-01   5.8333333e-01   1.6666667e-01
   7.6528650e-02   5.2777778e-01   5.8333333e-01   1.6666667e-01
   7.2042046e-02   5.1388889e-01   5.6944444e-01   1.6666667e-01
   6.0633252e-02   5.1388889e-01   5.6944444e-01   1.6666667e-01
   5.8454044e-02   5.1388889e-01   5.5555556e-01   1.6666667e-01
   4.7942571e-02   5.1388889e-01   5.4166667e-01   1.6666667e-01
   3.9097552e-02   5.1388889e-01   5.2777778e-01   1.6666667e-01
   3.2559928e-02   5.1388889e-01   5.2777778e-01   1.6666667e-01
   3.3200872e-02   5.1388889e-01   5.1388889e-01   1.6666667e-01
   3.4354570e-02   5.0000000e-01   5.2777778e-01   1.6666667e-01
   3.4995513e-02   5.1388889e-01   5.2777778e-01   1.6666667e-01
   7.1016536e-02   5.1388889e-01   6.5277778e-01   3.3333333e-01
   1.5049353e-01   5.1388889e-01   6.6666667e-01   3.3333333e-01
   2.2394565e-01   5.1388889e-01   6.8055556e-01   1.6666667e-01
   2.8573260e-01   5.2777778e-01   6.8055556e-01   1.6666667e-01
   3.0893475e-01   5.2777778e-01   6.9444444e-01   1.6666667e-01
   3.0406358e-01   5.2777778e-01   6.9444444e-01   1.6666667e-01
   2.8675811e-01   5.2777778e-01   6.9444444e-01   1.6666667e-01
   2.5855660e-01   5.2777778e-01   6.9444444e-01   1.6666667e-01
   2.3291886e-01   5.2777778e-01   6.9444444e-01   1.6666667e-01
   2.1035765e-01   5.2777778e-01   6.9444444e-01   1.6666667e-01
   1.8254070e-01   5.2777778e-01   6.5277778e-01   1.6666667e-01
   1.5164722e-01   5.1388889e-01   6.2500000e-01   1.6666667e-01
   1.3036790e-01   5.2777778e-01   5.9722222e-01   1.6666667e-01
   1.1908730e-01   5.2777778e-01   5.8333333e-01   1.6666667e-01
   1.1908730e-01   5.2777778e-01   5.8333333e-01   1.6666667e-01
   1.2485579e-01   5.2777778e-01   5.9722222e-01   1.6666667e-01
   1.2818869e-01   5.2777778e-01   6.1111111e-01   1.6666667e-01
   1.2857326e-01   5.4166667e-01   6.1111111e-01   1.6666667e-01
   1.1408794e-01   5.4166667e-01   6.2500000e-01   1.6666667e-01
   1.0293552e-01   5.5555556e-01   6.2500000e-01   1.6666667e-01
   9.3577746e-02   5.6944444e-01   6.3888889e-01   1.6666667e-01
   8.0246122e-02   5.8333333e-01   6.3888889e-01   1.6666667e-01
   7.3195744e-02   5.9722222e-01   6.3888889e-01   1.6666667e-01
   6.4222536e-02   6.1111111e-01   6.5277778e-01   1.6666667e-01
   5.5249327e-02   6.2500000e-01   6.5277778e-01   1.6666667e-01
   5.6915780e-02   6.2500000e-01   6.5277778e-01   1.6666667e-01
   4.9865402e-02   6.3888889e-01   6.6666667e-01   1.6666667e-01
   4.7814383e-02   6.3888889e-01   6.6666667e-01   1.6666667e-01
   4.6532496e-02   6.3888889e-01   6.6666667e-01   1.6666667e-01
   4.4096911e-02   6.3888889e-01   6.6666667e-01   1.6666667e-01
   4.7429817e-02   6.3888889e-01   6.6666667e-01   1.6666667e-01
   4.7045251e-02   6.3888889e-01   6.6666667e-01   1.6666667e-01
   4.8839892e-02   6.2500000e-01   6.5277778e-01   1.6666667e-01
   5.1019100e-02   6.2500000e-01   6.5277778e-01   1.6666667e-01
   5.7172157e-02   6.2500000e-01   6.3888889e-01   1.6666667e-01
   5.4352006e-02   6.1111111e-01   6.3888889e-01   1.6666667e-01
   4.7045251e-02   6.1111111e-01   6.3888889e-01   1.6666667e-01
   3.3970004e-02   6.2500000e-01   6.3888889e-01   1.6666667e-01
   2.0382002e-02   6.2500000e-01   6.3888889e-01   0.0000000e+00
