   1.4900000e+02
   4.7910296e-02   2.1212121e-01   2.1212121e-01   0.0000000e+00
   8.8685015e-02   2.1212121e-01   2.1212121e-01   1.6666667e-01
   1.5528372e-01   1.2121212e-01   1.8181818e-01   1.6666667e-01
   2.2086306e-01   9.0909091e-02   1.8181818e-01   1.6666667e-01
   3.2687734e-01   6.0606061e-02   1.8181818e-01   1.6666667e-01
   4.1420319e-01   3.0303030e-02   2.1212121e-01   1.6666667e-01
   5.2395515e-01   3.0303030e-02   2.4242424e-01   1.6666667e-01
   6.6462793e-01   0.0000000e+00   2.7272727e-01   1.6666667e-01
   8.4267754e-01   0.0000000e+00   4.2424242e-01   1.6666667e-01
   9.4325518e-01   0.0000000e+00   4.5454545e-01   1.6666667e-01
   9.4563371e-01   0.0000000e+00   4.8484848e-01   1.6666667e-01
   8.3146449e-01   0.0000000e+00   5.1515152e-01   1.6666667e-01
   6.6870540e-01   3.0303030e-02   5.4545455e-01   3.3333333e-01
   3.9585457e-01   3.0303030e-01   5.4545455e-01   1.6666667e-01
   2.3717295e-01   3.6363636e-01   5.1515152e-01   1.6666667e-01
   1.0975195e-01   3.6565657e-01   5.1717172e-01   0.0000000e+00
   1.6989467e-03   3.6767677e-01   5.1919192e-01   0.0000000e+00
   5.4366293e-03   3.6969697e-01   5.2121212e-01   0.0000000e+00
   4.0774720e-03   3.7171717e-01   5.2323232e-01   0.0000000e+00
   2.7183146e-03   3.7373737e-01   5.2525253e-01   0.0000000e+00
   1.6989467e-03   3.7575758e-01   5.2727273e-01   0.0000000e+00
   1.6989467e-03   3.7777778e-01   5.2929293e-01   0.0000000e+00
   1.6989467e-03   3.7979798e-01   5.3131313e-01   0.0000000e+00
   1.6989467e-03   3.8181818e-01   5.3333333e-01   0.0000000e+00
   1.6989467e-03   3.8383838e-01   5.3535354e-01   0.0000000e+00
   1.6989467e-03   3.8585859e-01   5.3737374e-01   0.0000000e+00
   1.6989467e-03   3.8787879e-01   5.3939394e-01   0.0000000e+00
   1.3591573e-03   3.8989899e-01   5.4141414e-01   0.0000000e+00
   1.3251784e-02   3.9191919e-01   5.4343434e-01   0.0000000e+00
   1.9979613e-01   3.9393939e-01   5.4545455e-01   1.6666667e-01
   4.0095141e-01   3.6363636e-01   5.7575758e-01   1.6666667e-01
   5.4196398e-01   3.6363636e-01   5.7575758e-01   1.6666667e-01
   5.4230377e-01   3.3333333e-01   6.0606061e-01   1.6666667e-01
   5.2259599e-01   3.3333333e-01   6.0606061e-01   1.6666667e-01
   4.8997621e-01   3.3333333e-01   6.3636364e-01   1.6666667e-01
   4.2881414e-01   3.3333333e-01   6.3636364e-01   1.6666667e-01
   3.5847774e-01   3.0303030e-01   6.6666667e-01   3.3333333e-01
   2.6639484e-01   3.0303030e-01   6.6666667e-01   3.3333333e-01
   2.5076453e-01   3.0303030e-01   6.6666667e-01   3.3333333e-01
   2.9255861e-01   3.3333333e-01   6.6666667e-01   3.3333333e-01
   3.5813795e-01   3.3333333e-01   6.6666667e-01   3.3333333e-01
   3.9211689e-01   3.3333333e-01   6.6666667e-01   3.3333333e-01
   4.0944614e-01   3.6363636e-01   6.6666667e-01   1.6666667e-01
   3.9313626e-01   3.6363636e-01   6.6666667e-01   1.6666667e-01
   3.4182807e-01   3.6363636e-01   6.3636364e-01   1.6666667e-01
   2.3649337e-01   3.9393939e-01   6.0606061e-01   1.6666667e-01
   1.2776079e-01   3.9393939e-01   3.9393939e-01   1.6666667e-01
   3.1940197e-02   3.8787879e-01   3.8787879e-01   0.0000000e+00
   3.3299354e-02   3.8181818e-01   3.8181818e-01   0.0000000e+00
   3.3639144e-02   3.7575758e-01   3.7575758e-01   0.0000000e+00
   3.8396194e-02   3.6969697e-01   3.6969697e-01   0.0000000e+00
   5.8783554e-02   3.6363636e-01   3.6363636e-01   1.6666667e-01
   6.3540605e-02   3.6363636e-01   3.6363636e-01   1.6666667e-01
   5.2327557e-02   3.6363636e-01   3.9393939e-01   1.6666667e-01
   5.2667346e-02   3.6363636e-01   3.9393939e-01   1.6666667e-01
   5.0628610e-02   3.6363636e-01   3.9393939e-01   1.6666667e-01
   6.7278287e-02   3.6363636e-01   3.6363636e-01   1.6666667e-01
   9.6500170e-02   3.3333333e-01   3.9393939e-01   1.6666667e-01
   1.1179069e-01   3.3333333e-01   3.9393939e-01   1.6666667e-01
   1.1688753e-01   3.3333333e-01   3.9393939e-01   1.6666667e-01
   1.0125722e-01   3.3333333e-01   3.9393939e-01   1.6666667e-01
   1.0703364e-01   3.6363636e-01   3.9393939e-01   1.6666667e-01
   9.3781855e-02   3.6363636e-01   3.9393939e-01   1.6666667e-01
   8.7325858e-02   3.3333333e-01   3.9393939e-01   1.6666667e-01
   1.4067278e-01   3.3333333e-01   3.9393939e-01   1.6666667e-01
   2.3071696e-01   3.3333333e-01   3.9393939e-01   1.6666667e-01
   5.1172273e-01   3.3333333e-01   7.2727273e-01   3.3333333e-01
   8.4403670e-01   3.3333333e-01   7.2727273e-01   1.6666667e-01
   1.0000000e+00   3.3333333e-01   7.5757576e-01   1.6666667e-01
   9.9014611e-01   3.3333333e-01   7.5757576e-01   1.6666667e-01
   9.2490656e-01   3.6363636e-01   7.5757576e-01   1.6666667e-01
   8.3724091e-01   3.9393939e-01   7.5757576e-01   1.6666667e-01
   7.1423717e-01   4.2424242e-01   7.5757576e-01   1.6666667e-01
   5.6710839e-01   4.5454545e-01   7.5757576e-01   1.6666667e-01
   4.0842678e-01   4.8484848e-01   6.9696970e-01   1.6666667e-01
   2.7149168e-01   5.1515152e-01   6.6666667e-01   1.6666667e-01
   1.8790350e-01   5.1515152e-01   6.0606061e-01   1.6666667e-01
   1.0873259e-01   5.4545455e-01   5.7575758e-01   1.6666667e-01
   7.9850493e-02   5.3030303e-01   5.6060606e-01   0.0000000e+00
   3.6017669e-02   5.1515152e-01   5.4545455e-01   0.0000000e+00
   3.2619776e-02   5.0000000e-01   5.3030303e-01   0.0000000e+00
   3.3978933e-04   4.8484848e-01   5.1515152e-01   0.0000000e+00
   1.6989467e-03   4.6969697e-01   5.0000000e-01   0.0000000e+00
   1.6989467e-03   4.5454545e-01   4.8484848e-01   0.0000000e+00
   1.6989467e-03   4.3939394e-01   4.6969697e-01   0.0000000e+00
   1.6989467e-03   4.2424242e-01   4.5454545e-01   0.0000000e+00
   1.6989467e-03   4.0909091e-01   4.3939394e-01   0.0000000e+00
   3.7376826e-03   3.9393939e-01   4.2424242e-01   0.0000000e+00
   3.8735984e-02   3.7878788e-01   4.0909091e-01   0.0000000e+00
   6.8977234e-02   3.6363636e-01   3.9393939e-01   1.6666667e-01
   1.1382943e-01   3.6363636e-01   4.2424242e-01   1.6666667e-01
   3.5372069e-01   3.6363636e-01   6.6666667e-01   3.3333333e-01
   5.4196398e-01   3.6363636e-01   6.9696970e-01   1.6666667e-01
   6.2113490e-01   3.9393939e-01   6.9696970e-01   1.6666667e-01
   5.7696228e-01   4.2424242e-01   7.2727273e-01   1.6666667e-01
   4.7944275e-01   4.5454545e-01   7.2727273e-01   1.6666667e-01
   3.7444784e-01   4.8484848e-01   6.9696970e-01   1.6666667e-01
   2.7081210e-01   4.8484848e-01   6.6666667e-01   1.6666667e-01
   1.9164118e-01   5.1515152e-01   6.3636364e-01   1.6666667e-01
   1.1213048e-01   5.1515152e-01   5.7575758e-01   1.6666667e-01
   7.3054706e-02   4.9783550e-01   5.5411255e-01   0.0000000e+00
   4.9609242e-02   4.8051948e-01   5.3246753e-01   0.0000000e+00
   3.7376826e-02   4.6320346e-01   5.1082251e-01   0.0000000e+00
   3.3639144e-02   4.4588745e-01   4.8917749e-01   0.0000000e+00
   1.5970099e-02   4.2857143e-01   4.6753247e-01   0.0000000e+00
   2.2426096e-02   4.1125541e-01   4.4588745e-01   0.0000000e+00
   6.6258919e-02   3.9393939e-01   4.2424242e-01   1.6666667e-01
   1.1858648e-01   3.9393939e-01   4.5454545e-01   1.6666667e-01
   1.6853551e-01   3.9393939e-01   4.5454545e-01   1.6666667e-01
   2.0523276e-01   3.9393939e-01   4.8484848e-01   1.6666667e-01
   2.4498811e-01   3.9393939e-01   5.1515152e-01   1.6666667e-01
   3.0852871e-01   3.9393939e-01   6.0606061e-01   1.6666667e-01
   3.3639144e-01   3.9393939e-01   6.3636364e-01   1.6666667e-01
   3.2110092e-01   4.2424242e-01   6.3636364e-01   1.6666667e-01
   2.5212368e-01   4.5454545e-01   6.3636364e-01   1.6666667e-01
   1.8586476e-01   5.7575758e-01   6.6666667e-01   1.6666667e-01
   9.4121645e-02   6.3636364e-01   6.6666667e-01   1.6666667e-01
   5.6065240e-02   6.3636364e-01   6.6666667e-01   1.6666667e-01
   5.9463133e-02   6.6666667e-01   6.6666667e-01   1.6666667e-01
   4.0095141e-02   6.4738292e-01   6.6115702e-01   0.0000000e+00
   3.5677880e-02   6.2809917e-01   6.5564738e-01   0.0000000e+00
   2.6843357e-02   6.0881543e-01   6.5013774e-01   0.0000000e+00
   0.0000000e+00   5.8953168e-01   6.4462810e-01   0.0000000e+00
   1.6989467e-03   5.7024793e-01   6.3911846e-01   0.0000000e+00
   1.6989467e-03   5.5096419e-01   6.3360882e-01   0.0000000e+00
   1.6989467e-03   5.3168044e-01   6.2809917e-01   0.0000000e+00
   1.6989467e-03   5.1239669e-01   6.2258953e-01   0.0000000e+00
   1.3591573e-03   4.9311295e-01   6.1707989e-01   0.0000000e+00
   1.0533469e-02   4.7382920e-01   6.1157025e-01   0.0000000e+00
   1.3523615e-01   4.5454545e-01   6.0606061e-01   3.3333333e-01
   3.7172953e-01   4.2424242e-01   6.3636364e-01   1.6666667e-01
   5.2531431e-01   4.2424242e-01   6.3636364e-01   1.6666667e-01
   5.6201155e-01   4.2424242e-01   6.3636364e-01   1.6666667e-01
   5.5419640e-01   4.2424242e-01   6.6666667e-01   1.6666667e-01
   5.5181787e-01   4.2424242e-01   6.6666667e-01   1.6666667e-01
   5.3109072e-01   4.5454545e-01   6.6666667e-01   1.6666667e-01
   5.6269113e-01   3.9393939e-01   6.6666667e-01   1.6666667e-01
   6.5647299e-01   3.6363636e-01   6.9696970e-01   1.6666667e-01
   6.8399592e-01   3.3333333e-01   6.9696970e-01   1.6666667e-01
   6.1331974e-01   3.3333333e-01   6.6666667e-01   3.3333333e-01
   4.9201495e-01   3.6363636e-01   5.7575758e-01   1.6666667e-01
   3.8056405e-01   3.6363636e-01   5.7575758e-01   1.6666667e-01
   3.0648998e-01   3.9393939e-01   5.4545455e-01   1.6666667e-01
   2.0013592e-01   4.2424242e-01   5.1515152e-01   1.6666667e-01
   1.0873259e-01   4.2424242e-01   5.1515152e-01   0.0000000e+00
   3.7037037e-02   4.2424242e-01   5.1515152e-01   0.0000000e+00
   4.3153245e-02   4.2424242e-01   5.1515152e-01   0.0000000e+00
   4.3832824e-02   4.2424242e-01   5.1515152e-01   0.0000000e+00
   4.3493034e-02   4.2424242e-01   5.1515152e-01   0.0000000e+00
