   1.3300000e+02
   0.0000000e+00   4.6153846e-01   4.6153846e-01   1.6666667e-01
   1.4222503e-02   4.6153846e-01   4.7435897e-01   1.6666667e-01
   2.4863043e-02   4.6153846e-01   4.7435897e-01   1.6666667e-01
   3.3817952e-02   4.6153846e-01   4.8717949e-01   1.6666667e-01
   4.1508639e-02   4.6153846e-01   4.8717949e-01   1.6666667e-01
   5.0358196e-02   4.6153846e-01   4.8717949e-01   1.6666667e-01
   5.3834808e-02   4.6153846e-01   4.8717949e-01   1.6666667e-01
   5.4888327e-02   4.4871795e-01   5.0000000e-01   1.6666667e-01
   5.5204383e-02   4.4871795e-01   5.0000000e-01   1.6666667e-01
   5.9102402e-02   4.4871795e-01   5.0000000e-01   1.6666667e-01
   9.3868521e-02   4.4871795e-01   5.8974359e-01   3.3333333e-01
   1.5507796e-01   4.4871795e-01   6.0256410e-01   3.3333333e-01
   2.2123894e-01   4.4871795e-01   6.1538462e-01   1.6666667e-01
   2.7633797e-01   4.4871795e-01   6.2820513e-01   1.6666667e-01
   3.0520438e-01   4.3589744e-01   6.2820513e-01   1.6666667e-01
   3.2901391e-01   4.3589744e-01   6.4102564e-01   1.6666667e-01
   3.6715129e-01   4.2307692e-01   6.4102564e-01   1.6666667e-01
   4.1129372e-01   3.9743590e-01   6.5384615e-01   1.6666667e-01
   4.5217025e-01   3.8461538e-01   6.6666667e-01   1.6666667e-01
   4.8419722e-01   3.8461538e-01   6.6666667e-01   1.6666667e-01
   4.9536452e-01   3.7179487e-01   6.7948718e-01   1.6666667e-01
   4.7503161e-01   3.7179487e-01   6.7948718e-01   1.6666667e-01
   4.3078382e-01   3.7179487e-01   6.7948718e-01   1.6666667e-01
   3.6609777e-01   3.7179487e-01   6.7948718e-01   1.6666667e-01
   2.9846186e-01   3.8461538e-01   6.7948718e-01   1.6666667e-01
   2.4241466e-01   3.9743590e-01   6.9230769e-01   3.3333333e-01
   1.8952802e-01   4.1025641e-01   6.9230769e-01   3.3333333e-01
   1.7119680e-01   4.2307692e-01   6.7948718e-01   3.3333333e-01
   1.6066161e-01   4.3589744e-01   6.7948718e-01   3.3333333e-01
   1.5297092e-01   4.3589744e-01   6.7948718e-01   3.3333333e-01
   1.4591235e-01   4.3589744e-01   6.7948718e-01   3.3333333e-01
   1.4369996e-01   4.4871795e-01   6.6666667e-01   3.3333333e-01
   1.4148757e-01   4.4871795e-01   6.6666667e-01   3.3333333e-01
   1.3885377e-01   4.4871795e-01   6.6666667e-01   3.3333333e-01
   1.3832701e-01   4.4871795e-01   6.5384615e-01   3.3333333e-01
   1.4159292e-01   4.4871795e-01   6.5384615e-01   3.3333333e-01
   1.4506953e-01   4.4871795e-01   6.4102564e-01   3.3333333e-01
   1.4412137e-01   4.4871795e-01   6.4102564e-01   3.3333333e-01
   1.3432364e-01   4.4871795e-01   6.2820513e-01   3.3333333e-01
   1.2621155e-01   4.4871795e-01   6.2820513e-01   3.3333333e-01
   1.1873156e-01   5.2564103e-01   6.1538462e-01   1.6666667e-01
   1.1778340e-01   5.1282051e-01   6.0256410e-01   1.6666667e-01
   1.1462284e-01   5.0000000e-01   5.8974359e-01   1.6666667e-01
   1.1967973e-01   4.8717949e-01   5.8974359e-01   1.6666667e-01
   1.3010957e-01   4.7435897e-01   5.7692308e-01   1.6666667e-01
   1.4485883e-01   4.6153846e-01   5.6410256e-01   1.6666667e-01
   1.5571007e-01   4.4871795e-01   5.6410256e-01   1.6666667e-01
   1.8194269e-01   4.3589744e-01   5.5128205e-01   1.6666667e-01
   2.8139486e-01   2.8205128e-01   5.5128205e-01   3.3333333e-01
   4.5269701e-01   2.1794872e-01   5.5128205e-01   1.6666667e-01
   6.0440371e-01   1.6666667e-01   5.6410256e-01   1.6666667e-01
   7.5010535e-01   1.2820513e-01   6.1538462e-01   1.6666667e-01
   8.9043405e-01   1.0256410e-01   6.5384615e-01   1.6666667e-01
   9.7566372e-01   6.4102564e-02   6.7948718e-01   1.6666667e-01
   1.0000000e+00   3.8461538e-02   6.7948718e-01   1.6666667e-01
   9.9610198e-01   2.5641026e-02   6.9230769e-01   1.6666667e-01
   9.5943953e-01   1.2820513e-02   6.9230769e-01   1.6666667e-01
   9.0318163e-01   1.2820513e-02   6.9230769e-01   1.6666667e-01
   8.4302571e-01   0.0000000e+00   6.9230769e-01   3.3333333e-01
   7.8560893e-01   0.0000000e+00   6.9230769e-01   5.0000000e-01
   7.3978087e-01   0.0000000e+00   6.9230769e-01   5.0000000e-01
   6.9690265e-01   0.0000000e+00   6.9230769e-01   5.0000000e-01
   6.5254952e-01   0.0000000e+00   6.7948718e-01   5.0000000e-01
   6.2947745e-01   0.0000000e+00   6.6666667e-01   5.0000000e-01
   6.3126844e-01   1.2820513e-02   6.4102564e-01   3.3333333e-01
   6.3822166e-01   1.2820513e-02   6.2820513e-01   3.3333333e-01
   6.2631690e-01   2.5641026e-02   5.8974359e-01   3.3333333e-01
   5.8364939e-01   2.5641026e-02   5.8974359e-01   3.3333333e-01
   5.3697851e-01   3.8461538e-02   6.0256410e-01   3.3333333e-01
   4.8177413e-01   5.1282051e-02   6.1538462e-01   3.3333333e-01
   4.1993257e-01   6.4102564e-02   6.2820513e-01   3.3333333e-01
   3.4797724e-01   7.6923077e-02   6.2820513e-01   3.3333333e-01
   2.7201854e-01   8.9743590e-02   6.4102564e-01   3.3333333e-01
   1.8721028e-01   1.0256410e-01   6.4102564e-01   3.3333333e-01
   1.2673831e-01   5.6410256e-01   6.5384615e-01   1.6666667e-01
   8.9654446e-02   5.8974359e-01   6.5384615e-01   1.6666667e-01
   7.1112516e-02   6.0256410e-01   6.6666667e-01   1.6666667e-01
   6.3421829e-02   6.1538462e-01   6.6666667e-01   1.6666667e-01
   5.9207754e-02   6.2820513e-01   6.6666667e-01   1.6666667e-01
   5.2886641e-02   6.2820513e-01   6.6666667e-01   1.6666667e-01
   4.5512010e-02   6.4102564e-01   6.7948718e-01   1.6666667e-01
   3.9401601e-02   6.4102564e-01   6.7948718e-01   1.6666667e-01
   3.8137379e-02   6.5384615e-01   6.7948718e-01   1.6666667e-01
   3.7505268e-02   6.5384615e-01   6.7948718e-01   1.6666667e-01
   3.5398230e-02   6.5384615e-01   6.7948718e-01   1.6666667e-01
   3.3080489e-02   6.5384615e-01   6.7948718e-01   1.6666667e-01
   3.1605563e-02   6.5384615e-01   6.7948718e-01   1.6666667e-01
   3.1605563e-02   6.5384615e-01   6.7948718e-01   1.6666667e-01
   5.6679309e-02   5.2564103e-01   6.7948718e-01   3.3333333e-01
   1.2094395e-01   5.0000000e-01   6.7948718e-01   3.3333333e-01
   2.0227560e-01   4.8717949e-01   6.7948718e-01   3.3333333e-01
   2.6243152e-01   4.7435897e-01   6.7948718e-01   1.6666667e-01
   3.0689001e-01   4.7435897e-01   6.6666667e-01   1.6666667e-01
   3.2269279e-01   4.7435897e-01   6.6666667e-01   1.6666667e-01
   3.1321113e-01   4.7435897e-01   6.6666667e-01   1.6666667e-01
   2.9466920e-01   4.7435897e-01   6.6666667e-01   1.6666667e-01
   2.8624105e-01   4.7435897e-01   6.6666667e-01   1.6666667e-01
   2.8603034e-01   4.7435897e-01   6.5384615e-01   1.6666667e-01
   2.9013906e-01   4.7435897e-01   6.5384615e-01   1.6666667e-01
   2.8603034e-01   4.8717949e-01   6.5384615e-01   1.6666667e-01
   2.6885799e-01   4.8717949e-01   6.5384615e-01   1.6666667e-01
   2.4115044e-01   5.0000000e-01   6.5384615e-01   1.6666667e-01
   1.9985251e-01   5.0000000e-01   6.6666667e-01   1.6666667e-01
   1.6498104e-01   5.1282051e-01   6.6666667e-01   1.6666667e-01
   1.3327012e-01   5.2564103e-01   6.6666667e-01   3.3333333e-01
   1.0398230e-01   5.5128205e-01   6.6666667e-01   3.3333333e-01
   7.7644332e-02   6.2820513e-01   6.6666667e-01   1.6666667e-01
   5.4993679e-02   6.4102564e-01   6.7948718e-01   1.6666667e-01
   5.2149178e-02   6.4102564e-01   6.7948718e-01   1.6666667e-01
   4.8040455e-02   6.4102564e-01   6.7948718e-01   1.6666667e-01
   5.1622419e-02   6.4102564e-01   6.7948718e-01   1.6666667e-01
   5.5099031e-02   6.4102564e-01   6.7948718e-01   1.6666667e-01
   5.6995365e-02   6.4102564e-01   6.7948718e-01   1.6666667e-01
   6.0682680e-02   6.4102564e-01   6.7948718e-01   1.6666667e-01
   6.3948588e-02   6.4102564e-01   6.7948718e-01   1.6666667e-01
   6.7951960e-02   6.4102564e-01   6.7948718e-01   1.6666667e-01
   7.0480405e-02   6.2820513e-01   6.7948718e-01   1.6666667e-01
   7.3430257e-02   6.2820513e-01   6.7948718e-01   1.6666667e-01
   7.3324905e-02   6.2820513e-01   6.7948718e-01   1.6666667e-01
   6.8794775e-02   6.2820513e-01   6.7948718e-01   1.6666667e-01
   6.9953645e-02   6.1538462e-01   6.7948718e-01   1.6666667e-01
   7.6274758e-02   6.1538462e-01   6.6666667e-01   1.6666667e-01
   8.1331648e-02   6.0256410e-01   6.6666667e-01   1.6666667e-01
   8.1542351e-02   6.0256410e-01   6.5384615e-01   1.6666667e-01
   7.6274758e-02   5.8974359e-01   6.5384615e-01   1.6666667e-01
   7.5853350e-02   5.8974359e-01   6.4102564e-01   1.6666667e-01
   7.3535609e-02   5.8974359e-01   6.4102564e-01   1.6666667e-01
   6.7635904e-02   5.7692308e-01   6.4102564e-01   1.6666667e-01
   6.0788032e-02   5.7692308e-01   6.2820513e-01   1.6666667e-01
   5.4256216e-02   5.7692308e-01   6.2820513e-01   1.6666667e-01
   4.5617362e-02   5.7692308e-01   6.1538462e-01   1.6666667e-01
   3.8874842e-02   5.7692308e-01   6.0256410e-01   1.6666667e-01
   2.4336283e-02   5.7692308e-01   5.8974359e-01   1.6666667e-01
