   1.7900000e+02
   6.1152061e-02   1.7073171e-01   1.7073171e-01   0.0000000e+00
   7.2618073e-02   1.7073171e-01   1.7073171e-01   1.6666667e-01
   9.1728092e-02   1.7073171e-01   1.9512195e-01   1.6666667e-01
   1.0728911e-01   1.4634146e-01   1.9512195e-01   1.6666667e-01
   1.0728911e-01   1.4634146e-01   1.9512195e-01   1.6666667e-01
   1.0483210e-01   1.4634146e-01   1.9512195e-01   1.6666667e-01
   1.0264810e-01   1.4634146e-01   1.7073171e-01   1.6666667e-01
   9.2001092e-02   1.4634146e-01   1.7073171e-01   1.6666667e-01
   9.3093093e-02   1.4634146e-01   1.7073171e-01   1.6666667e-01
   9.2820093e-02   1.4634146e-01   1.7073171e-01   1.6666667e-01
   8.9544090e-02   1.4634146e-01   1.7073171e-01   1.6666667e-01
   8.8179088e-02   1.4634146e-01   1.7073171e-01   1.6666667e-01
   8.7633088e-02   1.2195122e-01   1.7073171e-01   1.6666667e-01
   9.4731095e-02   1.2195122e-01   1.7073171e-01   1.6666667e-01
   1.3759214e-01   1.2195122e-01   1.7073171e-01   1.6666667e-01
   2.4843025e-01   1.2195122e-01   6.0975610e-01   3.3333333e-01
   4.3243243e-01   1.4634146e-01   6.3414634e-01   3.3333333e-01
   6.9451269e-01   1.4634146e-01   6.3414634e-01   3.3333333e-01
   8.9735190e-01   1.4634146e-01   6.3414634e-01   1.6666667e-01
   9.7652198e-01   1.7073171e-01   6.3414634e-01   1.6666667e-01
   9.3038493e-01   1.7073171e-01   6.3414634e-01   1.6666667e-01
   8.3865684e-01   1.9512195e-01   6.0975610e-01   1.6666667e-01
   7.1061971e-01   2.1951220e-01   5.8536585e-01   1.6666667e-01
   5.8667759e-01   2.4390244e-01   5.6097561e-01   1.6666667e-01
   4.6628447e-01   2.6829268e-01   5.3658537e-01   1.6666667e-01
   3.5517336e-01   2.9268293e-01   5.1219512e-01   1.6666667e-01
   2.6481026e-01   3.4146341e-01   4.8780488e-01   1.6666667e-01
   2.1157521e-01   3.4146341e-01   4.6341463e-01   1.6666667e-01
   1.6161616e-01   3.4146341e-01   4.6341463e-01   1.6666667e-01
   1.3240513e-01   3.4146341e-01   4.3902439e-01   1.6666667e-01
   1.3022113e-01   3.1707317e-01   3.9024390e-01   1.6666667e-01
   1.0101010e-01   3.1707317e-01   3.6585366e-01   1.6666667e-01
   8.6541087e-02   3.1707317e-01   3.6585366e-01   1.6666667e-01
   9.5550096e-02   2.9268293e-01   3.4146341e-01   1.6666667e-01
   8.7087087e-02   2.9268293e-01   3.4146341e-01   1.6666667e-01
   8.3265083e-02   2.9268293e-01   3.1707317e-01   1.6666667e-01
   1.0128310e-01   2.6829268e-01   3.1707317e-01   1.6666667e-01
   1.0674311e-01   2.6829268e-01   3.1707317e-01   1.6666667e-01
   1.1056511e-01   2.6829268e-01   3.1707317e-01   1.6666667e-01
   1.1739012e-01   2.6829268e-01   3.1707317e-01   1.6666667e-01
   1.5861316e-01   2.6829268e-01   3.1707317e-01   1.6666667e-01
   2.7245427e-01   2.6829268e-01   6.0975610e-01   3.3333333e-01
   4.4744745e-01   2.6829268e-01   6.3414634e-01   3.3333333e-01
   6.6339066e-01   2.6829268e-01   6.3414634e-01   1.6666667e-01
   7.7586678e-01   2.6829268e-01   6.5853659e-01   1.6666667e-01
   7.9907180e-01   2.9268293e-01   6.5853659e-01   1.6666667e-01
   7.4774775e-01   2.9268293e-01   6.5853659e-01   1.6666667e-01
   6.9041769e-01   3.1707317e-01   6.3414634e-01   1.6666667e-01
   6.2298662e-01   3.4146341e-01   6.3414634e-01   1.6666667e-01
   5.4654655e-01   3.6585366e-01   6.3414634e-01   1.6666667e-01
   4.6983347e-01   3.6585366e-01   6.0975610e-01   1.6666667e-01
   3.7319137e-01   3.9024390e-01   5.8536585e-01   1.6666667e-01
   2.9647830e-01   3.9024390e-01   5.6097561e-01   1.6666667e-01
   2.3914824e-01   3.9024390e-01   5.6097561e-01   1.6666667e-01
   1.8482118e-01   3.9024390e-01   5.1219512e-01   1.6666667e-01
   1.3404313e-01   4.1463415e-01   4.8780488e-01   1.6666667e-01
   9.6915097e-02   4.0487805e-01   4.6341463e-01   0.0000000e+00
   7.1799072e-02   3.9512195e-01   4.3902439e-01   0.0000000e+00
   4.2315042e-02   3.8536585e-01   4.1463415e-01   0.0000000e+00
   5.3781054e-02   3.7560976e-01   3.9024390e-01   0.0000000e+00
   6.0060060e-02   3.6585366e-01   3.6585366e-01   1.6666667e-01
   1.1466011e-01   3.6585366e-01   3.9024390e-01   1.6666667e-01
   2.2850123e-01   3.6585366e-01   5.1219512e-01   1.6666667e-01
   3.6582037e-01   3.6585366e-01   5.6097561e-01   1.6666667e-01
   4.5509146e-01   3.6585366e-01   5.8536585e-01   1.6666667e-01
   4.4580945e-01   3.6585366e-01   6.0975610e-01   1.6666667e-01
   4.0813541e-01   3.9024390e-01   6.0975610e-01   1.6666667e-01
   3.5844936e-01   3.9024390e-01   6.3414634e-01   1.6666667e-01
   3.1122031e-01   4.1463415e-01   6.3414634e-01   1.6666667e-01
   2.4460824e-01   4.6341463e-01   6.5853659e-01   1.6666667e-01
   1.7226317e-01   5.6097561e-01   6.5853659e-01   1.6666667e-01
   1.2858313e-01   6.0975610e-01   6.5853659e-01   1.6666667e-01
   8.6268086e-02   6.3414634e-01   6.5853659e-01   1.6666667e-01
   6.7704068e-02   6.3414634e-01   6.5853659e-01   1.6666667e-01
   5.7876058e-02   6.5853659e-01   6.5853659e-01   1.6666667e-01
   4.8048048e-02   6.3685637e-01   6.4769648e-01   0.0000000e+00
   3.0576031e-02   6.1517615e-01   6.3685637e-01   0.0000000e+00
   1.0101010e-02   5.9349593e-01   6.2601626e-01   0.0000000e+00
   9.2820093e-03   5.7181572e-01   6.1517615e-01   0.0000000e+00
   0.0000000e+00   5.5013550e-01   6.0433604e-01   0.0000000e+00
   5.4600055e-04   5.2845528e-01   5.9349593e-01   0.0000000e+00
   1.0920011e-03   5.0677507e-01   5.8265583e-01   0.0000000e+00
   2.1567022e-02   4.8509485e-01   5.7181572e-01   0.0000000e+00
   1.5260715e-01   4.6341463e-01   5.6097561e-01   1.6666667e-01
   2.9320229e-01   4.3902439e-01   5.8536585e-01   1.6666667e-01
   4.1741742e-01   4.3902439e-01   6.0975610e-01   1.6666667e-01
   4.8375648e-01   4.1463415e-01   6.3414634e-01   1.6666667e-01
   5.1405951e-01   4.1463415e-01   6.3414634e-01   1.6666667e-01
   5.1569752e-01   4.1463415e-01   6.3414634e-01   1.6666667e-01
   4.6328146e-01   4.1463415e-01   6.5853659e-01   1.6666667e-01
   3.9339339e-01   4.3902439e-01   6.5853659e-01   1.6666667e-01
   3.3169533e-01   4.3902439e-01   6.5853659e-01   1.6666667e-01
   2.6972427e-01   4.6341463e-01   6.5853659e-01   1.6666667e-01
   1.9246519e-01   4.8780488e-01   6.8292683e-01   3.3333333e-01
   1.3540814e-01   6.3414634e-01   6.8292683e-01   1.6666667e-01
   9.3639094e-02   6.5853659e-01   6.8292683e-01   1.6666667e-01
   6.4701065e-02   6.5853659e-01   6.8292683e-01   1.6666667e-01
   6.1971062e-02   6.5853659e-01   6.5853659e-01   1.6666667e-01
   4.8048048e-02   6.5853659e-01   6.5853659e-01   1.6666667e-01
   4.3953044e-02   6.5853659e-01   6.5853659e-01   1.6666667e-01
   4.2588043e-02   6.5853659e-01   6.5853659e-01   0.0000000e+00
   4.4499044e-02   6.5853659e-01   6.5853659e-01   0.0000000e+00
   5.5965056e-02   6.5853659e-01   6.5853659e-01   1.6666667e-01
   6.1698062e-02   6.5853659e-01   6.5853659e-01   1.6666667e-01
   7.6440076e-02   6.0975610e-01   6.3414634e-01   1.6666667e-01
   7.3164073e-02   6.0975610e-01   6.3414634e-01   1.6666667e-01
   7.8624079e-02   6.0975610e-01   6.3414634e-01   1.6666667e-01
   9.3639094e-02   5.8536585e-01   6.3414634e-01   1.6666667e-01
   1.0756211e-01   5.6097561e-01   6.3414634e-01   1.6666667e-01
   1.4086814e-01   5.6097561e-01   6.3414634e-01   1.6666667e-01
   1.9191919e-01   5.3658537e-01   6.0975610e-01   1.6666667e-01
   3.5735736e-01   4.1463415e-01   6.3414634e-01   1.6666667e-01
   5.8012558e-01   2.4390244e-01   6.3414634e-01   3.3333333e-01
   7.4337974e-01   2.1951220e-01   6.3414634e-01   1.6666667e-01
   7.9797980e-01   1.9512195e-01   6.0975610e-01   1.6666667e-01
   8.5722086e-01   1.4634146e-01   6.0975610e-01   1.6666667e-01
   9.2929293e-01   4.8780488e-02   6.0975610e-01   1.6666667e-01
   9.6696697e-01   2.4390244e-02   6.0975610e-01   1.6666667e-01
   9.2983893e-01   2.4390244e-02   6.3414634e-01   1.6666667e-01
   8.8260988e-01   2.4390244e-02   6.3414634e-01   3.3333333e-01
   8.6213486e-01   2.4390244e-02   6.3414634e-01   3.3333333e-01
   8.3783784e-01   2.4390244e-02   6.5853659e-01   3.3333333e-01
   8.5995086e-01   2.4390244e-02   6.5853659e-01   5.0000000e-01
   9.0472290e-01   2.4390244e-02   6.5853659e-01   5.0000000e-01
   9.7570298e-01   2.4390244e-02   6.5853659e-01   3.3333333e-01
   1.0000000e+00   4.8780488e-02   6.5853659e-01   3.3333333e-01
   9.3939394e-01   4.8780488e-02   6.5853659e-01   3.3333333e-01
   8.6431886e-01   7.3170732e-02   6.5853659e-01   3.3333333e-01
   7.5266175e-01   7.3170732e-02   6.5853659e-01   3.3333333e-01
   6.2626263e-01   9.7560976e-02   6.8292683e-01   3.3333333e-01
   5.0859951e-01   1.2195122e-01   6.8292683e-01   3.3333333e-01
   4.1741742e-01   1.4634146e-01   6.8292683e-01   3.3333333e-01
   3.2678133e-01   1.7073171e-01   6.8292683e-01   3.3333333e-01
   2.3641824e-01   2.4390244e-01   6.8292683e-01   3.3333333e-01
   2.0365820e-01   5.6097561e-01   6.5853659e-01   1.6666667e-01
   2.3368823e-01   5.3658537e-01   6.5853659e-01   1.6666667e-01
   3.1722632e-01   4.8780488e-01   6.3414634e-01   1.6666667e-01
   3.9175539e-01   4.6341463e-01   6.3414634e-01   1.6666667e-01
   4.5154245e-01   4.6341463e-01   6.5853659e-01   1.6666667e-01
   4.7201747e-01   4.6341463e-01   6.5853659e-01   1.6666667e-01
   4.4034944e-01   4.6341463e-01   6.8292683e-01   1.6666667e-01
   3.8984439e-01   4.6341463e-01   6.8292683e-01   1.6666667e-01
   3.4643735e-01   4.8780488e-01   7.0731707e-01   1.6666667e-01
   2.9320229e-01   4.8780488e-01   7.0731707e-01   1.6666667e-01
   2.4788425e-01   5.1219512e-01   7.3170732e-01   3.3333333e-01
   2.2686323e-01   7.3170732e-02   7.3170732e-01   3.3333333e-01
   2.2631723e-01   4.8780488e-02   7.3170732e-01   3.3333333e-01
   2.3614524e-01   4.8780488e-02   7.5609756e-01   3.3333333e-01
   2.3286923e-01   4.8780488e-02   7.5609756e-01   3.3333333e-01
   2.3423423e-01   7.3170732e-02   7.5609756e-01   3.3333333e-01
   2.0993721e-01   7.3170732e-02   7.5609756e-01   3.3333333e-01
   1.8891619e-01   9.7560976e-02   7.5609756e-01   3.3333333e-01
   1.6052416e-01   1.2195122e-01   7.5609756e-01   3.3333333e-01
   1.1438711e-01   7.0731707e-01   7.5609756e-01   1.6666667e-01
   7.0707071e-02   7.0731707e-01   7.3170732e-01   1.6666667e-01
   5.1870052e-02   7.3170732e-01   7.3170732e-01   1.6666667e-01
   3.8766039e-02   7.2804878e-01   7.2926829e-01   0.0000000e+00
   7.3710074e-03   7.2439024e-01   7.2682927e-01   0.0000000e+00
   1.0374010e-02   7.2073171e-01   7.2439024e-01   0.0000000e+00
   1.1466011e-02   7.1707317e-01   7.2195122e-01   0.0000000e+00
   1.2558013e-02   7.1341463e-01   7.1951220e-01   0.0000000e+00
   1.3650014e-02   7.0975610e-01   7.1707317e-01   0.0000000e+00
   1.4742015e-02   7.0609756e-01   7.1463415e-01   0.0000000e+00
   1.5834016e-02   7.0243902e-01   7.1219512e-01   0.0000000e+00
   1.6926017e-02   6.9878049e-01   7.0975610e-01   0.0000000e+00
   1.8018018e-02   6.9512195e-01   7.0731707e-01   0.0000000e+00
   1.9110019e-02   6.9146341e-01   7.0487805e-01   0.0000000e+00
   2.0202020e-02   6.8780488e-01   7.0243902e-01   0.0000000e+00
   2.1294021e-02   6.8414634e-01   7.0000000e-01   0.0000000e+00
   2.2386022e-02   6.8048780e-01   6.9756098e-01   0.0000000e+00
   2.3478023e-02   6.7682927e-01   6.9512195e-01   0.0000000e+00
   2.5662026e-02   6.7317073e-01   6.9268293e-01   0.0000000e+00
   3.7674038e-02   6.6951220e-01   6.9024390e-01   0.0000000e+00
   5.0778051e-02   6.6585366e-01   6.8780488e-01   0.0000000e+00
   5.8149058e-02   6.6219512e-01   6.8536585e-01   0.0000000e+00
   6.7431067e-02   6.5853659e-01   6.8292683e-01   1.6666667e-01
   8.2719083e-02   6.5853659e-01   6.8292683e-01   1.6666667e-01
   6.7158067e-02   6.8292683e-01   6.8292683e-01   1.6666667e-01
   4.6410046e-02   6.8292683e-01   6.8292683e-01   0.0000000e+00
