   1.7100000e+02
   1.0878505e-01   5.4666667e-01   5.8666667e-01   1.6666667e-01
   2.2224299e-01   5.3333333e-01   6.1333333e-01   1.6666667e-01
   3.1383178e-01   5.3333333e-01   6.2666667e-01   1.6666667e-01
   3.7028037e-01   5.2000000e-01   6.4000000e-01   1.6666667e-01
   4.1794393e-01   5.0666667e-01   6.4000000e-01   1.6666667e-01
   4.6205607e-01   4.9333333e-01   6.5333333e-01   1.6666667e-01
   4.7383178e-01   4.9333333e-01   6.5333333e-01   1.6666667e-01
   4.7009346e-01   4.8000000e-01   6.6666667e-01   1.6666667e-01
   4.4766355e-01   4.8000000e-01   6.6666667e-01   1.6666667e-01
   4.2616822e-01   4.8000000e-01   6.6666667e-01   3.3333333e-01
   3.9420561e-01   4.6666667e-01   6.8000000e-01   3.3333333e-01
   3.8373832e-01   4.6666667e-01   6.8000000e-01   3.3333333e-01
   3.4448598e-01   4.6666667e-01   6.8000000e-01   3.3333333e-01
   3.2411215e-01   4.6666667e-01   6.8000000e-01   3.3333333e-01
   3.1551402e-01   4.6666667e-01   6.8000000e-01   3.3333333e-01
   3.3383178e-01   4.6666667e-01   6.8000000e-01   3.3333333e-01
   4.2056075e-01   4.8000000e-01   6.8000000e-01   1.6666667e-01
   4.8336449e-01   4.8000000e-01   6.6666667e-01   1.6666667e-01
   5.0000000e-01   4.8000000e-01   6.6666667e-01   1.6666667e-01
   4.8093458e-01   4.9333333e-01   6.5333333e-01   1.6666667e-01
   4.3271028e-01   4.9333333e-01   6.5333333e-01   1.6666667e-01
   3.6448598e-01   5.0666667e-01   6.4000000e-01   1.6666667e-01
   3.0579439e-01   5.2000000e-01   6.4000000e-01   1.6666667e-01
   2.5158879e-01   5.3333333e-01   6.2666667e-01   1.6666667e-01
   2.0149533e-01   5.4666667e-01   6.1333333e-01   1.6666667e-01
   1.5327103e-01   5.6000000e-01   6.1333333e-01   1.6666667e-01
   1.2429907e-01   5.6000000e-01   6.0000000e-01   1.6666667e-01
   1.0560748e-01   5.6000000e-01   6.0000000e-01   1.6666667e-01
   9.1214953e-02   5.7333333e-01   6.0000000e-01   1.6666667e-01
   8.0373832e-02   5.7333333e-01   6.0000000e-01   1.6666667e-01
   7.1588785e-02   5.7333333e-01   6.0000000e-01   1.6666667e-01
   5.9439252e-02   5.7333333e-01   6.0000000e-01   1.6666667e-01
   5.5514019e-02   5.7333333e-01   5.8666667e-01   1.6666667e-01
   5.1214953e-02   5.6000000e-01   5.8666667e-01   1.6666667e-01
   4.1869159e-02   5.6000000e-01   5.8666667e-01   1.6666667e-01
   4.5607477e-02   5.6000000e-01   5.8666667e-01   1.6666667e-01
   3.8691589e-02   5.4933333e-01   5.7333333e-01   0.0000000e+00
   2.7663551e-02   5.3866667e-01   5.6000000e-01   0.0000000e+00
   2.7289720e-02   5.2800000e-01   5.4666667e-01   0.0000000e+00
   3.5514019e-02   5.1733333e-01   5.3333333e-01   0.0000000e+00
   5.4953271e-02   5.0666667e-01   5.2000000e-01   1.6666667e-01
   8.7850467e-02   4.9333333e-01   5.3333333e-01   1.6666667e-01
   1.1719626e-01   4.9333333e-01   5.3333333e-01   1.6666667e-01
   1.6112150e-01   4.9333333e-01   5.4666667e-01   1.6666667e-01
   2.9532710e-01   4.9333333e-01   6.5333333e-01   1.6666667e-01
   4.4542056e-01   4.9333333e-01   6.6666667e-01   1.6666667e-01
   5.1757009e-01   5.0666667e-01   6.6666667e-01   1.6666667e-01
   5.1327103e-01   5.0666667e-01   6.8000000e-01   1.6666667e-01
   4.9887850e-01   5.2000000e-01   6.8000000e-01   1.6666667e-01
   4.6710280e-01   5.2000000e-01   6.8000000e-01   1.6666667e-01
   4.3607477e-01   5.3333333e-01   6.8000000e-01   1.6666667e-01
   4.0766355e-01   5.4666667e-01   6.9333333e-01   1.6666667e-01
   3.7551402e-01   5.4666667e-01   6.8000000e-01   1.6666667e-01
   3.4691589e-01   5.4666667e-01   6.8000000e-01   1.6666667e-01
   3.0429907e-01   5.4666667e-01   6.6666667e-01   1.6666667e-01
   2.4448598e-01   5.4666667e-01   6.5333333e-01   1.6666667e-01
   1.9214953e-01   5.4666667e-01   6.4000000e-01   1.6666667e-01
   1.4504673e-01   5.4666667e-01   6.1333333e-01   1.6666667e-01
   9.7570093e-02   5.3333333e-01   6.0000000e-01   1.6666667e-01
   6.5420561e-02   5.3333333e-01   5.6000000e-01   1.6666667e-01
   4.7476636e-02   5.2000000e-01   5.4666667e-01   1.6666667e-01
   7.3457944e-02   5.2000000e-01   5.4666667e-01   1.6666667e-01
   9.7383178e-02   5.0666667e-01   5.4666667e-01   1.6666667e-01
   1.3028037e-01   5.0666667e-01   5.6000000e-01   1.6666667e-01
   1.6168224e-01   5.2000000e-01   5.7333333e-01   1.6666667e-01
   2.1514019e-01   5.2000000e-01   6.0000000e-01   1.6666667e-01
   2.6485981e-01   5.2000000e-01   6.2666667e-01   1.6666667e-01
   2.7345794e-01   5.3333333e-01   6.2666667e-01   1.6666667e-01
   2.5570093e-01   5.3333333e-01   6.4000000e-01   1.6666667e-01
   2.3140187e-01   5.4666667e-01   6.4000000e-01   1.6666667e-01
   1.9757009e-01   5.6000000e-01   6.5333333e-01   1.6666667e-01
   1.4841121e-01   6.0000000e-01   6.5333333e-01   1.6666667e-01
   9.8130841e-02   6.2666667e-01   6.5333333e-01   1.6666667e-01
   7.9626168e-02   6.2666667e-01   6.6666667e-01   1.6666667e-01
   7.1214953e-02   6.4000000e-01   6.6666667e-01   1.6666667e-01
   5.7570093e-02   6.4000000e-01   6.6666667e-01   1.6666667e-01
   5.4579439e-02   6.4000000e-01   6.6666667e-01   1.6666667e-01
   5.1214953e-02   6.4000000e-01   6.6666667e-01   1.6666667e-01
   4.8971963e-02   6.4000000e-01   6.6666667e-01   1.6666667e-01
   4.8411215e-02   6.4000000e-01   6.6666667e-01   1.6666667e-01
   4.8037383e-02   6.4000000e-01   6.6666667e-01   1.6666667e-01
   4.3364486e-02   6.5333333e-01   6.6666667e-01   1.6666667e-01
   3.5140187e-02   6.5333333e-01   6.6666667e-01   1.6666667e-01
   2.4672897e-02   6.4666667e-01   6.6000000e-01   0.0000000e+00
   9.3457944e-03   6.4000000e-01   6.5333333e-01   0.0000000e+00
   2.1495327e-02   6.3333333e-01   6.4666667e-01   0.0000000e+00
   2.3551402e-02   6.2666667e-01   6.4000000e-01   1.6666667e-01
   2.2242991e-02   6.4000000e-01   6.4000000e-01   1.6666667e-01
   1.7196262e-02   5.4666667e-01   5.6000000e-01   0.0000000e+00
   4.2429907e-02   4.5333333e-01   4.8000000e-01   1.6666667e-01
   2.3177570e-01   3.7333333e-01   4.9333333e-01   1.6666667e-01
   4.9327103e-01   3.6000000e-01   5.8666667e-01   1.6666667e-01
   6.5850467e-01   3.4666667e-01   5.8666667e-01   1.6666667e-01
   6.9570093e-01   3.4666667e-01   6.0000000e-01   1.6666667e-01
   6.7943925e-01   3.4666667e-01   6.1333333e-01   1.6666667e-01
   6.5439252e-01   3.6000000e-01   6.2666667e-01   1.6666667e-01
   5.9121495e-01   3.8666667e-01   6.2666667e-01   1.6666667e-01
   4.9233645e-01   4.1333333e-01   6.4000000e-01   1.6666667e-01
   3.9420561e-01   4.9333333e-01   6.5333333e-01   1.6666667e-01
   3.1700935e-01   5.2000000e-01   6.5333333e-01   1.6666667e-01
   2.5887850e-01   5.3333333e-01   6.5333333e-01   3.3333333e-01
   1.8280374e-01   6.1333333e-01   6.6666667e-01   1.6666667e-01
   1.5906542e-01   4.5333333e-01   6.6666667e-01   3.3333333e-01
   1.3626168e-01   4.4000000e-01   6.6666667e-01   3.3333333e-01
   1.6654206e-01   4.5333333e-01   6.8000000e-01   3.3333333e-01
   1.3196262e-01   3.7333333e-01   6.8000000e-01   3.3333333e-01
   9.8317757e-02   3.7333333e-01   6.8000000e-01   3.3333333e-01
   7.3457944e-02   6.6666667e-01   6.8000000e-01   1.6666667e-01
   5.5514019e-02   6.6666667e-01   6.8000000e-01   1.6666667e-01
   4.6355140e-02   6.6666667e-01   6.8000000e-01   1.6666667e-01
   4.1495327e-02   6.8000000e-01   6.8000000e-01   1.6666667e-01
   3.5514019e-02   6.5866667e-01   6.5866667e-01   0.0000000e+00
   1.8504673e-02   6.3733333e-01   6.3733333e-01   0.0000000e+00
   1.6448598e-02   6.1600000e-01   6.1600000e-01   0.0000000e+00
   1.7943925e-02   5.9466667e-01   5.9466667e-01   0.0000000e+00
   3.1401869e-02   5.7333333e-01   5.7333333e-01   1.6666667e-01
   3.2336449e-02   5.7333333e-01   5.8666667e-01   1.6666667e-01
   3.1588785e-02   5.6000000e-01   7.0222222e-01   0.0000000e+00
   5.7196262e-02   5.4666667e-01   8.1777778e-01   0.0000000e+00
   1.1738318e-01   5.3333333e-01   9.3333333e-01   3.3333333e-01
   2.1906542e-01   5.2000000e-01   9.3333333e-01   3.3333333e-01
   2.8654206e-01   5.2000000e-01   9.2000000e-01   3.3333333e-01
   3.1682243e-01   5.2000000e-01   9.2000000e-01   5.0000000e-01
   3.2355140e-01   5.3333333e-01   8.8000000e-01   3.3333333e-01
   3.0000000e-01   5.3333333e-01   8.8000000e-01   3.3333333e-01
   2.5289720e-01   5.4666667e-01   8.8000000e-01   3.3333333e-01
   1.9925234e-01   6.0000000e-01   6.6666667e-01   1.6666667e-01
   1.5962617e-01   6.1333333e-01   6.6666667e-01   1.6666667e-01
   1.5775701e-01   6.2666667e-01   8.1333333e-01   3.3333333e-01
   1.5383178e-01   6.4000000e-01   8.1333333e-01   3.3333333e-01
   1.6598131e-01   6.4000000e-01   8.1333333e-01   3.3333333e-01
   2.3943925e-01   6.4000000e-01   8.1333333e-01   3.3333333e-01
   4.0429907e-01   6.4000000e-01   1.0000000e+00   5.0000000e-01
   6.6336449e-01   6.4000000e-01   1.0000000e+00   3.3333333e-01
   9.0037383e-01   6.1333333e-01   1.0000000e+00   1.6666667e-01
   1.0000000e+00   6.0000000e-01   1.0000000e+00   1.6666667e-01
   9.9476636e-01   5.7333333e-01   1.0000000e+00   1.6666667e-01
   9.5570093e-01   5.3333333e-01   1.0000000e+00   1.6666667e-01
   8.6990654e-01   5.3333333e-01   1.0000000e+00   1.6666667e-01
   7.0317757e-01   5.2000000e-01   9.7333333e-01   5.0000000e-01
   4.7289720e-01   5.2000000e-01   7.6000000e-01   3.3333333e-01
   2.6672897e-01   5.2000000e-01   6.5333333e-01   1.6666667e-01
   1.8523364e-01   5.3333333e-01   6.1333333e-01   1.6666667e-01
   1.1719626e-01   5.3333333e-01   6.0000000e-01   1.6666667e-01
   7.2710280e-02   5.4666667e-01   5.8666667e-01   1.6666667e-01
   3.1214953e-02   5.5111111e-01   5.8984127e-01   0.0000000e+00
   0.0000000e+00   5.5555556e-01   5.9301587e-01   0.0000000e+00
   2.6168224e-03   5.6000000e-01   5.9619048e-01   0.0000000e+00
   3.3644860e-03   5.6444444e-01   5.9936508e-01   0.0000000e+00
   4.1121495e-03   5.6888889e-01   6.0253968e-01   0.0000000e+00
   4.8598131e-03   5.7333333e-01   6.0571429e-01   0.0000000e+00
   5.6074766e-03   5.7777778e-01   6.0888889e-01   0.0000000e+00
   6.3551402e-03   5.8222222e-01   6.1206349e-01   0.0000000e+00
   7.1028037e-03   5.8666667e-01   6.1523810e-01   0.0000000e+00
   7.8504673e-03   5.9111111e-01   6.1841270e-01   0.0000000e+00
   8.5981308e-03   5.9555556e-01   6.2158730e-01   0.0000000e+00
   9.3457944e-03   6.0000000e-01   6.2476190e-01   0.0000000e+00
   1.0093458e-02   6.0444444e-01   6.2793651e-01   0.0000000e+00
   1.0841121e-02   6.0888889e-01   6.3111111e-01   0.0000000e+00
   1.1588785e-02   6.1333333e-01   6.3428571e-01   0.0000000e+00
   1.2336449e-02   6.1777778e-01   6.3746032e-01   0.0000000e+00
   1.3084112e-02   6.2222222e-01   6.4063492e-01   0.0000000e+00
   1.3831776e-02   6.2666667e-01   6.4380952e-01   0.0000000e+00
   1.4205607e-02   6.3111111e-01   6.4698413e-01   0.0000000e+00
   1.7757009e-02   6.3555556e-01   6.5015873e-01   0.0000000e+00
   4.6355140e-02   6.4000000e-01   6.5333333e-01   1.6666667e-01
   9.4018692e-02   6.4000000e-01   6.6666667e-01   1.6666667e-01
   9.8130841e-02   6.5333333e-01   6.8000000e-01   1.6666667e-01
   8.4485981e-02   6.6666667e-01   6.8000000e-01   1.6666667e-01
   6.3738318e-02   6.8000000e-01   6.9333333e-01   1.6666667e-01
   3.6822430e-02   6.9333333e-01   6.9333333e-01   1.6666667e-01
