   1.6500000e+02
   1.8295870e-02   5.2542373e-01   5.9322034e-01   0.0000000e+00
   8.2070047e-02   5.2542373e-01   5.9322034e-01   1.6666667e-01
   1.7263461e-01   4.9152542e-01   6.1016949e-01   1.6666667e-01
   2.6672765e-01   4.5762712e-01   6.2711864e-01   1.6666667e-01
   3.4004182e-01   4.2372881e-01   6.4406780e-01   1.6666667e-01
   3.7454260e-01   4.0677966e-01   6.6101695e-01   1.6666667e-01
   3.8656560e-01   4.0677966e-01   6.6101695e-01   1.6666667e-01
   3.8277574e-01   3.8983051e-01   6.7796610e-01   1.6666667e-01
   3.5872974e-01   3.8983051e-01   6.7796610e-01   1.6666667e-01
   3.2710403e-01   3.8983051e-01   6.7796610e-01   3.3333333e-01
   2.8489284e-01   3.8983051e-01   6.7796610e-01   3.3333333e-01
   2.2843701e-01   3.8983051e-01   6.9491525e-01   3.3333333e-01
   1.8844746e-01   3.8983051e-01   6.9491525e-01   3.3333333e-01
   1.5577627e-01   4.0677966e-01   6.9491525e-01   3.3333333e-01
   1.5381600e-01   4.0677966e-01   6.7796610e-01   3.3333333e-01
   1.4989545e-01   4.2372881e-01   6.7796610e-01   5.0000000e-01
   1.4048615e-01   4.2372881e-01   5.9322034e-01   3.3333333e-01
   1.1813905e-01   4.2372881e-01   5.7627119e-01   3.3333333e-01
   1.0480920e-01   4.2372881e-01   5.2542373e-01   1.6666667e-01
   7.8149503e-02   4.4067797e-01   5.0847458e-01   1.6666667e-01
   5.2796654e-02   4.4067797e-01   4.7457627e-01   1.6666667e-01
   3.3063251e-02   4.4067797e-01   4.5762712e-01   1.6666667e-01
   1.9472033e-02   4.4067797e-01   4.5762712e-01   1.6666667e-01
   1.9733403e-02   4.2526965e-01   4.6687211e-01   0.0000000e+00
   1.9733403e-02   4.0986133e-01   4.7611710e-01   0.0000000e+00
   1.9864088e-02   3.9445300e-01   4.8536210e-01   0.0000000e+00
   2.0256142e-02   3.7904468e-01   4.9460709e-01   0.0000000e+00
   1.1761631e-02   3.6363636e-01   5.0385208e-01   0.0000000e+00
   9.1479352e-03   3.4822804e-01   5.1309707e-01   0.0000000e+00
   3.1364349e-03   3.3281972e-01   5.2234206e-01   0.0000000e+00
   3.7898589e-03   3.1741140e-01   5.3158706e-01   0.0000000e+00
   1.5682175e-02   3.0200308e-01   5.4083205e-01   0.0000000e+00
   2.6921066e-02   2.8659476e-01   5.5007704e-01   0.0000000e+00
   1.1892316e-01   2.7118644e-01   5.5932203e-01   5.0000000e-01
   2.7051751e-01   2.7118644e-01   5.9322034e-01   5.0000000e-01
   4.3165186e-01   2.5423729e-01   6.1016949e-01   3.3333333e-01
   5.3593832e-01   2.5423729e-01   6.2711864e-01   1.6666667e-01
   5.8612128e-01   2.7118644e-01   6.4406780e-01   1.6666667e-01
   6.0219550e-01   2.7118644e-01   6.4406780e-01   1.6666667e-01
   6.0023523e-01   2.5423729e-01   6.6101695e-01   1.6666667e-01
   5.8010978e-01   2.3728814e-01   6.6101695e-01   1.6666667e-01
   5.4665447e-01   2.2033898e-01   6.6101695e-01   1.6666667e-01
   4.9215891e-01   2.0338983e-01   6.7796610e-01   1.6666667e-01
   4.2263461e-01   2.0338983e-01   6.7796610e-01   3.3333333e-01
   3.3220073e-01   2.0338983e-01   6.7796610e-01   3.3333333e-01
   2.3732358e-01   2.0338983e-01   6.7796610e-01   3.3333333e-01
   1.6871406e-01   2.2033898e-01   6.7796610e-01   3.3333333e-01
   1.1630946e-01   2.3728814e-01   6.7796610e-01   3.3333333e-01
   8.4553058e-02   2.5423729e-01   6.6101695e-01   3.3333333e-01
   5.9330894e-02   2.5423729e-01   6.4406780e-01   3.3333333e-01
   4.9398850e-02   2.5423729e-01   2.7118644e-01   1.6666667e-01
   4.9529535e-02   2.5423729e-01   2.7118644e-01   1.6666667e-01
   4.8876111e-02   2.7118644e-01   6.1016949e-01   3.3333333e-01
   4.0381600e-02   5.9322034e-01   6.1016949e-01   1.6666667e-01
   2.4699425e-02   5.7869249e-01   5.9443099e-01   0.0000000e+00
   1.0585468e-02   5.6416465e-01   5.7869249e-01   0.0000000e+00
   8.7558808e-03   5.4963680e-01   5.6295400e-01   0.0000000e+00
   0.0000000e+00   5.3510896e-01   5.4721550e-01   0.0000000e+00
   1.4375327e-03   5.2058111e-01   5.3147700e-01   0.0000000e+00
   1.1108207e-02   5.0605327e-01   5.1573850e-01   0.0000000e+00
   1.1630946e-02   4.9152542e-01   5.0000000e-01   0.0000000e+00
   1.6858338e-02   4.7699758e-01   4.8426150e-01   0.0000000e+00
   1.3721903e-02   4.6246973e-01   4.6852300e-01   0.0000000e+00
   8.7558808e-03   4.4794189e-01   4.5278450e-01   0.0000000e+00
   1.2023001e-02   4.3341404e-01   4.3704600e-01   0.0000000e+00
   8.2331417e-03   4.1888620e-01   4.2130751e-01   0.0000000e+00
   1.9341349e-02   4.0435835e-01   4.0556901e-01   0.0000000e+00
   3.8682697e-02   3.8983051e-01   3.8983051e-01   1.6666667e-01
   6.6779927e-02   3.7288136e-01   4.2372881e-01   1.6666667e-01
   1.5629901e-01   3.3898305e-01   4.4067797e-01   1.6666667e-01
   3.6160481e-01   2.8813559e-01   6.7796610e-01   3.3333333e-01
   6.3761108e-01   2.0338983e-01   6.9491525e-01   1.6666667e-01
   9.0146367e-01   1.6949153e-02   6.9491525e-01   3.3333333e-01
   1.0000000e+00   0.0000000e+00   7.1186441e-01   1.6666667e-01
   9.9934658e-01   0.0000000e+00   7.1186441e-01   1.6666667e-01
   9.4772608e-01   0.0000000e+00   7.1186441e-01   1.6666667e-01
   8.5062729e-01   1.6949153e-02   7.1186441e-01   1.6666667e-01
   7.1288552e-01   3.3898305e-02   6.9491525e-01   1.6666667e-01
   5.7553581e-01   1.6949153e-01   6.7796610e-01   1.6666667e-01
   4.2446419e-01   2.3728814e-01   6.4406780e-01   1.6666667e-01
   3.2004705e-01   2.5423729e-01   6.2711864e-01   3.3333333e-01
   2.3314166e-01   4.5762712e-01   6.1016949e-01   1.6666667e-01
   1.8086775e-01   2.0338983e-01   5.9322034e-01   3.3333333e-01
   1.6623105e-01   2.0338983e-01   5.5932203e-01   3.3333333e-01
   1.5590695e-01   4.4067797e-01   5.4237288e-01   1.6666667e-01
   1.4492943e-01   4.4067797e-01   5.2542373e-01   1.6666667e-01
   1.6191845e-01   4.4067797e-01   5.4237288e-01   1.6666667e-01
   2.0386827e-01   4.4067797e-01   5.7627119e-01   1.6666667e-01
   2.4046001e-01   4.4067797e-01   5.9322034e-01   1.6666667e-01
   2.6306848e-01   4.5762712e-01   6.1016949e-01   1.6666667e-01
   2.7025614e-01   4.5762712e-01   6.2711864e-01   1.6666667e-01
   2.6986409e-01   4.7457627e-01   6.4406780e-01   1.6666667e-01
   2.5993204e-01   4.7457627e-01   6.4406780e-01   1.6666667e-01
   2.3235755e-01   4.9152542e-01   6.6101695e-01   1.6666667e-01
   1.9994773e-01   5.0847458e-01   6.6101695e-01   1.6666667e-01
   1.6414009e-01   5.2542373e-01   6.7796610e-01   1.6666667e-01
   1.2911657e-01   5.5932203e-01   6.7796610e-01   1.6666667e-01
   9.5530580e-02   6.1016949e-01   6.7796610e-01   1.6666667e-01
   7.3314166e-02   6.2711864e-01   6.7796610e-01   1.6666667e-01
   5.8938840e-02   6.4406780e-01   6.9491525e-01   1.6666667e-01
   4.9268165e-02   6.4406780e-01   6.9491525e-01   1.6666667e-01
   4.5608991e-02   6.6101695e-01   6.9491525e-01   1.6666667e-01
   4.4040774e-02   6.6101695e-01   6.9491525e-01   1.6666667e-01
   4.3125980e-02   6.6101695e-01   6.9491525e-01   1.6666667e-01
   4.0904339e-02   6.6101695e-01   6.9491525e-01   1.6666667e-01
   3.7637219e-02   6.6101695e-01   6.9491525e-01   1.6666667e-01
   3.3193936e-02   6.6101695e-01   6.7796610e-01   1.6666667e-01
   2.8881338e-02   6.6101695e-01   6.7796610e-01   1.6666667e-01
   2.2477784e-02   6.6101695e-01   6.6101695e-01   1.6666667e-01
   4.7699948e-02   5.0847458e-01   5.2542373e-01   1.6666667e-01
   8.1547308e-02   4.9152542e-01   5.5932203e-01   1.6666667e-01
   1.1957658e-01   4.9152542e-01   5.7627119e-01   1.6666667e-01
   1.4440669e-01   4.9152542e-01   5.9322034e-01   1.6666667e-01
   1.7171981e-01   4.9152542e-01   6.1016949e-01   1.6666667e-01
   1.8583377e-01   4.4067797e-01   6.1016949e-01   3.3333333e-01
   1.8374281e-01   4.2372881e-01   6.2711864e-01   3.3333333e-01
   1.7995295e-01   4.0677966e-01   6.2711864e-01   3.3333333e-01
   1.7851542e-01   4.0677966e-01   6.2711864e-01   3.3333333e-01
   1.6662311e-01   4.0677966e-01   6.4406780e-01   3.3333333e-01
   1.7145844e-01   4.2372881e-01   6.4406780e-01   3.3333333e-01
   1.6531626e-01   4.2372881e-01   6.4406780e-01   3.3333333e-01
   1.4728176e-01   4.4067797e-01   6.4406780e-01   3.3333333e-01
   1.1761631e-01   4.5762712e-01   6.4406780e-01   3.3333333e-01
   8.2200732e-02   6.1016949e-01   6.6101695e-01   1.6666667e-01
   4.8614741e-02   6.1016949e-01   6.6101695e-01   1.6666667e-01
   3.4239415e-02   6.2711864e-01   6.6101695e-01   1.6666667e-01
   2.9273393e-02   6.2711864e-01   6.4406780e-01   1.6666667e-01
   2.5483534e-02   6.2711864e-01   6.4406780e-01   1.6666667e-01
   1.9210664e-02   6.2711864e-01   6.2711864e-01   1.6666667e-01
   2.4568740e-02   6.2711864e-01   6.2711864e-01   1.6666667e-01
   2.9273393e-02   6.1016949e-01   6.2711864e-01   1.6666667e-01
   3.1625719e-02   6.1016949e-01   6.2711864e-01   1.6666667e-01
   2.9796132e-02   6.1016949e-01   6.2711864e-01   1.6666667e-01
   2.4699425e-02   5.8686441e-01   6.0381356e-01   0.0000000e+00
   2.0648197e-02   5.6355932e-01   5.8050847e-01   0.0000000e+00
   1.3460533e-02   5.4025424e-01   5.5720339e-01   0.0000000e+00
   2.8750653e-03   5.1694915e-01   5.3389831e-01   0.0000000e+00
   7.3183481e-03   4.9364407e-01   5.1059322e-01   0.0000000e+00
   2.0386827e-02   4.7033898e-01   4.8728814e-01   0.0000000e+00
   3.6069002e-02   4.4703390e-01   4.6398305e-01   0.0000000e+00
   4.8745426e-02   4.2372881e-01   4.4067797e-01   1.6666667e-01
   5.3972818e-02   4.0677966e-01   4.4067797e-01   1.6666667e-01
   6.1552535e-02   4.0677966e-01   4.5762712e-01   1.6666667e-01
   7.9325666e-02   4.0677966e-01   4.7457627e-01   1.6666667e-01
   1.0415578e-01   4.2372881e-01   5.0847458e-01   1.6666667e-01
   1.4623628e-01   4.2372881e-01   5.5932203e-01   1.6666667e-01
   1.8413487e-01   4.4067797e-01   5.7627119e-01   1.6666667e-01
   2.0504443e-01   4.4067797e-01   5.9322034e-01   1.6666667e-01
   2.0177731e-01   4.5762712e-01   6.1016949e-01   1.6666667e-01
   1.8635651e-01   4.7457627e-01   6.1016949e-01   1.6666667e-01
   1.6662311e-01   4.9152542e-01   6.2711864e-01   1.6666667e-01
   1.5015682e-01   5.2542373e-01   6.2711864e-01   1.6666667e-01
   1.2898589e-01   5.5932203e-01   6.4406780e-01   1.6666667e-01
   1.1042865e-01   5.7627119e-01   6.4406780e-01   1.6666667e-01
   1.0284893e-01   5.9322034e-01   6.4406780e-01   1.6666667e-01
   9.4485102e-02   5.9322034e-01   6.4406780e-01   1.6666667e-01
   8.7558808e-02   6.1016949e-01   6.6101695e-01   1.6666667e-01
   8.0763199e-02   6.1016949e-01   6.6101695e-01   1.6666667e-01
   7.6842656e-02   6.1016949e-01   6.6101695e-01   1.6666667e-01
   7.2791427e-02   6.1016949e-01   6.6101695e-01   1.6666667e-01
   6.5211709e-02   6.1016949e-01   6.6101695e-01   1.6666667e-01
   6.1029796e-02   6.1016949e-01   6.4406780e-01   1.6666667e-01
   5.1228437e-02   5.9322034e-01   6.1864407e-01   0.0000000e+00
   4.0512284e-02   5.7627119e-01   5.9322034e-01   1.6666667e-01
   3.2148458e-02   5.9322034e-01   5.9322034e-01   1.6666667e-01
