   1.5300000e+02
   5.1331058e-02   6.1904762e-01   6.2698413e-01   1.6666667e-01
   1.0279863e-01   6.0317460e-01   6.3492063e-01   1.6666667e-01
   1.5426621e-01   5.9523810e-01   6.3492063e-01   1.6666667e-01
   1.8539249e-01   5.9523810e-01   6.4285714e-01   1.6666667e-01
   1.9535836e-01   5.9523810e-01   6.4285714e-01   1.6666667e-01
   1.9017065e-01   5.9523810e-01   6.5079365e-01   1.6666667e-01
   1.7897611e-01   5.8730159e-01   6.5079365e-01   1.6666667e-01
   1.7474403e-01   5.8730159e-01   6.5079365e-01   1.6666667e-01
   1.7023891e-01   5.7936508e-01   6.5079365e-01   1.6666667e-01
   1.6259386e-01   5.7936508e-01   6.5873016e-01   1.6666667e-01
   1.5726962e-01   5.5555556e-01   6.5873016e-01   3.3333333e-01
   1.4662116e-01   5.4761905e-01   6.5873016e-01   3.3333333e-01
   1.4225256e-01   5.3968254e-01   6.5873016e-01   3.3333333e-01
   1.7938567e-01   5.0793651e-01   6.6666667e-01   3.3333333e-01
   2.4000000e-01   4.8412698e-01   6.6666667e-01   3.3333333e-01
   2.9692833e-01   4.8412698e-01   6.6666667e-01   3.3333333e-01
   3.3037543e-01   4.7619048e-01   6.7460317e-01   3.3333333e-01
   3.6218430e-01   4.7619048e-01   6.7460317e-01   3.3333333e-01
   3.8812287e-01   4.7619048e-01   6.7460317e-01   3.3333333e-01
   4.2948805e-01   4.7619048e-01   6.7460317e-01   3.3333333e-01
   4.7426621e-01   4.7619048e-01   6.8253968e-01   1.6666667e-01
   4.6907850e-01   4.8412698e-01   6.8253968e-01   3.3333333e-01
   4.1228669e-01   4.9206349e-01   6.8253968e-01   3.3333333e-01
   3.2382253e-01   5.6349206e-01   6.7460317e-01   1.6666667e-01
   2.4887372e-01   5.7142857e-01   6.7460317e-01   1.6666667e-01
   1.9276451e-01   5.7936508e-01   6.6666667e-01   1.6666667e-01
   1.4225256e-01   5.9523810e-01   6.5873016e-01   1.6666667e-01
   9.2013652e-02   6.1111111e-01   6.5079365e-01   1.6666667e-01
   4.8600683e-02   6.3492063e-01   6.3492063e-01   1.6666667e-01
   1.6928328e-02   6.2414966e-01   6.3095238e-01   0.0000000e+00
   6.6894198e-03   6.1337868e-01   6.2698413e-01   0.0000000e+00
   7.3720137e-03   6.0260771e-01   6.2301587e-01   0.0000000e+00
   6.8259386e-03   5.9183673e-01   6.1904762e-01   0.0000000e+00
   6.2798635e-03   5.8106576e-01   6.1507937e-01   0.0000000e+00
   5.7337884e-03   5.7029478e-01   6.1111111e-01   0.0000000e+00
   5.1877133e-03   5.5952381e-01   6.0714286e-01   0.0000000e+00
   4.6416382e-03   5.4875283e-01   6.0317460e-01   0.0000000e+00
   4.0955631e-03   5.3798186e-01   5.9920635e-01   0.0000000e+00
   3.5494881e-03   5.2721088e-01   5.9523810e-01   0.0000000e+00
   3.0034130e-03   5.1643991e-01   5.9126984e-01   0.0000000e+00
   0.0000000e+00   5.0566893e-01   5.8730159e-01   0.0000000e+00
   1.4197952e-02   4.9489796e-01   5.8333333e-01   0.0000000e+00
   1.4470990e-01   4.8412698e-01   5.7936508e-01   5.0000000e-01
   4.3372014e-01   4.2857143e-01   6.1904762e-01   1.6666667e-01
   7.1385666e-01   4.0476190e-01   6.2698413e-01   1.6666667e-01
   8.5255973e-01   3.9682540e-01   6.3492063e-01   1.6666667e-01
   8.9979522e-01   3.8888889e-01   6.4285714e-01   1.6666667e-01
   9.2095563e-01   3.8888889e-01   6.4285714e-01   1.6666667e-01
   9.2395904e-01   3.8888889e-01   6.5079365e-01   1.6666667e-01
   8.9255973e-01   3.9682540e-01   6.5079365e-01   1.6666667e-01
   8.0136519e-01   3.9682540e-01   6.5873016e-01   1.6666667e-01
   6.8423208e-01   4.0476190e-01   6.5873016e-01   1.6666667e-01
   5.6914676e-01   4.1269841e-01   6.6666667e-01   1.6666667e-01
   4.5883959e-01   4.2063492e-01   6.6666667e-01   3.3333333e-01
   3.4375427e-01   4.2857143e-01   6.6666667e-01   3.3333333e-01
   2.4791809e-01   4.7619048e-01   6.6666667e-01   3.3333333e-01
   1.7924915e-01   4.7619048e-01   6.7460317e-01   3.3333333e-01
   1.5986348e-01   4.8412698e-01   6.7460317e-01   3.3333333e-01
   1.4525597e-01   4.8412698e-01   6.7460317e-01   3.3333333e-01
   1.2614334e-01   4.8412698e-01   6.7460317e-01   3.3333333e-01
   1.1699659e-01   4.8412698e-01   6.7460317e-01   3.3333333e-01
   1.0771331e-01   4.8412698e-01   6.7460317e-01   3.3333333e-01
   9.8156997e-02   4.8412698e-01   6.7460317e-01   3.3333333e-01
   8.9283276e-02   4.8412698e-01   6.6666667e-01   3.3333333e-01
   7.9726962e-02   4.8412698e-01   5.0000000e-01   1.6666667e-01
   6.8395904e-02   4.8412698e-01   5.0000000e-01   1.6666667e-01
   5.9931741e-02   4.8412698e-01   5.0000000e-01   1.6666667e-01
   5.7337884e-02   4.8412698e-01   5.0793651e-01   1.6666667e-01
   5.6791809e-02   4.8412698e-01   5.0793651e-01   1.6666667e-01
   5.7883959e-02   4.8412698e-01   5.0793651e-01   1.6666667e-01
   6.0204778e-02   4.8412698e-01   5.0793651e-01   1.6666667e-01
   6.1843003e-02   4.8412698e-01   5.0793651e-01   1.6666667e-01
   6.2116041e-02   4.8412698e-01   5.0793651e-01   1.6666667e-01
   6.3617747e-02   4.8412698e-01   5.0793651e-01   1.6666667e-01
   6.6484642e-02   4.8412698e-01   5.0793651e-01   1.6666667e-01
   6.2662116e-02   4.9206349e-01   5.0793651e-01   1.6666667e-01
   7.5767918e-02   4.9206349e-01   5.0793651e-01   1.6666667e-01
   1.2627986e-01   4.9206349e-01   6.5079365e-01   3.3333333e-01
   1.9563140e-01   4.9206349e-01   6.5873016e-01   3.3333333e-01
   2.6170648e-01   4.9206349e-01   6.5873016e-01   3.3333333e-01
   3.0825939e-01   4.9206349e-01   6.6666667e-01   3.3333333e-01
   3.4839590e-01   4.9206349e-01   6.6666667e-01   3.3333333e-01
   3.8006826e-01   4.9206349e-01   6.7460317e-01   3.3333333e-01
   3.9672355e-01   4.9206349e-01   6.7460317e-01   3.3333333e-01
   3.9440273e-01   4.9206349e-01   6.7460317e-01   3.3333333e-01
   3.7965870e-01   4.9206349e-01   6.8253968e-01   3.3333333e-01
   3.6395904e-01   4.9206349e-01   6.8253968e-01   3.3333333e-01
   3.3911263e-01   4.9206349e-01   6.8253968e-01   3.3333333e-01
   3.1058020e-01   4.9206349e-01   6.8253968e-01   3.3333333e-01
   2.8150171e-01   4.9206349e-01   6.8253968e-01   3.3333333e-01
   2.5938567e-01   4.9206349e-01   6.8253968e-01   5.0000000e-01
   2.4000000e-01   4.9206349e-01   6.7460317e-01   5.0000000e-01
   2.2416382e-01   4.9206349e-01   6.6666667e-01   5.0000000e-01
   2.2020478e-01   5.0000000e-01   6.5079365e-01   3.3333333e-01
   2.2416382e-01   5.6349206e-01   6.5079365e-01   1.6666667e-01
   2.2648464e-01   5.7142857e-01   6.4285714e-01   1.6666667e-01
   2.1952218e-01   5.7142857e-01   6.4285714e-01   1.6666667e-01
   2.1474403e-01   5.7936508e-01   6.4285714e-01   1.6666667e-01
   2.1447099e-01   5.7936508e-01   6.3492063e-01   1.6666667e-01
   2.1870307e-01   5.7936508e-01   6.4285714e-01   1.6666667e-01
   2.2539249e-01   5.7936508e-01   6.4285714e-01   1.6666667e-01
   2.3522184e-01   5.7936508e-01   6.5079365e-01   1.6666667e-01
   2.3426621e-01   5.8730159e-01   6.5873016e-01   1.6666667e-01
   2.1993174e-01   5.8730159e-01   6.5873016e-01   1.6666667e-01
   1.9767918e-01   5.9523810e-01   6.6666667e-01   1.6666667e-01
   1.6737201e-01   6.0317460e-01   6.6666667e-01   1.6666667e-01
   1.3993174e-01   6.1904762e-01   6.6666667e-01   1.6666667e-01
   1.1440273e-01   6.3492063e-01   6.7460317e-01   1.6666667e-01
   9.0648464e-02   6.4285714e-01   6.7460317e-01   1.6666667e-01
   7.6040956e-02   6.5079365e-01   6.7460317e-01   1.6666667e-01
   6.5665529e-02   6.5079365e-01   6.7460317e-01   1.6666667e-01
   5.7337884e-02   6.5079365e-01   6.7460317e-01   1.6666667e-01
   5.2559727e-02   6.5079365e-01   6.7460317e-01   1.6666667e-01
   4.8054608e-02   6.5079365e-01   6.7460317e-01   1.6666667e-01
   4.5324232e-02   6.5079365e-01   6.6666667e-01   1.6666667e-01
   4.8191126e-02   6.5079365e-01   6.6666667e-01   1.6666667e-01
   1.0648464e-01   6.5079365e-01   9.6825397e-01   3.3333333e-01
   1.8566553e-01   6.4285714e-01   9.7619048e-01   3.3333333e-01
   2.4914676e-01   6.4285714e-01   9.8412698e-01   3.3333333e-01
   2.7112628e-01   6.4285714e-01   9.8412698e-01   3.3333333e-01
   2.9624573e-01   8.8095238e-01   9.9206349e-01   3.3333333e-01
   3.1767918e-01   8.6507937e-01   9.9206349e-01   1.6666667e-01
   3.4348123e-01   6.1111111e-01   9.9206349e-01   3.3333333e-01
   3.7829352e-01   6.1111111e-01   1.0000000e+00   3.3333333e-01
   4.3535836e-01   6.0317460e-01   1.0000000e+00   5.0000000e-01
   4.8477816e-01   6.0317460e-01   1.0000000e+00   5.0000000e-01
   5.0156997e-01   6.0317460e-01   1.0000000e+00   5.0000000e-01
   5.1153584e-01   6.1111111e-01   1.0000000e+00   5.0000000e-01
   5.0880546e-01   6.1904762e-01   1.0000000e+00   5.0000000e-01
   5.0156997e-01   6.4285714e-01   1.0000000e+00   5.0000000e-01
   4.9692833e-01   6.5079365e-01   1.0000000e+00   5.0000000e-01
   4.9105802e-01   6.5873016e-01   9.9206349e-01   5.0000000e-01
   4.8341297e-01   6.5873016e-01   9.8412698e-01   5.0000000e-01
   4.9706485e-01   6.5873016e-01   9.6825397e-01   5.0000000e-01
   5.2177474e-01   6.5873016e-01   9.6825397e-01   5.0000000e-01
   5.3965870e-01   6.5873016e-01   9.6031746e-01   5.0000000e-01
   5.8552901e-01   6.5079365e-01   9.5238095e-01   5.0000000e-01
   6.6703072e-01   6.5079365e-01   9.4444444e-01   3.3333333e-01
   7.8034130e-01   6.5079365e-01   9.3650794e-01   3.3333333e-01
   8.7576792e-01   6.4285714e-01   9.2063492e-01   1.6666667e-01
   9.3829352e-01   6.1904762e-01   9.1269841e-01   1.6666667e-01
   9.8279863e-01   6.0317460e-01   9.0476190e-01   1.6666667e-01
   1.0000000e+00   5.9523810e-01   8.9682540e-01   1.6666667e-01
   9.8061433e-01   5.8730159e-01   8.8888889e-01   1.6666667e-01
   8.9965870e-01   5.8730159e-01   8.7301587e-01   1.6666667e-01
   7.6941980e-01   5.7936508e-01   8.4920635e-01   1.6666667e-01
   6.4614334e-01   5.7936508e-01   8.4126984e-01   1.6666667e-01
   5.3174061e-01   5.8730159e-01   8.2539683e-01   1.6666667e-01
   4.0068259e-01   5.8730159e-01   7.9365079e-01   5.0000000e-01
   2.6184300e-01   5.9523810e-01   7.2222222e-01   3.3333333e-01
   1.5058020e-01   5.9523810e-01   6.5079365e-01   1.6666667e-01
   9.4334471e-02   6.0317460e-01   6.4285714e-01   1.6666667e-01
   5.9931741e-02   6.1904762e-01   6.3492063e-01   1.6666667e-01
