   1.1100000e+02
   1.1924281e-03   2.8571429e-01   3.0357143e-01   0.0000000e+00
   7.8998360e-03   2.8571429e-01   3.0357143e-01   0.0000000e+00
   1.2073334e-02   2.8571429e-01   3.0357143e-01   1.6666667e-01
   2.1016545e-02   2.8571429e-01   3.2142857e-01   1.6666667e-01
   2.4444776e-02   3.0357143e-01   3.2142857e-01   1.6666667e-01
   3.0705023e-02   3.0357143e-01   3.3928571e-01   1.6666667e-01
   3.1003130e-02   3.0357143e-01   3.3928571e-01   1.6666667e-01
   3.2940826e-02   3.2142857e-01   3.2142857e-01   1.6666667e-01
   2.7276792e-02   3.2142857e-01   3.2142857e-01   1.6666667e-01
   1.7737368e-02   3.1785714e-01   3.1785714e-01   0.0000000e+00
   1.2669548e-02   3.1428571e-01   3.1428571e-01   0.0000000e+00
   2.5339097e-03   3.1071429e-01   3.1071429e-01   0.0000000e+00
   0.0000000e+00   3.0714286e-01   3.0714286e-01   0.0000000e+00
   2.8320167e-03   3.0357143e-01   3.0357143e-01   1.6666667e-01
   5.2168729e-03   2.8571429e-01   3.0357143e-01   1.6666667e-01
   7.8998360e-03   2.8571429e-01   3.0357143e-01   1.6666667e-01
   9.2413176e-03   2.8571429e-01   3.0357143e-01   1.6666667e-01
   9.2413176e-03   2.8571429e-01   3.0357143e-01   1.6666667e-01
   1.2967655e-02   2.8571429e-01   3.0357143e-01   1.6666667e-01
   1.0582799e-02   2.8571429e-01   3.0357143e-01   1.6666667e-01
   5.8130869e-03   2.6785714e-01   3.0357143e-01   1.6666667e-01
   1.5203458e-02   2.6785714e-01   3.0357143e-01   1.6666667e-01
   4.7846177e-02   2.6785714e-01   3.0357143e-01   1.6666667e-01
   1.0880906e-01   2.5000000e-01   3.2142857e-01   1.6666667e-01
   2.3982710e-01   2.1428571e-01   4.2857143e-01   1.6666667e-01
   4.4716053e-01   1.9642857e-01   4.8214286e-01   1.6666667e-01
   7.2603965e-01   0.0000000e+00   7.1428571e-01   5.0000000e-01
   9.1101505e-01   0.0000000e+00   5.7142857e-01   1.6666667e-01
   9.9776420e-01   0.0000000e+00   7.5000000e-01   3.3333333e-01
   1.0000000e+00   0.0000000e+00   6.0714286e-01   1.6666667e-01
   9.6005366e-01   0.0000000e+00   6.2500000e-01   1.6666667e-01
   8.6793859e-01   0.0000000e+00   6.2500000e-01   1.6666667e-01
   7.2857356e-01   3.5714286e-02   6.4285714e-01   3.3333333e-01
   5.5567149e-01   1.7857143e-01   6.4285714e-01   1.6666667e-01
   4.0020867e-01   2.1428571e-01   6.4285714e-01   3.3333333e-01
   2.8051871e-01   2.1428571e-01   6.6071429e-01   3.3333333e-01
   2.0256372e-01   2.1428571e-01   6.6071429e-01   3.3333333e-01
   1.5710240e-01   2.1428571e-01   6.6071429e-01   3.3333333e-01
   1.3385005e-01   2.1428571e-01   6.7857143e-01   3.3333333e-01
   1.1581458e-01   2.1428571e-01   6.7857143e-01   3.3333333e-01
   1.0105828e-01   2.1428571e-01   6.7857143e-01   3.3333333e-01
   8.7047250e-02   1.9642857e-01   6.7857143e-01   3.3333333e-01
   6.6477866e-02   1.9642857e-01   6.7857143e-01   3.3333333e-01
   4.9932926e-02   1.9642857e-01   6.6071429e-01   3.3333333e-01
   2.6084364e-02   1.9642857e-01   2.3214286e-01   1.6666667e-01
   1.8929796e-02   1.9642857e-01   2.1428571e-01   1.6666667e-01
   5.7087494e-02   1.9642857e-01   5.0000000e-01   3.3333333e-01
   1.7290207e-01   1.7857143e-01   5.3571429e-01   3.3333333e-01
   2.9765986e-01   1.7857143e-01   5.7142857e-01   3.3333333e-01
   3.5698316e-01   1.7857143e-01   5.8928571e-01   3.3333333e-01
   3.6935460e-01   1.7857143e-01   5.8928571e-01   3.3333333e-01
   3.6905649e-01   1.7857143e-01   6.0714286e-01   3.3333333e-01
   3.7412431e-01   1.7857143e-01   6.0714286e-01   3.3333333e-01
   3.4207781e-01   1.6071429e-01   6.2500000e-01   3.3333333e-01
   2.9333731e-01   1.6071429e-01   6.2500000e-01   3.3333333e-01
   2.2656134e-01   1.6071429e-01   6.4285714e-01   3.3333333e-01
   1.9451483e-01   1.6071429e-01   6.4285714e-01   3.3333333e-01
   1.6559845e-01   1.6071429e-01   6.4285714e-01   5.0000000e-01
   1.3727828e-01   1.6071429e-01   6.6071429e-01   3.3333333e-01
   1.1551647e-01   1.6071429e-01   6.6071429e-01   3.3333333e-01
   1.0746758e-01   6.0714286e-01   6.6071429e-01   1.6666667e-01
   9.4648979e-02   6.0714286e-01   6.6071429e-01   1.6666667e-01
   9.4499925e-02   5.8928571e-01   6.6071429e-01   1.6666667e-01
   8.0488896e-02   5.8928571e-01   6.6071429e-01   1.6666667e-01
   6.8415561e-02   5.8928571e-01   6.6071429e-01   1.6666667e-01
   5.3361157e-02   5.8928571e-01   6.6071429e-01   1.6666667e-01
   4.9932926e-02   5.7142857e-01   6.4285714e-01   1.6666667e-01
   5.7832762e-02   5.3571429e-01   6.2500000e-01   1.6666667e-01
   5.7087494e-02   5.1785714e-01   6.0714286e-01   1.6666667e-01
   4.1585929e-02   5.1785714e-01   5.7142857e-01   1.6666667e-01
   3.5325682e-02   5.1785714e-01   5.5357143e-01   1.6666667e-01
   4.5461321e-02   4.4642857e-01   5.3571429e-01   3.3333333e-01
   3.8008645e-02   4.2857143e-01   4.6428571e-01   1.6666667e-01
   4.4268893e-02   3.5714286e-01   4.6428571e-01   3.3333333e-01
   6.3794902e-02   3.3928571e-01   4.4642857e-01   1.6666667e-01
   6.7670294e-02   3.3928571e-01   4.2857143e-01   1.6666667e-01
   6.5434491e-02   3.5714286e-01   4.1071429e-01   1.6666667e-01
   6.2453421e-02   3.5714286e-01   4.1071429e-01   1.6666667e-01
   8.4364287e-02   3.5714286e-01   4.2857143e-01   1.6666667e-01
   1.5337606e-01   3.5714286e-01   5.0000000e-01   1.6666667e-01
   2.3684603e-01   3.7500000e-01   5.3571429e-01   1.6666667e-01
   2.9661649e-01   3.7500000e-01   5.5357143e-01   1.6666667e-01
   3.3537040e-01   3.7500000e-01   5.8928571e-01   1.6666667e-01
   3.4550604e-01   3.9285714e-01   6.0714286e-01   1.6666667e-01
   3.3462513e-01   4.1071429e-01   6.0714286e-01   1.6666667e-01
   3.1554628e-01   4.1071429e-01   6.2500000e-01   1.6666667e-01
   2.8528842e-01   4.2857143e-01   6.4285714e-01   1.6666667e-01
   2.3669697e-01   4.6428571e-01   6.4285714e-01   1.6666667e-01
   1.8467730e-01   5.0000000e-01   6.6071429e-01   1.6666667e-01
   1.4249516e-01   5.5357143e-01   6.6071429e-01   1.6666667e-01
   1.1417499e-01   5.8928571e-01   6.6071429e-01   1.6666667e-01
   9.9716798e-02   6.0714286e-01   6.6071429e-01   1.6666667e-01
   9.4052765e-02   6.0714286e-01   6.7857143e-01   1.6666667e-01
   9.5692354e-02   6.0714286e-01   6.7857143e-01   1.6666667e-01
   1.0254882e-01   6.0714286e-01   6.7857143e-01   1.6666667e-01
   1.0925622e-01   6.0714286e-01   6.7857143e-01   1.6666667e-01
   1.1193919e-01   6.0714286e-01   6.7857143e-01   1.6666667e-01
   1.0702042e-01   5.8928571e-01   6.7857143e-01   1.6666667e-01
   1.0314503e-01   5.8928571e-01   6.7857143e-01   1.6666667e-01
   1.0642421e-01   5.7142857e-01   6.6071429e-01   1.6666667e-01
   1.1342972e-01   5.5357143e-01   6.6071429e-01   1.6666667e-01
   1.2416157e-01   5.5357143e-01   6.4285714e-01   1.6666667e-01
   1.3161425e-01   5.3571429e-01   6.4285714e-01   1.6666667e-01
   1.2952750e-01   5.1785714e-01   6.2500000e-01   1.6666667e-01
   1.3131614e-01   5.0000000e-01   6.2500000e-01   1.6666667e-01
   1.2744075e-01   5.0000000e-01   6.0714286e-01   1.6666667e-01
   1.1939186e-01   4.8214286e-01   6.0714286e-01   1.6666667e-01
   1.1357877e-01   4.6428571e-01   5.8928571e-01   1.6666667e-01
   8.5854822e-02   4.6428571e-01   5.5357143e-01   1.6666667e-01
   4.4567000e-02   4.8214286e-01   5.3571429e-01   1.6666667e-01
   9.2413176e-03   5.1785714e-01   5.1785714e-01   1.6666667e-01
