   1.6600000e+02
   2.5259516e-02   5.9259259e-01   6.2962963e-01   0.0000000e+00
   6.3840830e-02   5.9259259e-01   6.2962963e-01   1.6666667e-01
   8.8581315e-02   5.3703704e-01   6.2962963e-01   1.6666667e-01
   1.0605536e-01   5.1851852e-01   6.2962963e-01   1.6666667e-01
   1.5242215e-01   4.4444444e-01   6.2962963e-01   5.0000000e-01
   3.0934256e-01   1.8518519e-02   6.4814815e-01   6.6666667e-01
   5.1505190e-01   0.0000000e+00   6.8518519e-01   5.0000000e-01
   7.3927336e-01   1.8518519e-02   7.0370370e-01   5.0000000e-01
   8.5553633e-01   3.7037037e-02   7.2222222e-01   3.3333333e-01
   8.5363322e-01   7.4074074e-02   7.2222222e-01   3.3333333e-01
   7.8235294e-01   9.2592593e-02   7.4074074e-01   3.3333333e-01
   7.2577855e-01   1.1111111e-01   7.4074074e-01   3.3333333e-01
   7.0138408e-01   1.1111111e-01   7.5925926e-01   3.3333333e-01
   6.9567474e-01   1.1111111e-01   7.5925926e-01   3.3333333e-01
   7.0242215e-01   5.5555556e-02   7.5925926e-01   3.3333333e-01
   7.0795848e-01   5.5555556e-02   7.5925926e-01   3.3333333e-01
   7.3685121e-01   7.4074074e-02   7.5925926e-01   5.0000000e-01
   7.8183391e-01   2.7777778e-01   7.7777778e-01   1.6666667e-01
   8.3667820e-01   3.1481481e-01   7.7777778e-01   1.6666667e-01
   8.3096886e-01   3.3333333e-01   7.7777778e-01   1.6666667e-01
   7.6003460e-01   3.5185185e-01   7.5925926e-01   1.6666667e-01
   6.4948097e-01   3.8888889e-01   7.5925926e-01   1.6666667e-01
   5.2456747e-01   4.0740741e-01   7.4074074e-01   1.6666667e-01
   3.9671280e-01   4.4444444e-01   7.2222222e-01   1.6666667e-01
   2.6297578e-01   4.8148148e-01   7.0370370e-01   1.6666667e-01
   1.4031142e-01   5.1851852e-01   6.4814815e-01   1.6666667e-01
   4.6366782e-02   5.5555556e-01   5.7407407e-01   1.6666667e-01
   4.4982699e-03   5.0925926e-01   5.2777778e-01   0.0000000e+00
   0.0000000e+00   4.6296296e-01   4.8148148e-01   0.0000000e+00
   1.0380623e-03   4.1666667e-01   4.3518519e-01   0.0000000e+00
   5.1903114e-04   3.7037037e-01   3.8888889e-01   0.0000000e+00
   3.8062284e-03   3.2407407e-01   3.4259259e-01   0.0000000e+00
   2.6816609e-02   2.7777778e-01   2.9629630e-01   1.6666667e-01
   1.5813149e-01   2.5925926e-01   3.3333333e-01   1.6666667e-01
   5.0190311e-01   1.8518519e-01   5.5555556e-01   1.6666667e-01
   8.2387543e-01   1.1111111e-01   5.9259259e-01   1.6666667e-01
   9.6972318e-01   1.1111111e-01   6.1111111e-01   1.6666667e-01
   1.0000000e+00   1.1111111e-01   6.2962963e-01   1.6666667e-01
   9.9740484e-01   1.1111111e-01   6.2962963e-01   1.6666667e-01
   9.3806228e-01   1.2962963e-01   6.4814815e-01   1.6666667e-01
   8.2993080e-01   1.8518519e-01   6.4814815e-01   1.6666667e-01
   6.7525952e-01   2.4074074e-01   6.6666667e-01   1.6666667e-01
   5.2820069e-01   2.5925926e-01   6.6666667e-01   1.6666667e-01
   3.7906574e-01   2.7777778e-01   6.6666667e-01   3.3333333e-01
   2.2958478e-01   2.9629630e-01   6.6666667e-01   3.3333333e-01
   1.3339100e-01   6.1111111e-01   6.8518519e-01   1.6666667e-01
   8.8062284e-02   6.2962963e-01   6.8518519e-01   1.6666667e-01
   7.5432526e-02   6.2962963e-01   6.8518519e-01   1.6666667e-01
   6.6608997e-02   6.2962963e-01   6.8518519e-01   1.6666667e-01
   5.9861592e-02   6.2962963e-01   6.6666667e-01   1.6666667e-01
   5.1384083e-02   6.4814815e-01   6.6666667e-01   1.6666667e-01
   4.8269896e-02   6.4814815e-01   6.6666667e-01   1.6666667e-01
   4.7750865e-02   6.2962963e-01   6.6666667e-01   1.6666667e-01
   5.3114187e-02   6.2962963e-01   6.6666667e-01   1.6666667e-01
   6.4705882e-02   6.1111111e-01   6.6666667e-01   1.6666667e-01
   7.1280277e-02   6.1111111e-01   6.4814815e-01   1.6666667e-01
   6.5570934e-02   5.9259259e-01   6.4814815e-01   1.6666667e-01
   5.8823529e-02   5.9259259e-01   6.4814815e-01   1.6666667e-01
   4.4636678e-02   5.9259259e-01   6.2962963e-01   1.6666667e-01
   4.3598616e-02   5.9259259e-01   6.1111111e-01   1.6666667e-01
   4.6539792e-02   5.5555556e-01   5.7407407e-01   1.6666667e-01
   4.4809689e-02   5.5555556e-01   5.7407407e-01   1.6666667e-01
   6.2283737e-02   5.3703704e-01   5.9259259e-01   1.6666667e-01
   1.3321799e-01   5.1851852e-01   5.9259259e-01   1.6666667e-01
   2.4411765e-01   5.0000000e-01   6.2962963e-01   1.6666667e-01
   3.4013841e-01   4.6296296e-01   6.4814815e-01   1.6666667e-01
   4.2231834e-01   4.4444444e-01   6.6666667e-01   1.6666667e-01
   4.7214533e-01   4.4444444e-01   6.6666667e-01   1.6666667e-01
   4.7508651e-01   4.4444444e-01   6.8518519e-01   1.6666667e-01
   4.6228374e-01   4.2592593e-01   6.8518519e-01   1.6666667e-01
   4.2820069e-01   4.2592593e-01   7.0370370e-01   1.6666667e-01
   3.8321799e-01   4.2592593e-01   7.0370370e-01   1.6666667e-01
   3.2249135e-01   4.2592593e-01   7.2222222e-01   3.3333333e-01
   2.6868512e-01   4.2592593e-01   7.2222222e-01   3.3333333e-01
   2.4186851e-01   4.4444444e-01   7.2222222e-01   3.3333333e-01
   2.5121107e-01   4.4444444e-01   7.2222222e-01   3.3333333e-01
   3.0363322e-01   4.6296296e-01   7.4074074e-01   3.3333333e-01
   3.4204152e-01   4.6296296e-01   7.4074074e-01   1.6666667e-01
   3.4186851e-01   4.8148148e-01   7.2222222e-01   1.6666667e-01
   3.1280277e-01   4.8148148e-01   7.2222222e-01   1.6666667e-01
   2.6730104e-01   5.0000000e-01   7.0370370e-01   1.6666667e-01
   1.9463668e-01   5.0000000e-01   7.0370370e-01   1.6666667e-01
   1.1228374e-01   5.0000000e-01   6.4814815e-01   3.3333333e-01
   4.6539792e-02   5.1851852e-01   5.3703704e-01   1.6666667e-01
   2.5432526e-02   5.1851852e-01   5.3703704e-01   1.6666667e-01
   2.3010381e-02   5.1851852e-01   5.3703704e-01   1.6666667e-01
   1.9896194e-02   5.1851852e-01   5.1851852e-01   1.6666667e-01
   2.3529412e-02   5.1851852e-01   5.1851852e-01   1.6666667e-01
   3.5294118e-02   5.0000000e-01   5.1851852e-01   1.6666667e-01
   3.9273356e-02   5.0000000e-01   5.1851852e-01   1.6666667e-01
   4.3252595e-02   4.8148148e-01   5.1851852e-01   1.6666667e-01
   5.5882353e-02   4.6296296e-01   5.1851852e-01   1.6666667e-01
   7.3010381e-02   4.4444444e-01   5.0000000e-01   1.6666667e-01
   9.8961938e-02   4.0740741e-01   5.0000000e-01   1.6666667e-01
   1.2404844e-01   4.0740741e-01   4.8148148e-01   1.6666667e-01
   1.5086505e-01   3.8888889e-01   4.8148148e-01   1.6666667e-01
   1.8927336e-01   3.8888889e-01   5.0000000e-01   1.6666667e-01
   2.7785467e-01   4.0740741e-01   5.9259259e-01   1.6666667e-01
   3.6626298e-01   4.0740741e-01   6.1111111e-01   1.6666667e-01
   3.9688581e-01   4.2592593e-01   6.2962963e-01   1.6666667e-01
   3.8737024e-01   4.4444444e-01   6.4814815e-01   1.6666667e-01
   3.6989619e-01   4.6296296e-01   6.4814815e-01   1.6666667e-01
   3.4100346e-01   4.8148148e-01   6.6666667e-01   1.6666667e-01
   3.0553633e-01   5.0000000e-01   6.6666667e-01   1.6666667e-01
   2.6089965e-01   5.1851852e-01   6.8518519e-01   1.6666667e-01
   2.0553633e-01   5.5555556e-01   6.8518519e-01   1.6666667e-01
   1.6038062e-01   5.9259259e-01   6.8518519e-01   1.6666667e-01
   1.2941176e-01   6.4814815e-01   7.0370370e-01   1.6666667e-01
   1.1159170e-01   6.4814815e-01   7.0370370e-01   1.6666667e-01
   1.0363322e-01   6.6666667e-01   7.0370370e-01   1.6666667e-01
   9.6539792e-02   6.6666667e-01   7.0370370e-01   1.6666667e-01
   9.1522491e-02   6.6666667e-01   7.2222222e-01   1.6666667e-01
   8.6851211e-02   6.6666667e-01   7.2222222e-01   1.6666667e-01
   8.3564014e-02   6.8518519e-01   7.2222222e-01   1.6666667e-01
   8.1314879e-02   6.8518519e-01   7.2222222e-01   1.6666667e-01
   7.8892734e-02   6.6666667e-01   7.2222222e-01   1.6666667e-01
   7.6470588e-02   6.6666667e-01   7.2222222e-01   1.6666667e-01
   7.2664360e-02   6.6666667e-01   7.2222222e-01   1.6666667e-01
   6.6955017e-02   6.6666667e-01   7.0370370e-01   1.6666667e-01
   5.9515571e-02   6.6666667e-01   7.0370370e-01   1.6666667e-01
   6.5916955e-02   6.6666667e-01   7.0370370e-01   1.6666667e-01
   1.1712803e-01   5.0000000e-01   6.8518519e-01   3.3333333e-01
   2.0674740e-01   4.8148148e-01   6.8518519e-01   3.3333333e-01
   3.1141869e-01   4.6296296e-01   6.8518519e-01   3.3333333e-01
   4.0328720e-01   3.8888889e-01   6.8518519e-01   3.3333333e-01
   4.4359862e-01   3.7037037e-01   6.8518519e-01   1.6666667e-01
   4.2664360e-01   3.7037037e-01   6.6666667e-01   3.3333333e-01
   3.8339100e-01   3.7037037e-01   6.6666667e-01   3.3333333e-01
   3.5051903e-01   3.7037037e-01   6.6666667e-01   3.3333333e-01
   3.4775087e-01   3.7037037e-01   6.6666667e-01   3.3333333e-01
   3.5847751e-01   3.8888889e-01   6.6666667e-01   3.3333333e-01
   3.6262976e-01   3.8888889e-01   6.6666667e-01   3.3333333e-01
   3.5155709e-01   4.0740741e-01   6.6666667e-01   1.6666667e-01
   3.1660900e-01   4.2592593e-01   6.6666667e-01   1.6666667e-01
   2.6038062e-01   4.4444444e-01   6.6666667e-01   1.6666667e-01
   1.9342561e-01   4.6296296e-01   6.6666667e-01   3.3333333e-01
   1.0519031e-01   6.2962963e-01   6.6666667e-01   1.6666667e-01
   5.1903114e-02   6.2962963e-01   6.6666667e-01   1.6666667e-01
   5.3460208e-02   6.4814815e-01   6.6666667e-01   1.6666667e-01
   5.2422145e-02   6.4814815e-01   6.6666667e-01   1.6666667e-01
   5.6747405e-02   6.2962963e-01   6.6666667e-01   1.6666667e-01
   6.7993080e-02   6.2962963e-01   6.6666667e-01   1.6666667e-01
   7.4567474e-02   6.2962963e-01   6.6666667e-01   1.6666667e-01
   7.4567474e-02   6.2962963e-01   6.6666667e-01   1.6666667e-01
   7.1453287e-02   6.1111111e-01   6.6666667e-01   1.6666667e-01
   7.0415225e-02   6.1111111e-01   6.4814815e-01   1.6666667e-01
   7.0415225e-02   5.9259259e-01   6.4814815e-01   1.6666667e-01
   6.8685121e-02   5.7407407e-01   6.2962963e-01   1.6666667e-01
   9.1003460e-02   5.5555556e-01   6.1111111e-01   1.6666667e-01
   1.6539792e-01   4.0740741e-01   6.1111111e-01   3.3333333e-01
   2.6262976e-01   3.8888889e-01   6.1111111e-01   1.6666667e-01
   3.1297578e-01   3.8888889e-01   5.9259259e-01   1.6666667e-01
   3.0276817e-01   3.7037037e-01   5.7407407e-01   1.6666667e-01
   2.6730104e-01   3.8888889e-01   5.3703704e-01   1.6666667e-01
   2.3235294e-01   3.8888889e-01   5.1851852e-01   1.6666667e-01
   2.0882353e-01   4.0740741e-01   5.3703704e-01   1.6666667e-01
   1.8200692e-01   4.4444444e-01   5.3703704e-01   1.6666667e-01
   1.6522491e-01   4.8148148e-01   5.5555556e-01   1.6666667e-01
   2.3477509e-01   5.0000000e-01   5.7407407e-01   1.6666667e-01
   3.4273356e-01   5.0000000e-01   7.0370370e-01   1.6666667e-01
   3.9446367e-01   5.1851852e-01   7.2222222e-01   1.6666667e-01
   3.6764706e-01   5.3703704e-01   7.4074074e-01   1.6666667e-01
   3.1401384e-01   5.3703704e-01   7.4074074e-01   1.6666667e-01
   2.6176471e-01   5.5555556e-01   7.4074074e-01   1.6666667e-01
   1.9723183e-01   5.7407407e-01   7.2222222e-01   1.6666667e-01
   1.1747405e-01   6.1111111e-01   7.0370370e-01   1.6666667e-01
