   1.8600000e+02
   5.4994655e-02   5.6756757e-01   5.7657658e-01   1.6666667e-01
   1.2590569e-01   5.4954955e-01   5.9459459e-01   1.6666667e-01
   1.9646039e-01   5.4054054e-01   6.0360360e-01   1.6666667e-01
   2.4991092e-01   5.4054054e-01   6.1261261e-01   1.6666667e-01
   2.8934553e-01   5.3153153e-01   6.2162162e-01   1.6666667e-01
   3.2200974e-01   5.2252252e-01   6.3063063e-01   1.6666667e-01
   3.4148949e-01   5.2252252e-01   6.3063063e-01   1.6666667e-01
   3.3685711e-01   5.2252252e-01   6.3963964e-01   1.6666667e-01
   3.0716237e-01   5.2252252e-01   6.3963964e-01   1.6666667e-01
   2.6939066e-01   5.2252252e-01   6.4864865e-01   1.6666667e-01
   2.2615513e-01   5.2252252e-01   6.4864865e-01   1.6666667e-01
   1.8101912e-01   5.2252252e-01   6.4864865e-01   3.3333333e-01
   1.2448034e-01   5.2252252e-01   6.4864865e-01   3.3333333e-01
   8.8371541e-02   5.2252252e-01   6.4864865e-01   3.3333333e-01
   5.9864592e-02   5.2252252e-01   6.4864865e-01   3.3333333e-01
   4.7274023e-02   5.3153153e-01   5.3153153e-01   1.6666667e-01
   3.7059033e-02   5.3753754e-01   5.4354354e-01   0.0000000e+00
   3.7059033e-02   5.4354354e-01   5.5555556e-01   0.0000000e+00
   7.7918993e-02   5.4954955e-01   5.6756757e-01   1.6666667e-01
   1.1093954e-01   5.4054054e-01   5.7657658e-01   1.6666667e-01
   1.3160708e-01   5.4054054e-01   5.8558559e-01   1.6666667e-01
   1.3315121e-01   5.4954955e-01   5.8558559e-01   1.6666667e-01
   1.2721226e-01   5.4954955e-01   5.9459459e-01   1.6666667e-01
   1.2032308e-01   5.5855856e-01   6.6666667e-01   3.3333333e-01
   1.0678228e-01   5.6756757e-01   6.6666667e-01   3.3333333e-01
   9.1578572e-02   5.7657658e-01   6.6666667e-01   3.3333333e-01
   6.5447203e-02   5.7657658e-01   6.6666667e-01   3.3333333e-01
   4.3829433e-02   6.5765766e-01   6.5765766e-01   1.6666667e-01
   2.9338401e-02   6.5765766e-01   6.5765766e-01   1.6666667e-01
   2.7081601e-02   6.5379665e-01   6.5379665e-01   0.0000000e+00
   2.5893812e-02   6.4993565e-01   6.4993565e-01   0.0000000e+00
   2.4943580e-02   6.4607465e-01   6.4607465e-01   0.0000000e+00
   1.8648296e-02   6.4221364e-01   6.4221364e-01   0.0000000e+00
   2.3043117e-02   6.3835264e-01   6.3835264e-01   0.0000000e+00
   2.5656254e-02   6.3449163e-01   6.3449163e-01   0.0000000e+00
   2.8031833e-02   6.3063063e-01   6.3063063e-01   1.6666667e-01
   2.6131370e-02   6.3063063e-01   6.3063063e-01   1.6666667e-01
   2.1380211e-02   6.1936937e-01   6.2387387e-01   0.0000000e+00
   7.9581898e-03   6.0810811e-01   6.1711712e-01   0.0000000e+00
   3.2070317e-03   5.9684685e-01   6.1036036e-01   0.0000000e+00
   3.5633686e-02   5.8558559e-01   6.0360360e-01   1.6666667e-01
   9.0865899e-02   5.7657658e-01   6.2162162e-01   1.6666667e-01
   1.5560043e-01   5.7657658e-01   6.3063063e-01   1.6666667e-01
   2.1035752e-01   5.6756757e-01   6.3963964e-01   1.6666667e-01
   2.5121748e-01   5.5855856e-01   6.4864865e-01   1.6666667e-01
   2.7758641e-01   5.4954955e-01   6.4864865e-01   1.6666667e-01
   2.8708873e-01   5.4954955e-01   6.5765766e-01   1.6666667e-01
   2.8922675e-01   5.4954955e-01   6.5765766e-01   1.6666667e-01
   2.8019955e-01   5.4054054e-01   6.5765766e-01   1.6666667e-01
   2.5739399e-01   5.4054054e-01   6.6666667e-01   1.6666667e-01
   2.2556123e-01   5.4054054e-01   6.6666667e-01   1.6666667e-01
   1.9218434e-01   5.4054054e-01   6.6666667e-01   3.3333333e-01
   1.5120561e-01   5.4054054e-01   6.6666667e-01   3.3333333e-01
   1.1640337e-01   5.4954955e-01   6.7567568e-01   3.3333333e-01
   7.7087540e-02   5.4954955e-01   6.7567568e-01   3.3333333e-01
   6.4853308e-02   5.4954955e-01   6.7567568e-01   3.3333333e-01
   6.4496971e-02   5.5855856e-01   6.6666667e-01   3.3333333e-01
   7.7325098e-02   5.5855856e-01   6.5765766e-01   3.3333333e-01
   1.1367146e-01   5.6756757e-01   6.5765766e-01   3.3333333e-01
   1.6664687e-01   5.6756757e-01   6.5765766e-01   1.6666667e-01
   1.9907352e-01   5.6756757e-01   6.4864865e-01   1.6666667e-01
   2.0263689e-01   5.5855856e-01   6.3963964e-01   1.6666667e-01
   2.0489369e-01   5.5855856e-01   6.3963964e-01   1.6666667e-01
   2.0002376e-01   5.6756757e-01   6.3063063e-01   1.6666667e-01
   1.9111533e-01   5.6756757e-01   6.3963964e-01   1.6666667e-01
   1.8137546e-01   5.6756757e-01   6.3963964e-01   1.6666667e-01
   1.6486519e-01   5.7657658e-01   6.4864865e-01   1.6666667e-01
   1.4609811e-01   5.8558559e-01   6.4864865e-01   1.6666667e-01
   1.2388645e-01   5.9459459e-01   6.4864865e-01   1.6666667e-01
   9.7517520e-02   6.1261261e-01   6.5765766e-01   1.6666667e-01
   6.9129350e-02   6.3063063e-01   6.5765766e-01   1.6666667e-01
   5.1074950e-02   6.3963964e-01   6.5765766e-01   1.6666667e-01
   3.9078275e-02   6.4864865e-01   6.6666667e-01   1.6666667e-01
   2.7556717e-02   6.5765766e-01   6.6666667e-01   1.6666667e-01
   2.2330443e-02   6.5765766e-01   6.6666667e-01   1.6666667e-01
   1.4966148e-02   6.6666667e-01   6.6666667e-01   1.6666667e-01
   1.4015916e-02   6.6216216e-01   6.6216216e-01   0.0000000e+00
   2.0548759e-02   6.5765766e-01   6.5765766e-01   1.6666667e-01
   2.7913054e-02   6.5765766e-01   6.5765766e-01   1.6666667e-01
   3.6940254e-02   6.4864865e-01   6.5765766e-01   1.6666667e-01
   4.8461813e-02   6.3063063e-01   6.5765766e-01   1.6666667e-01
   6.9366908e-02   6.2162162e-01   6.5765766e-01   1.6666667e-01
   7.4949519e-02   5.8558559e-01   6.4864865e-01   1.6666667e-01
   7.5543414e-02   5.8558559e-01   6.2162162e-01   1.6666667e-01
   8.1126024e-02   5.5855856e-01   6.1261261e-01   3.3333333e-01
   7.7087540e-02   5.5855856e-01   6.1261261e-01   3.3333333e-01
   7.0911035e-02   5.5855856e-01   5.7657658e-01   1.6666667e-01
   5.8676802e-02   5.5855856e-01   5.7657658e-01   1.6666667e-01
   6.2240171e-02   5.5855856e-01   5.8558559e-01   1.6666667e-01
   7.0554698e-02   5.5855856e-01   5.8558559e-01   1.6666667e-01
   8.3976719e-02   5.6756757e-01   5.9459459e-01   1.6666667e-01
   9.0390783e-02   5.6756757e-01   6.0360360e-01   1.6666667e-01
   1.0737617e-01   5.6756757e-01   6.1261261e-01   1.6666667e-01
   1.2685592e-01   5.7657658e-01   6.2162162e-01   1.6666667e-01
   1.4229718e-01   5.7657658e-01   6.3063063e-01   1.6666667e-01
   1.5928258e-01   5.8558559e-01   6.3963964e-01   1.6666667e-01
   1.6510274e-01   5.8558559e-01   6.4864865e-01   1.6666667e-01
   1.7389239e-01   5.9459459e-01   6.4864865e-01   1.6666667e-01
   1.6866611e-01   5.9459459e-01   6.5765766e-01   1.6666667e-01
   1.6569664e-01   6.0360360e-01   6.5765766e-01   1.6666667e-01
   1.4942392e-01   6.1261261e-01   6.6666667e-01   1.6666667e-01
   1.2602447e-01   6.1261261e-01   6.6666667e-01   1.6666667e-01
   1.0654472e-01   6.3063063e-01   6.7567568e-01   1.6666667e-01
   8.2195035e-02   6.3963964e-01   6.7567568e-01   1.6666667e-01
   6.1408718e-02   6.4864865e-01   6.7567568e-01   1.6666667e-01
   5.1668844e-02   6.5765766e-01   6.7567568e-01   1.6666667e-01
   3.9434612e-02   6.5765766e-01   6.7567568e-01   1.6666667e-01
   3.2545433e-02   6.6666667e-01   6.7567568e-01   1.6666667e-01
   2.6725264e-02   6.6666667e-01   6.6666667e-01   1.6666667e-01
   1.9360969e-02   6.6366366e-01   6.6366366e-01   0.0000000e+00
   2.5656254e-02   6.6066066e-01   6.6066066e-01   0.0000000e+00
   2.2924338e-02   6.5765766e-01   6.5765766e-01   1.6666667e-01
   2.3755790e-02   6.5765766e-01   6.5765766e-01   1.6666667e-01
   4.2997981e-02   6.5765766e-01   6.5765766e-01   1.6666667e-01
   6.1171160e-02   6.1711712e-01   6.3513514e-01   0.0000000e+00
   6.6516213e-02   5.7657658e-01   6.1261261e-01   1.6666667e-01
   7.0911035e-02   5.7657658e-01   6.1261261e-01   1.6666667e-01
   6.6872550e-02   5.7657658e-01   6.1261261e-01   1.6666667e-01
   5.2619076e-02   5.7657658e-01   6.1261261e-01   1.6666667e-01
   3.9315833e-02   5.8558559e-01   5.9459459e-01   1.6666667e-01
   1.4966148e-02   5.8358358e-01   5.9259259e-01   0.0000000e+00
   0.0000000e+00   5.8158158e-01   5.9059059e-01   0.0000000e+00
   0.0000000e+00   5.7957958e-01   5.8858859e-01   0.0000000e+00
   0.0000000e+00   5.7757758e-01   5.8658659e-01   0.0000000e+00
   0.0000000e+00   5.7557558e-01   5.8458458e-01   0.0000000e+00
   0.0000000e+00   5.7357357e-01   5.8258258e-01   0.0000000e+00
   0.0000000e+00   5.7157157e-01   5.8058058e-01   0.0000000e+00
   3.5633686e-04   5.6956957e-01   5.7857858e-01   0.0000000e+00
   3.8721938e-02   5.6756757e-01   5.7657658e-01   1.6666667e-01
   8.1601140e-02   5.5855856e-01   5.9459459e-01   1.6666667e-01
   1.2281744e-01   5.5855856e-01   6.1261261e-01   1.6666667e-01
   1.6724076e-01   5.5855856e-01   6.3063063e-01   1.6666667e-01
   1.8980877e-01   5.6756757e-01   6.3963964e-01   1.6666667e-01
   1.8505761e-01   5.7657658e-01   6.4864865e-01   1.6666667e-01
   1.6914123e-01   5.8558559e-01   6.4864865e-01   1.6666667e-01
   1.4502910e-01   5.9459459e-01   6.5765766e-01   1.6666667e-01
   1.1770994e-01   6.0360360e-01   6.5765766e-01   1.6666667e-01
   9.8111415e-02   6.1261261e-01   6.6666667e-01   1.6666667e-01
   7.6731203e-02   6.3063063e-01   6.6666667e-01   1.6666667e-01
   5.4519539e-02   6.3963964e-01   6.6666667e-01   1.6666667e-01
   4.7274023e-02   6.4864865e-01   6.6666667e-01   1.6666667e-01
   3.9197054e-02   6.5765766e-01   6.6666667e-01   1.6666667e-01
   2.9694738e-02   6.5765766e-01   6.7567568e-01   1.6666667e-01
   2.3755790e-02   6.6666667e-01   6.6666667e-01   1.6666667e-01
   1.8767074e-02   6.6216216e-01   6.6441441e-01   0.0000000e+00
   1.2709348e-02   6.5765766e-01   6.6216216e-01   0.0000000e+00
   2.0548759e-02   6.5315315e-01   6.5990991e-01   0.0000000e+00
   3.0526191e-02   6.4864865e-01   6.5765766e-01   1.6666667e-01
   3.4445896e-02   6.4864865e-01   6.5765766e-01   1.6666667e-01
   3.4089559e-02   6.4864865e-01   6.5765766e-01   1.6666667e-01
   2.9813517e-02   6.4864865e-01   6.5765766e-01   1.6666667e-01
   5.5469771e-02   6.2162162e-01   6.3063063e-01   1.6666667e-01
   6.7347666e-02   6.0360360e-01   6.3963964e-01   1.6666667e-01
   7.8631666e-02   5.9459459e-01   6.3963964e-01   1.6666667e-01
   8.3026488e-02   5.9459459e-01   6.3963964e-01   1.6666667e-01
   7.8394109e-02   5.9459459e-01   6.3963964e-01   1.6666667e-01
   7.0079582e-02   5.8558559e-01   6.3063063e-01   1.6666667e-01
   6.8891792e-02   5.7657658e-01   6.0360360e-01   1.6666667e-01
   9.1578572e-02   5.7657658e-01   6.0360360e-01   1.6666667e-01
   1.3243853e-01   5.6756757e-01   7.2972973e-01   3.3333333e-01
   1.8505761e-01   5.6756757e-01   7.2972973e-01   3.3333333e-01
   2.2045374e-01   5.6756757e-01   7.3873874e-01   3.3333333e-01
   2.3933959e-01   5.7657658e-01   7.3873874e-01   3.3333333e-01
   2.5905690e-01   5.7657658e-01   9.3693694e-01   5.0000000e-01
   2.9635349e-01   5.7657658e-01   9.6396396e-01   5.0000000e-01
   3.4303361e-01   5.8558559e-01   9.8198198e-01   3.3333333e-01
   3.5312983e-01   5.9459459e-01   9.8198198e-01   5.0000000e-01
   3.3151206e-01   6.0360360e-01   9.9099099e-01   5.0000000e-01
   2.8946431e-01   6.1261261e-01   9.9099099e-01   3.3333333e-01
   2.5881934e-01   6.2162162e-01   9.9099099e-01   3.3333333e-01
   2.5252405e-01   6.3963964e-01   1.0000000e+00   5.0000000e-01
   3.3792612e-01   6.4864865e-01   1.0000000e+00   5.0000000e-01
   4.6109989e-01   6.4864865e-01   1.0000000e+00   3.3333333e-01
   6.1670032e-01   6.4864865e-01   1.0000000e+00   3.3333333e-01
   7.5412757e-01   6.3963964e-01   9.9099099e-01   3.3333333e-01
   8.9155482e-01   6.2162162e-01   9.9099099e-01   3.3333333e-01
   9.9287326e-01   5.6756757e-01   9.9099099e-01   1.6666667e-01
   1.0000000e+00   5.6756757e-01   9.8198198e-01   1.6666667e-01
   9.1507305e-01   5.6756757e-01   9.7297297e-01   1.6666667e-01
   7.9629410e-01   5.6756757e-01   9.6396396e-01   1.6666667e-01
   6.4437582e-01   5.6756757e-01   9.3693694e-01   1.6666667e-01
   4.8746882e-01   5.7657658e-01   9.2792793e-01   3.3333333e-01
   3.2272241e-01   5.8558559e-01   7.5675676e-01   1.6666667e-01
   1.8208813e-01   5.9459459e-01   7.1171171e-01   1.6666667e-01
   9.6210951e-02   6.2162162e-01   6.3963964e-01   1.6666667e-01
   2.9457180e-02   6.2162162e-01   6.3963964e-01   0.0000000e+00
