   2.6700000e+02
   8.0700419e-02   6.8181818e-01   6.9696970e-01   1.6666667e-01
   2.6170537e-01   5.7575758e-01   7.2727273e-01   1.6666667e-01
   4.1092501e-01   5.6060606e-01   7.2727273e-01   1.6666667e-01
   4.9086410e-01   5.6060606e-01   7.4242424e-01   1.6666667e-01
   4.9010278e-01   5.6060606e-01   7.4242424e-01   1.6666667e-01
   4.6117244e-01   5.7575758e-01   7.5757576e-01   1.6666667e-01
   3.9969547e-01   5.7575758e-01   7.5757576e-01   1.6666667e-01
   3.3764751e-01   5.9090909e-01   7.5757576e-01   1.6666667e-01
   2.6931861e-01   5.9090909e-01   7.4242424e-01   1.6666667e-01
   2.0708032e-01   6.0606061e-01   7.2727273e-01   1.6666667e-01
   1.4522269e-01   6.0606061e-01   6.8181818e-01   1.6666667e-01
   8.2413399e-02   6.2121212e-01   6.5151515e-01   1.6666667e-01
   4.7392463e-02   6.3636364e-01   6.3636364e-01   1.6666667e-01
   2.0746098e-02   6.2987013e-01   6.3203463e-01   0.0000000e+00
   6.0905976e-03   6.2337662e-01   6.2770563e-01   0.0000000e+00
   6.4712600e-03   6.1688312e-01   6.2337662e-01   0.0000000e+00
   5.5196041e-03   6.1038961e-01   6.1904762e-01   0.0000000e+00
   5.7099353e-03   6.0389610e-01   6.1471861e-01   0.0000000e+00
   1.9033118e-02   5.9740260e-01   6.1038961e-01   0.0000000e+00
   6.0905976e-02   5.9090909e-01   6.0606061e-01   1.6666667e-01
   1.1686334e-01   5.9090909e-01   6.5151515e-01   1.6666667e-01
   1.7700799e-01   5.9090909e-01   6.6666667e-01   1.6666667e-01
   2.1298059e-01   5.9090909e-01   6.9696970e-01   1.6666667e-01
   2.2820708e-01   6.0606061e-01   7.1212121e-01   1.6666667e-01
   2.1336125e-01   6.0606061e-01   7.1212121e-01   1.6666667e-01
   2.0118005e-01   6.2121212e-01   7.2727273e-01   1.6666667e-01
   1.6711077e-01   6.3636364e-01   7.2727273e-01   1.6666667e-01
   1.3932242e-01   6.6666667e-01   7.4242424e-01   1.6666667e-01
   1.0030453e-01   6.9696970e-01   7.4242424e-01   1.6666667e-01
   7.3277503e-02   7.1212121e-01   7.4242424e-01   1.6666667e-01
   6.9090217e-02   7.1212121e-01   7.5757576e-01   1.6666667e-01
   6.0525314e-02   7.2727273e-01   7.5757576e-01   1.6666667e-01
   4.6250476e-02   7.2727273e-01   7.4242424e-01   1.6666667e-01
   3.9588885e-02   7.4242424e-01   7.4242424e-01   1.6666667e-01
   2.4933384e-02   7.2878788e-01   7.3333333e-01   0.0000000e+00
   1.9033118e-03   7.1515152e-01   7.2424242e-01   0.0000000e+00
   3.8066235e-03   7.0151515e-01   7.1515152e-01   0.0000000e+00
   3.8066235e-03   6.8787879e-01   7.0606061e-01   0.0000000e+00
   3.8066235e-03   6.7424242e-01   6.9696970e-01   0.0000000e+00
   3.8066235e-03   6.6060606e-01   6.8787879e-01   0.0000000e+00
   3.8066235e-03   6.4696970e-01   6.7878788e-01   0.0000000e+00
   2.4743053e-03   6.3333333e-01   6.6969697e-01   0.0000000e+00
   1.2752189e-02   6.1969697e-01   6.6060606e-01   0.0000000e+00
   8.4316711e-02   6.0606061e-01   6.5151515e-01   1.6666667e-01
   2.0765131e-01   5.7575758e-01   6.6666667e-01   1.6666667e-01
   3.3288923e-01   5.6060606e-01   6.8181818e-01   1.6666667e-01
   4.1682528e-01   5.6060606e-01   6.9696970e-01   1.6666667e-01
   4.6535973e-01   5.4545455e-01   7.1212121e-01   1.6666667e-01
   4.8077655e-01   5.4545455e-01   7.2727273e-01   1.6666667e-01
   4.5793681e-01   5.4545455e-01   7.2727273e-01   1.6666667e-01
   4.3452608e-01   5.6060606e-01   7.4242424e-01   1.6666667e-01
   4.1929958e-01   5.6060606e-01   7.4242424e-01   1.6666667e-01
   4.1397031e-01   5.6060606e-01   7.4242424e-01   1.6666667e-01
   4.2653217e-01   5.6060606e-01   7.4242424e-01   1.6666667e-01
   4.0959269e-01   5.7575758e-01   7.4242424e-01   1.6666667e-01
   3.5001903e-01   5.9090909e-01   7.4242424e-01   1.6666667e-01
   2.7940617e-01   5.9090909e-01   7.2727273e-01   1.6666667e-01
   2.2382946e-01   6.0606061e-01   7.2727273e-01   1.6666667e-01
   1.6539779e-01   6.3636364e-01   7.2727273e-01   1.6666667e-01
   9.8972212e-02   6.6666667e-01   7.2727273e-01   1.6666667e-01
   3.9779216e-02   6.6287879e-01   7.2222222e-01   0.0000000e+00
   0.0000000e+00   6.5909091e-01   7.1717172e-01   0.0000000e+00
   3.8066235e-03   6.5530303e-01   7.1212121e-01   0.0000000e+00
   3.8066235e-03   6.5151515e-01   7.0707071e-01   0.0000000e+00
   3.8066235e-03   6.4772727e-01   7.0202020e-01   0.0000000e+00
   3.8066235e-03   6.4393939e-01   6.9696970e-01   0.0000000e+00
   3.8066235e-03   6.4015152e-01   6.9191919e-01   0.0000000e+00
   3.8066235e-03   6.3636364e-01   6.8686869e-01   0.0000000e+00
   3.8066235e-03   6.3257576e-01   6.8181818e-01   0.0000000e+00
   3.8066235e-03   6.2878788e-01   6.7676768e-01   0.0000000e+00
   3.8066235e-03   6.2500000e-01   6.7171717e-01   0.0000000e+00
   3.8066235e-03   6.2121212e-01   6.6666667e-01   0.0000000e+00
   3.8066235e-03   6.1742424e-01   6.6161616e-01   0.0000000e+00
   3.8066235e-03   6.1363636e-01   6.5656566e-01   0.0000000e+00
   3.8066235e-03   6.0984848e-01   6.5151515e-01   0.0000000e+00
   3.8066235e-03   6.0606061e-01   6.4646465e-01   0.0000000e+00
   3.8066235e-03   6.0227273e-01   6.4141414e-01   0.0000000e+00
   3.8066235e-03   5.9848485e-01   6.3636364e-01   0.0000000e+00
   3.8066235e-03   5.9469697e-01   6.3131313e-01   0.0000000e+00
   3.8066235e-03   5.9090909e-01   6.2626263e-01   0.0000000e+00
   3.8066235e-03   5.8712121e-01   6.2121212e-01   0.0000000e+00
   3.0452988e-03   5.8333333e-01   6.1616162e-01   0.0000000e+00
   9.5165588e-03   5.7954545e-01   6.1111111e-01   0.0000000e+00
   7.0232204e-02   5.7575758e-01   6.0606061e-01   1.6666667e-01
   1.8671488e-01   5.3030303e-01   6.3636364e-01   1.6666667e-01
   2.7750285e-01   5.3030303e-01   6.6666667e-01   1.6666667e-01
   3.1499810e-01   5.1515152e-01   6.6666667e-01   1.6666667e-01
   3.1880472e-01   5.1515152e-01   6.8181818e-01   1.6666667e-01
   2.9158736e-01   5.3030303e-01   6.8181818e-01   1.6666667e-01
   2.6151504e-01   5.6060606e-01   6.9696970e-01   1.6666667e-01
   2.2002284e-01   6.0606061e-01   6.9696970e-01   1.6666667e-01
   1.8328892e-01   6.0606061e-01   6.9696970e-01   1.6666667e-01
   1.8138561e-01   6.2121212e-01   7.1212121e-01   1.6666667e-01
   1.8385992e-01   6.2121212e-01   7.1212121e-01   1.6666667e-01
   1.7453369e-01   6.3636364e-01   7.1212121e-01   1.6666667e-01
   1.6863342e-01   6.5151515e-01   7.2727273e-01   1.6666667e-01
   1.4370004e-01   6.6666667e-01   7.2727273e-01   1.6666667e-01
   1.0639513e-01   6.6666667e-01   7.2727273e-01   1.6666667e-01
   8.3174724e-02   6.6666667e-01   7.1212121e-01   1.6666667e-01
   6.4902931e-02   6.6666667e-01   6.8181818e-01   1.6666667e-01
   4.2634183e-02   6.5909091e-01   6.7424242e-01   0.0000000e+00
   3.6733917e-02   6.5151515e-01   6.6666667e-01   0.0000000e+00
   2.2839741e-02   6.4393939e-01   6.5909091e-01   0.0000000e+00
   2.4172059e-02   6.3636364e-01   6.5151515e-01   0.0000000e+00
   1.9413780e-02   6.2878788e-01   6.4393939e-01   0.0000000e+00
   1.5987819e-02   6.2121212e-01   6.3636364e-01   0.0000000e+00
   3.7875904e-02   6.1363636e-01   6.2878788e-01   0.0000000e+00
   4.7963456e-02   6.0606061e-01   6.2121212e-01   1.6666667e-01
   4.2253521e-02   6.0606061e-01   6.0606061e-01   1.6666667e-01
   2.3220404e-02   6.0227273e-01   6.0416667e-01   0.0000000e+00
   2.1317092e-02   5.9848485e-01   6.0227273e-01   0.0000000e+00
   2.4172059e-02   5.9469697e-01   6.0037879e-01   0.0000000e+00
   2.6075371e-02   5.9090909e-01   5.9848485e-01   0.0000000e+00
   2.2268748e-02   5.8712121e-01   5.9659091e-01   0.0000000e+00
   1.0277884e-02   5.8333333e-01   5.9469697e-01   0.0000000e+00
   6.4712600e-03   5.7954545e-01   5.9280303e-01   0.0000000e+00
   5.7860678e-02   5.7575758e-01   5.9090909e-01   1.6666667e-01
   1.7586601e-01   5.7575758e-01   6.9696970e-01   1.6666667e-01
   3.0129425e-01   5.7575758e-01   7.1212121e-01   1.6666667e-01
   3.7647507e-01   5.7575758e-01   7.1212121e-01   1.6666667e-01
   3.8675295e-01   5.7575758e-01   7.2727273e-01   1.6666667e-01
   3.7152646e-01   5.9090909e-01   7.2727273e-01   1.6666667e-01
   3.4126380e-01   5.9090909e-01   7.2727273e-01   1.6666667e-01
   2.9653597e-01   6.0606061e-01   7.2727273e-01   1.6666667e-01
   2.3696231e-01   6.0606061e-01   7.2727273e-01   1.6666667e-01
   1.9128283e-01   6.2121212e-01   7.1212121e-01   1.6666667e-01
   1.5968786e-01   6.2121212e-01   7.1212121e-01   1.6666667e-01
   1.1990864e-01   6.2121212e-01   6.9696970e-01   1.6666667e-01
   8.3555386e-02   6.2121212e-01   6.6666667e-01   1.6666667e-01
   5.0818424e-02   6.1553030e-01   6.5530303e-01   0.0000000e+00
   2.6836696e-02   6.0984848e-01   6.4393939e-01   0.0000000e+00
   9.5165588e-03   6.0416667e-01   6.3257576e-01   0.0000000e+00
   3.2356300e-03   5.9848485e-01   6.2121212e-01   0.0000000e+00
   3.6162923e-03   5.9280303e-01   6.0984848e-01   0.0000000e+00
   5.1389418e-03   5.8712121e-01   5.9848485e-01   0.0000000e+00
   1.8652455e-02   5.8143939e-01   5.8712121e-01   0.0000000e+00
   3.7114579e-02   5.7575758e-01   5.7575758e-01   1.6666667e-01
   4.2253521e-02   5.7575758e-01   5.9090909e-01   1.6666667e-01
   8.7933003e-02   5.7575758e-01   6.0606061e-01   1.6666667e-01
   1.7358203e-01   5.7575758e-01   6.8181818e-01   1.6666667e-01
   2.5732775e-01   5.9090909e-01   6.9696970e-01   1.6666667e-01
   3.0224591e-01   5.9090909e-01   7.1212121e-01   1.6666667e-01
   3.0833651e-01   5.9090909e-01   7.1212121e-01   1.6666667e-01
   2.9672630e-01   6.0606061e-01   7.2727273e-01   1.6666667e-01
   2.6551199e-01   6.0606061e-01   7.2727273e-01   1.6666667e-01
   2.3391702e-01   6.0606061e-01   7.2727273e-01   1.6666667e-01
   2.0803198e-01   6.0606061e-01   7.2727273e-01   1.6666667e-01
   1.7681766e-01   5.9090909e-01   7.1212121e-01   1.6666667e-01
   1.3741911e-01   5.9090909e-01   6.8181818e-01   1.6666667e-01
   1.0715645e-01   5.9090909e-01   6.3636364e-01   1.6666667e-01
   7.3658165e-02   5.7575758e-01   6.2121212e-01   1.6666667e-01
   6.8328892e-02   5.7575758e-01   6.0606061e-01   1.6666667e-01
   9.0787971e-02   5.7575758e-01   6.0606061e-01   1.6666667e-01
   1.0354016e-01   5.7575758e-01   6.2121212e-01   1.6666667e-01
   1.1400837e-01   5.7575758e-01   6.3636364e-01   1.6666667e-01
   1.2162162e-01   5.7575758e-01   6.3636364e-01   1.6666667e-01
   1.1648268e-01   5.9090909e-01   6.5151515e-01   1.6666667e-01
   1.0334983e-01   6.0606061e-01   6.5151515e-01   1.6666667e-01
   8.5268367e-02   6.2121212e-01   6.6666667e-01   1.6666667e-01
   7.4419490e-02   6.3636364e-01   6.6666667e-01   1.6666667e-01
   5.9002665e-02   6.5151515e-01   6.8181818e-01   1.6666667e-01
   4.6060145e-02   6.6666667e-01   6.8181818e-01   1.6666667e-01
   4.2443852e-02   6.6666667e-01   6.8181818e-01   1.6666667e-01
   4.2253521e-02   6.8181818e-01   6.8181818e-01   1.6666667e-01
   4.5108489e-02   6.8181818e-01   6.9696970e-01   1.6666667e-01
   4.8534450e-02   6.6666667e-01   6.9696970e-01   1.6666667e-01
   5.2150742e-02   6.6666667e-01   6.9696970e-01   1.6666667e-01
   5.7670346e-02   6.8181818e-01   6.9696970e-01   1.6666667e-01
   5.0628093e-02   6.8181818e-01   6.9696970e-01   1.6666667e-01
   3.8446898e-02   6.8181818e-01   6.8181818e-01   1.6666667e-01
   3.1023982e-02   6.6666667e-01   6.6666667e-01   0.0000000e+00
   2.4743053e-02   6.5151515e-01   6.5151515e-01   0.0000000e+00
   4.5679482e-02   6.3636364e-01   6.3636364e-01   1.6666667e-01
   6.2428626e-02   6.2121212e-01   6.5151515e-01   1.6666667e-01
   8.9074990e-02   6.0606061e-01   6.5151515e-01   1.6666667e-01
   1.0715645e-01   6.0606061e-01   6.6666667e-01   1.6666667e-01
   1.2542825e-01   5.9090909e-01   6.6666667e-01   1.6666667e-01
   2.5409212e-01   4.3939394e-01   6.5151515e-01   3.3333333e-01
   4.7754092e-01   3.6363636e-01   6.5151515e-01   1.6666667e-01
   7.0156072e-01   3.1818182e-01   6.3636364e-01   1.6666667e-01
   8.5039970e-01   3.0303030e-01   6.3636364e-01   1.6666667e-01
   9.3281309e-01   2.5757576e-01   6.3636364e-01   1.6666667e-01
   9.7754092e-01   2.1212121e-01   6.5151515e-01   1.6666667e-01
   1.0000000e+00   1.8181818e-01   6.5151515e-01   1.6666667e-01
   9.6535973e-01   1.6666667e-01   6.6666667e-01   1.6666667e-01
   8.9151123e-01   1.6666667e-01   6.6666667e-01   1.6666667e-01
   8.1366578e-01   1.5151515e-01   6.6666667e-01   1.6666667e-01
   7.4362391e-01   1.5151515e-01   6.6666667e-01   3.3333333e-01
   6.9699277e-01   1.5151515e-01   6.8181818e-01   3.3333333e-01
   6.8976018e-01   1.6666667e-01   6.8181818e-01   3.3333333e-01
   6.4807766e-01   1.6666667e-01   6.8181818e-01   6.6666667e-01
   6.1819566e-01   1.6666667e-01   6.8181818e-01   5.0000000e-01
   5.3844690e-01   1.8181818e-01   6.8181818e-01   5.0000000e-01
   4.7887324e-01   1.9696970e-01   6.8181818e-01   5.0000000e-01
   3.9113057e-01   2.1212121e-01   6.6666667e-01   5.0000000e-01
   2.6703464e-01   2.2727273e-01   6.3636364e-01   3.3333333e-01
   1.4122573e-01   5.7575758e-01   5.7575758e-01   1.6666667e-01
   3.3117625e-02   5.6749311e-01   5.7438017e-01   0.0000000e+00
   1.2942520e-02   5.5922865e-01   5.7300275e-01   0.0000000e+00
   1.1419871e-02   5.5096419e-01   5.7162534e-01   0.0000000e+00
   3.0452988e-03   5.4269972e-01   5.7024793e-01   0.0000000e+00
   5.3292729e-03   5.3443526e-01   5.6887052e-01   0.0000000e+00
   1.3323182e-02   5.2617080e-01   5.6749311e-01   0.0000000e+00
   1.4274838e-02   5.1790634e-01   5.6611570e-01   0.0000000e+00
   1.4845832e-02   5.0964187e-01   5.6473829e-01   0.0000000e+00
   1.2371526e-02   5.0137741e-01   5.6336088e-01   0.0000000e+00
   2.2839741e-02   4.9311295e-01   5.6198347e-01   0.0000000e+00
   1.2428626e-01   4.8484848e-01   5.6060606e-01   1.6666667e-01
   2.5180815e-01   4.6969697e-01   5.9090909e-01   1.6666667e-01
   3.4678340e-01   4.6969697e-01   6.0606061e-01   1.6666667e-01
   3.8085268e-01   4.5454545e-01   6.0606061e-01   1.6666667e-01
   3.8389798e-01   4.5454545e-01   6.2121212e-01   1.6666667e-01
   3.6581652e-01   4.5454545e-01   6.2121212e-01   1.6666667e-01
   3.4221545e-01   4.5454545e-01   6.3636364e-01   1.6666667e-01
   3.0643319e-01   4.6969697e-01   6.3636364e-01   1.6666667e-01
   2.6836696e-01   4.6969697e-01   6.3636364e-01   1.6666667e-01
   2.5942139e-01   4.6969697e-01   6.5151515e-01   3.3333333e-01
   2.4838219e-01   4.8484848e-01   6.5151515e-01   1.6666667e-01
   2.3239437e-01   4.8484848e-01   6.5151515e-01   3.3333333e-01
   2.3049105e-01   5.0000000e-01   6.5151515e-01   3.3333333e-01
   2.0498668e-01   5.1515152e-01   6.6666667e-01   3.3333333e-01
   1.6806243e-01   5.1515152e-01   6.6666667e-01   3.3333333e-01
   1.4122573e-01   5.4545455e-01   6.6666667e-01   3.3333333e-01
   1.1553102e-01   6.0606061e-01   6.6666667e-01   1.6666667e-01
   1.0944043e-01   6.0606061e-01   6.6666667e-01   1.6666667e-01
   1.1191473e-01   6.0606061e-01   6.5151515e-01   1.6666667e-01
   1.1324705e-01   5.9090909e-01   6.5151515e-01   1.6666667e-01
   1.1039208e-01   5.9090909e-01   6.5151515e-01   1.6666667e-01
   1.0563380e-01   5.9090909e-01   6.5151515e-01   1.6666667e-01
   1.0068519e-01   5.9090909e-01   6.3636364e-01   1.6666667e-01
   9.7068900e-02   5.9090909e-01   6.2121212e-01   1.6666667e-01
   1.0068519e-01   5.6060606e-01   6.2121212e-01   1.6666667e-01
   8.7171679e-02   5.6060606e-01   6.0606061e-01   1.6666667e-01
   7.4419490e-02   5.4545455e-01   5.7575758e-01   1.6666667e-01
   8.4697373e-02   5.4545455e-01   5.6060606e-01   1.6666667e-01
   1.1362771e-01   4.8484848e-01   5.4545455e-01   1.6666667e-01
   1.3456414e-01   4.8484848e-01   5.4545455e-01   1.6666667e-01
   1.8424058e-01   4.6969697e-01   6.5151515e-01   3.3333333e-01
   2.5846974e-01   4.6969697e-01   6.5151515e-01   3.3333333e-01
   3.5154168e-01   4.6969697e-01   6.6666667e-01   3.3333333e-01
   4.1606395e-01   4.6969697e-01   6.6666667e-01   1.6666667e-01
   4.6954701e-01   4.8484848e-01   6.6666667e-01   1.6666667e-01
   4.7868291e-01   4.8484848e-01   6.8181818e-01   1.6666667e-01
   4.5298820e-01   5.0000000e-01   6.8181818e-01   1.6666667e-01
   3.9017891e-01   5.0000000e-01   6.8181818e-01   1.6666667e-01
   3.3403121e-01   5.1515152e-01   6.8181818e-01   1.6666667e-01
   2.7445756e-01   5.3030303e-01   6.6666667e-01   1.6666667e-01
   2.1240959e-01   5.4545455e-01   6.6666667e-01   1.6666667e-01
   1.7681766e-01   5.7575758e-01   6.6666667e-01   3.3333333e-01
   1.8823753e-01   6.3636364e-01   9.3939394e-01   3.3333333e-01
   2.2744576e-01   6.5151515e-01   9.5454545e-01   3.3333333e-01
   2.4038828e-01   6.6666667e-01   9.6969697e-01   3.3333333e-01
   2.3258470e-01   6.6666667e-01   9.8484848e-01   3.3333333e-01
   2.4000761e-01   6.8181818e-01   9.8484848e-01   3.3333333e-01
   2.6208603e-01   6.8181818e-01   9.8484848e-01   3.3333333e-01
   2.9977160e-01   6.9696970e-01   1.0000000e+00   3.3333333e-01
   3.2851161e-01   7.1212121e-01   1.0000000e+00   3.3333333e-01
   3.8408831e-01   7.1212121e-01   1.0000000e+00   3.3333333e-01
   4.5451085e-01   7.2727273e-01   1.0000000e+00   3.3333333e-01
   4.7963456e-01   7.4242424e-01   1.0000000e+00   1.6666667e-01
   4.4975257e-01   7.5757576e-01   9.8484848e-01   1.6666667e-01
   3.8789494e-01   7.7272727e-01   9.8484848e-01   1.6666667e-01
   3.2660830e-01   8.0303030e-01   9.6969697e-01   1.6666667e-01
   2.6475067e-01   8.1818182e-01   9.6969697e-01   1.6666667e-01
   1.8918919e-01   8.3333333e-01   9.5454545e-01   1.6666667e-01
   1.2276361e-01   8.7878788e-01   9.2424242e-01   1.6666667e-01
   6.2047963e-02   8.7878788e-01   9.2424242e-01   0.0000000e+00
