   1.5000000e+02
   2.0672179e-02   4.6666667e-01   4.6666667e-01   0.0000000e+00
   1.7204588e-02   4.6666667e-01   4.6666667e-01   0.0000000e+00
   1.3070152e-02   4.6666667e-01   4.6666667e-01   0.0000000e+00
   8.8023473e-03   4.6666667e-01   4.6666667e-01   0.0000000e+00
   7.8687650e-03   4.6666667e-01   4.6666667e-01   0.0000000e+00
   1.1336356e-02   4.6666667e-01   4.6666667e-01   0.0000000e+00
   6.6684449e-03   4.6666667e-01   4.6666667e-01   0.0000000e+00
   2.8007469e-03   4.6666667e-01   4.6666667e-01   0.0000000e+00
   1.2003201e-02   4.6666667e-01   4.6666667e-01   0.0000000e+00
   1.0269405e-02   4.6666667e-01   4.6666667e-01   0.0000000e+00
   2.8007469e-03   4.6666667e-01   4.6666667e-01   0.0000000e+00
   6.2683382e-03   4.6666667e-01   4.6666667e-01   0.0000000e+00
   6.9351827e-03   4.6666667e-01   4.6666667e-01   0.0000000e+00
   8.0021339e-04   4.6666667e-01   4.6666667e-01   0.0000000e+00
   5.3347559e-03   4.6666667e-01   4.6666667e-01   0.0000000e+00
   0.0000000e+00   4.6666667e-01   4.6666667e-01   0.0000000e+00
   1.0669512e-02   4.6666667e-01   4.6666667e-01   0.0000000e+00
   1.6271006e-02   4.6666667e-01   4.6666667e-01   1.6666667e-01
   3.3075487e-02   4.6666667e-01   4.8333333e-01   1.6666667e-01
   4.1877834e-02   4.6666667e-01   5.0000000e-01   1.6666667e-01
   4.8813017e-02   4.6666667e-01   5.1666667e-01   1.6666667e-01
   5.0413444e-02   4.8333333e-01   5.1666667e-01   1.6666667e-01
   4.0410776e-02   4.8333333e-01   5.1666667e-01   1.6666667e-01
   3.5742865e-02   4.8333333e-01   5.0000000e-01   1.6666667e-01
   2.6407042e-02   5.0476190e-01   5.2380952e-01   0.0000000e+00
   1.9338490e-02   5.2619048e-01   5.4761905e-01   0.0000000e+00
   1.6537743e-02   5.4761905e-01   5.7142857e-01   0.0000000e+00
   1.2936783e-02   5.6904762e-01   5.9523810e-01   0.0000000e+00
   1.4670579e-02   5.9047619e-01   6.1904762e-01   0.0000000e+00
   2.2672713e-02   6.1190476e-01   6.4285714e-01   0.0000000e+00
   4.8012803e-02   6.3333333e-01   6.6666667e-01   1.6666667e-01
   1.2710056e-01   4.6666667e-01   6.8333333e-01   3.3333333e-01
   2.9221126e-01   4.1666667e-01   7.0000000e-01   1.6666667e-01
   4.7492665e-01   3.8333333e-01   7.1666667e-01   1.6666667e-01
   5.8935716e-01   3.5000000e-01   7.3333333e-01   1.6666667e-01
   6.1469725e-01   3.5000000e-01   7.3333333e-01   1.6666667e-01
   5.7575353e-01   3.5000000e-01   7.3333333e-01   1.6666667e-01
   5.0133369e-01   3.5000000e-01   7.3333333e-01   1.6666667e-01
   4.1957855e-01   3.6666667e-01   7.5000000e-01   1.6666667e-01
   3.2181915e-01   4.0000000e-01   7.5000000e-01   1.6666667e-01
   2.1512403e-01   4.3333333e-01   7.5000000e-01   5.0000000e-01
   1.3470259e-01   4.5000000e-01   7.5000000e-01   3.3333333e-01
   8.7623366e-02   4.6666667e-01   7.5000000e-01   3.3333333e-01
   6.6284342e-02   7.0000000e-01   7.5000000e-01   1.6666667e-01
   4.0144038e-02   7.0000000e-01   7.3333333e-01   1.6666667e-01
   2.7073886e-02   6.8666667e-01   7.1666667e-01   0.0000000e+00
   8.1355028e-03   6.7333333e-01   7.0000000e-01   0.0000000e+00
   5.8682315e-03   6.6000000e-01   6.8333333e-01   0.0000000e+00
   6.1349693e-03   6.4666667e-01   6.6666667e-01   0.0000000e+00
   9.3358229e-03   6.3333333e-01   6.5000000e-01   1.6666667e-01
   8.4022406e-03   6.3333333e-01   6.5000000e-01   1.6666667e-01
   1.5070686e-02   6.3333333e-01   6.3333333e-01   1.6666667e-01
   3.1341691e-02   5.8333333e-01   5.8333333e-01   1.6666667e-01
   2.6006935e-02   5.6666667e-01   6.0000000e-01   1.6666667e-01
   2.1872499e-02   5.6666667e-01   6.0000000e-01   1.6666667e-01
   3.0941584e-02   5.6666667e-01   5.8333333e-01   1.6666667e-01
   7.9621232e-02   4.1666667e-01   4.6666667e-01   1.6666667e-01
   2.8941051e-01   2.5000000e-01   5.1666667e-01   1.6666667e-01
   5.8055481e-01   5.0000000e-02   5.5000000e-01   1.6666667e-01
   7.9381168e-01   0.0000000e+00   5.8333333e-01   1.6666667e-01
   9.1477727e-01   0.0000000e+00   6.0000000e-01   1.6666667e-01
   9.8172846e-01   0.0000000e+00   6.6666667e-01   1.6666667e-01
   1.0000000e+00   0.0000000e+00   6.8333333e-01   1.6666667e-01
   9.4691918e-01   0.0000000e+00   6.8333333e-01   1.6666667e-01
   8.2835423e-01   0.0000000e+00   7.0000000e-01   3.3333333e-01
   6.7111230e-01   2.3333333e-01   7.0000000e-01   1.6666667e-01
   5.0746866e-01   3.0000000e-01   7.0000000e-01   1.6666667e-01
   3.9957322e-01   3.8333333e-01   7.0000000e-01   1.6666667e-01
   3.0328087e-01   4.8333333e-01   7.0000000e-01   1.6666667e-01
   2.1872499e-01   5.0000000e-01   7.0000000e-01   1.6666667e-01
   1.7124567e-01   5.0000000e-01   6.8333333e-01   1.6666667e-01
   1.2576687e-01   4.8333333e-01   6.3333333e-01   1.6666667e-01
   1.0949587e-01   4.6666667e-01   6.0000000e-01   1.6666667e-01
   8.6956522e-02   4.3333333e-01   5.1666667e-01   1.6666667e-01
   7.7620699e-02   4.1666667e-01   5.1666667e-01   1.6666667e-01
   7.7487330e-02   4.1666667e-01   5.0000000e-01   1.6666667e-01
   7.6287010e-02   4.1666667e-01   4.8333333e-01   1.6666667e-01
   7.9487863e-02   4.1666667e-01   4.6666667e-01   1.6666667e-01
   8.4155775e-02   4.1666667e-01   4.8333333e-01   1.6666667e-01
   1.0829555e-01   4.1666667e-01   5.0000000e-01   1.6666667e-01
   1.4590557e-01   4.1666667e-01   5.3333333e-01   1.6666667e-01
   1.7711390e-01   4.3333333e-01   5.5000000e-01   1.6666667e-01
   1.9231795e-01   4.3333333e-01   5.6666667e-01   1.6666667e-01
   2.0058682e-01   4.5000000e-01   5.8333333e-01   1.6666667e-01
   1.9618565e-01   4.6666667e-01   6.0000000e-01   1.6666667e-01
   1.8178181e-01   4.8333333e-01   6.1666667e-01   1.6666667e-01
   1.6404374e-01   5.0000000e-01   6.1666667e-01   1.6666667e-01
   1.4510536e-01   5.1666667e-01   6.3333333e-01   1.6666667e-01
   1.2349960e-01   5.5000000e-01   6.3333333e-01   1.6666667e-01
   9.7225927e-02   5.6666667e-01   6.5000000e-01   1.6666667e-01
   8.2688717e-02   5.8333333e-01   6.5000000e-01   1.6666667e-01
   7.2819419e-02   6.0000000e-01   6.6666667e-01   1.6666667e-01
   6.3616965e-02   6.1666667e-01   6.6666667e-01   1.6666667e-01
   6.0149373e-02   6.3333333e-01   6.6666667e-01   1.6666667e-01
   5.8282209e-02   6.3333333e-01   6.8333333e-01   1.6666667e-01
   5.6548413e-02   6.3333333e-01   6.8333333e-01   1.6666667e-01
   5.9882635e-02   6.5000000e-01   6.8333333e-01   1.6666667e-01
   6.3350227e-02   6.3333333e-01   6.8333333e-01   1.6666667e-01
   6.5084022e-02   6.3333333e-01   6.8333333e-01   1.6666667e-01
   6.8684983e-02   6.3333333e-01   6.8333333e-01   1.6666667e-01
   6.7351294e-02   6.3333333e-01   6.8333333e-01   1.6666667e-01
   7.1885836e-02   6.1666667e-01   6.8333333e-01   1.6666667e-01
   8.1088290e-02   6.0000000e-01   6.8333333e-01   1.6666667e-01
   9.0957589e-02   5.8333333e-01   6.6666667e-01   1.6666667e-01
   1.1763137e-01   5.3333333e-01   6.6666667e-01   1.6666667e-01
   1.9511870e-01   4.6666667e-01   6.6666667e-01   1.6666667e-01
   3.0354761e-01   1.0000000e-01   6.5000000e-01   3.3333333e-01
   3.6583089e-01   1.0000000e-01   6.3333333e-01   3.3333333e-01
   3.6729795e-01   1.0000000e-01   6.1666667e-01   3.3333333e-01
   3.5742865e-01   1.0000000e-01   6.0000000e-01   3.3333333e-01
   3.3795679e-01   1.1666667e-01   6.0000000e-01   3.3333333e-01
   2.9074420e-01   1.3333333e-01   6.0000000e-01   3.3333333e-01
   2.4393172e-01   4.3333333e-01   6.0000000e-01   1.6666667e-01
   1.9271806e-01   4.5000000e-01   6.1666667e-01   1.6666667e-01
   1.4617231e-01   4.6666667e-01   6.1666667e-01   1.6666667e-01
   1.1056282e-01   5.6666667e-01   6.1666667e-01   1.6666667e-01
   7.7887437e-02   5.6666667e-01   6.1666667e-01   1.6666667e-01
   6.9751934e-02   5.8333333e-01   6.3333333e-01   1.6666667e-01
   6.3883702e-02   5.8333333e-01   6.3333333e-01   1.6666667e-01
   6.8151507e-02   6.0000000e-01   6.3333333e-01   1.6666667e-01
   6.8151507e-02   6.0000000e-01   6.3333333e-01   1.6666667e-01
   6.3483596e-02   6.0000000e-01   6.5000000e-01   1.6666667e-01
   6.1749800e-02   6.0000000e-01   6.5000000e-01   1.6666667e-01
   5.8949053e-02   6.0000000e-01   6.5000000e-01   1.6666667e-01
   5.6281675e-02   6.0000000e-01   6.5000000e-01   1.6666667e-01
   5.7882102e-02   6.0000000e-01   6.5000000e-01   1.6666667e-01
   6.3483596e-02   5.8333333e-01   6.5000000e-01   1.6666667e-01
   6.6951187e-02   5.8333333e-01   6.5000000e-01   1.6666667e-01
   7.8287543e-02   5.6666667e-01   6.3333333e-01   1.6666667e-01
   9.6959189e-02   5.3333333e-01   6.3333333e-01   1.6666667e-01
   1.1989864e-01   5.1666667e-01   6.3333333e-01   1.6666667e-01
   1.7417978e-01   4.1666667e-01   6.1666667e-01   3.3333333e-01
   2.4646572e-01   4.0000000e-01   6.1666667e-01   1.6666667e-01
   3.0128034e-01   4.0000000e-01   6.0000000e-01   1.6666667e-01
   2.9621232e-01   4.0000000e-01   5.8333333e-01   1.6666667e-01
   2.6847159e-01   4.0000000e-01   5.6666667e-01   1.6666667e-01
   2.3686316e-01   4.0000000e-01   5.6666667e-01   1.6666667e-01
   2.1405708e-01   4.1666667e-01   5.6666667e-01   1.6666667e-01
   2.0138704e-01   4.1666667e-01   5.6666667e-01   1.6666667e-01
   2.5686850e-01   4.6666667e-01   6.1666667e-01   1.6666667e-01
   3.5902907e-01   4.8333333e-01   7.6666667e-01   1.6666667e-01
   4.4318485e-01   5.0000000e-01   7.8333333e-01   1.6666667e-01
   4.5012003e-01   5.1666667e-01   7.8333333e-01   1.6666667e-01
   4.2077887e-01   5.3333333e-01   8.0000000e-01   1.6666667e-01
   3.7209923e-01   5.5000000e-01   8.0000000e-01   1.6666667e-01
   3.0594825e-01   5.6666667e-01   7.8333333e-01   1.6666667e-01
   2.3152841e-01   5.8333333e-01   7.8333333e-01   1.6666667e-01
   1.6110963e-01   6.0000000e-01   7.6666667e-01   1.6666667e-01
   9.2024540e-02   6.3333333e-01   7.5000000e-01   1.6666667e-01
   2.7073886e-02   6.3333333e-01   7.5000000e-01   0.0000000e+00
