   3.9900000e+02
   1.7874986e-02   5.6000000e-01   6.1333333e-01   0.0000000e+00
   6.2173865e-02   5.6000000e-01   6.1333333e-01   1.6666667e-01
   1.1335628e-01   5.3333333e-01   6.2666667e-01   1.6666667e-01
   1.5221494e-01   5.3333333e-01   6.4000000e-01   1.6666667e-01
   1.7031198e-01   5.2000000e-01   6.4000000e-01   1.6666667e-01
   1.7475297e-01   5.0666667e-01   6.5333333e-01   1.6666667e-01
   1.8119241e-01   4.9333333e-01   6.5333333e-01   1.6666667e-01
   1.7830576e-01   4.8000000e-01   6.6666667e-01   1.6666667e-01
   1.6920173e-01   4.8000000e-01   6.6666667e-01   3.3333333e-01
   1.5743311e-01   4.6666667e-01   6.6666667e-01   3.3333333e-01
   1.2889974e-01   4.6666667e-01   6.8000000e-01   3.3333333e-01
   1.1735317e-01   4.6666667e-01   6.8000000e-01   3.3333333e-01
   1.0858221e-01   4.6666667e-01   6.8000000e-01   3.3333333e-01
   1.0425225e-01   4.6666667e-01   5.2000000e-01   1.6666667e-01
   9.6036416e-02   4.8000000e-01   5.2000000e-01   1.6666667e-01
   7.8716554e-02   4.8000000e-01   5.3333333e-01   1.6666667e-01
   7.8827579e-02   4.9333333e-01   5.3333333e-01   1.6666667e-01
   7.2943266e-02   4.9333333e-01   5.4666667e-01   1.6666667e-01
   6.6281781e-02   5.0666667e-01   5.4666667e-01   1.6666667e-01
   5.4624181e-02   5.0666667e-01   5.4666667e-01   1.6666667e-01
   4.6741423e-02   5.2000000e-01   5.4666667e-01   1.6666667e-01
   3.6638170e-02   5.3333333e-01   5.4666667e-01   1.6666667e-01
   3.1975130e-02   5.3333333e-01   5.4666667e-01   1.6666667e-01
   2.5091595e-02   5.4666667e-01   5.6000000e-01   1.6666667e-01
   2.0428556e-02   5.4666667e-01   5.6000000e-01   1.6666667e-01
   1.3433996e-02   5.4380952e-01   5.5619048e-01   0.0000000e+00
   1.0880426e-02   5.4095238e-01   5.5238095e-01   0.0000000e+00
   9.6591540e-03   5.3809524e-01   5.4857143e-01   0.0000000e+00
   8.9930054e-03   5.3523810e-01   5.4476190e-01   0.0000000e+00
   4.4409903e-03   5.3238095e-01   5.4095238e-01   0.0000000e+00
   2.2204952e-04   5.2952381e-01   5.3714286e-01   0.0000000e+00
   2.2204952e-04   5.2666667e-01   5.3333333e-01   0.0000000e+00
   2.2204952e-04   5.2380952e-01   5.2952381e-01   0.0000000e+00
   2.2204952e-04   5.2095238e-01   5.2571429e-01   0.0000000e+00
   2.2204952e-04   5.1809524e-01   5.2190476e-01   0.0000000e+00
   2.2204952e-04   5.1523810e-01   5.1809524e-01   0.0000000e+00
   4.7740646e-03   5.1238095e-01   5.1428571e-01   0.0000000e+00
   1.3878095e-02   5.0952381e-01   5.1047619e-01   0.0000000e+00
   2.4203397e-02   5.0666667e-01   5.0666667e-01   1.6666667e-01
   3.6527146e-02   4.9333333e-01   5.2000000e-01   1.6666667e-01
   5.2736760e-02   4.9333333e-01   5.3333333e-01   1.6666667e-01
   9.0929277e-02   4.9333333e-01   5.3333333e-01   1.6666667e-01
   1.7142223e-01   4.9333333e-01   6.5333333e-01   3.3333333e-01
   2.4369934e-01   4.9333333e-01   6.6666667e-01   1.6666667e-01
   2.8278006e-01   4.9333333e-01   6.6666667e-01   1.6666667e-01
   2.8344621e-01   5.0666667e-01   6.8000000e-01   1.6666667e-01
   2.6579327e-01   5.0666667e-01   6.8000000e-01   1.6666667e-01
   2.4492062e-01   5.2000000e-01   6.8000000e-01   1.6666667e-01
   2.1694238e-01   5.3333333e-01   6.8000000e-01   1.6666667e-01
   1.9118463e-01   5.3333333e-01   6.6666667e-01   1.6666667e-01
   1.5865438e-01   5.3333333e-01   6.5333333e-01   1.6666667e-01
   1.2545798e-01   5.4666667e-01   6.4000000e-01   1.6666667e-01
   9.7257688e-02   5.4666667e-01   6.2666667e-01   1.6666667e-01
   7.2832242e-02   5.4666667e-01   6.0000000e-01   1.6666667e-01
   5.0627290e-02   5.4666667e-01   6.0000000e-01   1.6666667e-01
   3.2863329e-02   5.6000000e-01   5.7333333e-01   1.6666667e-01
   1.8097036e-02   5.5500000e-01   5.6666667e-01   0.0000000e+00
   0.0000000e+00   5.5000000e-01   5.6000000e-01   0.0000000e+00
   2.2204952e-04   5.4500000e-01   5.5333333e-01   0.0000000e+00
   2.2204952e-04   5.4000000e-01   5.4666667e-01   0.0000000e+00
   4.2189408e-03   5.3500000e-01   5.4000000e-01   0.0000000e+00
   9.4371045e-03   5.3000000e-01   5.3333333e-01   0.0000000e+00
   1.0769402e-02   5.2500000e-01   5.2666667e-01   0.0000000e+00
   1.2767847e-02   5.2000000e-01   5.2000000e-01   1.6666667e-01
   2.0761630e-02   5.2000000e-01   5.2000000e-01   1.6666667e-01
   2.6645942e-02   5.0666667e-01   5.2000000e-01   1.6666667e-01
   3.3973576e-02   5.0666667e-01   5.3333333e-01   1.6666667e-01
   4.5298101e-02   5.0666667e-01   5.3333333e-01   1.6666667e-01
   7.5274786e-02   5.2000000e-01   5.4666667e-01   1.6666667e-01
   1.4111247e-01   5.2000000e-01   6.4000000e-01   1.6666667e-01
   1.8652159e-01   5.2000000e-01   6.5333333e-01   1.6666667e-01
   2.1483291e-01   5.3333333e-01   6.5333333e-01   1.6666667e-01
   2.1616520e-01   5.3333333e-01   6.6666667e-01   1.6666667e-01
   1.9873432e-01   5.4666667e-01   6.6666667e-01   1.6666667e-01
   1.7997113e-01   5.4666667e-01   6.6666667e-01   1.6666667e-01
   1.5043855e-01   5.4666667e-01   6.6666667e-01   1.6666667e-01
   1.2679027e-01   5.4666667e-01   6.6666667e-01   1.6666667e-01
   1.0369712e-01   5.4666667e-01   6.5333333e-01   1.6666667e-01
   8.5933163e-02   5.4666667e-01   6.2666667e-01   1.6666667e-01
   6.6503830e-02   5.4666667e-01   6.0000000e-01   1.6666667e-01
   5.1071389e-02   5.4666667e-01   5.7333333e-01   1.6666667e-01
   3.7526368e-02   5.3333333e-01   5.4666667e-01   1.6666667e-01
   3.7193294e-02   5.2000000e-01   5.4666667e-01   1.6666667e-01
   3.9302765e-02   5.0666667e-01   5.3333333e-01   1.6666667e-01
   4.3854780e-02   5.0666667e-01   5.3333333e-01   1.6666667e-01
   5.3735983e-02   5.0666667e-01   5.4666667e-01   1.6666667e-01
   6.9834573e-02   5.0666667e-01   5.4666667e-01   1.6666667e-01
   8.9596980e-02   5.0666667e-01   5.6000000e-01   1.6666667e-01
   1.1080271e-01   5.0666667e-01   5.7333333e-01   1.6666667e-01
   1.2767847e-01   5.0666667e-01   6.0000000e-01   1.6666667e-01
   1.4000222e-01   5.2000000e-01   6.1333333e-01   1.6666667e-01
   1.4266681e-01   5.2000000e-01   6.2666667e-01   1.6666667e-01
   1.4000222e-01   5.3333333e-01   6.2666667e-01   1.6666667e-01
   1.2512490e-01   5.4666667e-01   6.4000000e-01   1.6666667e-01
   1.1002554e-01   5.6000000e-01   6.4000000e-01   1.6666667e-01
   9.3371822e-02   5.7333333e-01   6.5333333e-01   1.6666667e-01
   7.5718885e-02   6.0000000e-01   6.5333333e-01   1.6666667e-01
   6.1729766e-02   6.1333333e-01   6.6666667e-01   1.6666667e-01
   5.0738315e-02   6.2666667e-01   6.6666667e-01   1.6666667e-01
   4.1523260e-02   6.4000000e-01   6.6666667e-01   1.6666667e-01
   4.1745309e-02   6.4000000e-01   6.6666667e-01   1.6666667e-01
   3.6527146e-02   6.4000000e-01   6.6666667e-01   1.6666667e-01
   3.4084601e-02   6.4000000e-01   6.6666667e-01   1.6666667e-01
   3.0420784e-02   6.5333333e-01   6.6666667e-01   1.6666667e-01
   3.1197957e-02   6.5333333e-01   6.6666667e-01   1.6666667e-01
   2.5424670e-02   6.5333333e-01   6.5333333e-01   1.6666667e-01
   2.3537249e-02   6.4666667e-01   6.4666667e-01   0.0000000e+00
   2.2204952e-02   6.4000000e-01   6.4000000e-01   0.0000000e+00
   2.1871877e-02   6.3333333e-01   6.3333333e-01   0.0000000e+00
   1.9096258e-02   6.2666667e-01   6.2666667e-01   1.6666667e-01
   2.3537249e-02   6.2666667e-01   6.2666667e-01   1.6666667e-01
   2.8755412e-02   6.1200000e-01   6.1466667e-01   0.0000000e+00
   2.8866437e-02   5.9733333e-01   6.0266667e-01   0.0000000e+00
   2.7756190e-02   5.8266667e-01   5.9066667e-01   0.0000000e+00
   2.1427778e-02   5.6800000e-01   5.7866667e-01   0.0000000e+00
   2.2871100e-02   5.5333333e-01   5.6666667e-01   0.0000000e+00
   1.2989897e-02   5.3866667e-01   5.5466667e-01   0.0000000e+00
   8.2158321e-03   5.2400000e-01   5.4266667e-01   0.0000000e+00
   9.6591540e-03   5.0933333e-01   5.3066667e-01   0.0000000e+00
   2.7423115e-02   4.9466667e-01   5.1866667e-01   0.0000000e+00
   6.6725880e-02   4.8000000e-01   5.0666667e-01   1.6666667e-01
   1.8407905e-01   3.4666667e-01   5.2000000e-01   1.6666667e-01
   3.1142445e-01   3.3333333e-01   5.4666667e-01   1.6666667e-01
   4.1856334e-01   3.3333333e-01   5.8666667e-01   1.6666667e-01
   5.0738315e-01   3.3333333e-01   6.4000000e-01   1.6666667e-01
   6.6548240e-01   3.3333333e-01   7.7333333e-01   1.6666667e-01
   8.5433552e-01   3.3333333e-01   9.4666667e-01   1.6666667e-01
   9.8012657e-01   3.4666667e-01   9.6000000e-01   1.6666667e-01
   1.0000000e+00   3.6000000e-01   9.6000000e-01   1.6666667e-01
   9.7513045e-01   3.7333333e-01   9.7333333e-01   1.6666667e-01
   9.3038748e-01   4.0000000e-01   9.7333333e-01   1.6666667e-01
   8.6288442e-01   4.5333333e-01   9.7333333e-01   1.6666667e-01
   7.6118574e-01   4.9333333e-01   9.8666667e-01   1.6666667e-01
   6.4538692e-01   5.0666667e-01   9.8666667e-01   1.6666667e-01
   5.3769291e-01   5.0666667e-01   9.8666667e-01   1.6666667e-01
   4.4365494e-01   5.0666667e-01   1.0000000e+00   3.3333333e-01
   3.5250361e-01   5.0666667e-01   1.0000000e+00   3.3333333e-01
   2.4814034e-01   5.0666667e-01   9.8666667e-01   3.3333333e-01
   1.7419785e-01   5.0666667e-01   5.7333333e-01   1.6666667e-01
   1.2545798e-01   5.0666667e-01   5.8666667e-01   1.6666667e-01
   1.2778950e-01   5.0666667e-01   5.8666667e-01   1.6666667e-01
   1.3378483e-01   5.2000000e-01   6.0000000e-01   1.6666667e-01
   1.2967692e-01   5.2000000e-01   6.1333333e-01   1.6666667e-01
   1.3189741e-01   5.3333333e-01   6.2666667e-01   1.6666667e-01
   1.2734540e-01   5.4666667e-01   6.4000000e-01   1.6666667e-01
   1.1868547e-01   5.6000000e-01   6.4000000e-01   1.6666667e-01
   1.0602864e-01   5.7333333e-01   6.5333333e-01   1.6666667e-01
   9.3149772e-02   5.8666667e-01   6.5333333e-01   1.6666667e-01
   7.8827579e-02   6.0000000e-01   6.6666667e-01   1.6666667e-01
   6.7614078e-02   6.2666667e-01   6.6666667e-01   1.6666667e-01
   5.6178528e-02   6.4000000e-01   6.8000000e-01   1.6666667e-01
   4.6075275e-02   6.5333333e-01   6.8000000e-01   1.6666667e-01
   4.1079161e-02   6.5333333e-01   6.8000000e-01   1.6666667e-01
   3.5749972e-02   6.6666667e-01   6.8000000e-01   1.6666667e-01
   3.5416898e-02   6.6666667e-01   6.9333333e-01   1.6666667e-01
   3.3196403e-02   6.6666667e-01   6.9333333e-01   1.6666667e-01
   4.3410681e-02   6.6666667e-01   6.9333333e-01   1.6666667e-01
   4.6852448e-02   6.6666667e-01   6.9333333e-01   1.6666667e-01
   4.8295770e-02   6.6666667e-01   6.9333333e-01   1.6666667e-01
   4.8184745e-02   6.6666667e-01   6.9333333e-01   1.6666667e-01
   4.6963473e-02   6.6666667e-01   6.9333333e-01   1.6666667e-01
   4.4520928e-02   6.6666667e-01   6.9333333e-01   1.6666667e-01
   4.0301987e-02   6.6666667e-01   6.9333333e-01   1.6666667e-01
   3.9857888e-02   6.6666667e-01   6.9333333e-01   1.6666667e-01
   3.3418452e-02   6.5333333e-01   6.6666667e-01   1.6666667e-01
   3.1086932e-02   6.5333333e-01   6.6666667e-01   1.6666667e-01
   2.8533363e-02   5.8333333e-01   6.2000000e-01   0.0000000e+00
   2.6423893e-02   5.1333333e-01   5.7333333e-01   0.0000000e+00
   2.7756190e-02   4.4333333e-01   5.2666667e-01   0.0000000e+00
   1.4466526e-01   3.7333333e-01   4.8000000e-01   1.6666667e-01
   3.0376374e-01   3.3333333e-01   6.0000000e-01   1.6666667e-01
   4.4376596e-01   2.9333333e-01   6.1333333e-01   1.6666667e-01
   5.3258577e-01   2.8000000e-01   6.1333333e-01   1.6666667e-01
   5.6966804e-01   2.5333333e-01   6.0000000e-01   1.6666667e-01
   5.6078606e-01   2.4000000e-01   6.0000000e-01   1.6666667e-01
   5.4024647e-01   1.8666667e-01   6.1333333e-01   3.3333333e-01
   5.0904852e-01   1.7333333e-01   6.1333333e-01   1.6666667e-01
   4.7796159e-01   1.6000000e-01   6.1333333e-01   1.6666667e-01
   4.3632730e-01   1.3333333e-01   6.2666667e-01   1.6666667e-01
   3.8747641e-01   1.2000000e-01   6.2666667e-01   3.3333333e-01
   3.2830021e-01   1.0666667e-01   6.4000000e-01   3.3333333e-01
   2.4625291e-01   1.0666667e-01   6.4000000e-01   5.0000000e-01
   1.9651382e-01   1.0666667e-01   6.4000000e-01   3.3333333e-01
   1.4821805e-01   1.0666667e-01   6.5333333e-01   3.3333333e-01
   1.2734540e-01   1.0666667e-01   6.5333333e-01   3.3333333e-01
   1.2790052e-01   1.0666667e-01   6.5333333e-01   3.3333333e-01
   1.3600533e-01   1.0666667e-01   6.6666667e-01   3.3333333e-01
   1.3511713e-01   1.2000000e-01   6.6666667e-01   3.3333333e-01
   1.3089819e-01   1.2000000e-01   6.6666667e-01   3.3333333e-01
   1.3223049e-01   1.3333333e-01   6.6666667e-01   3.3333333e-01
   1.3855890e-01   1.4666667e-01   6.6666667e-01   3.3333333e-01
   1.3378483e-01   1.6000000e-01   6.6666667e-01   3.3333333e-01
   9.6147441e-02   6.4000000e-01   6.6666667e-01   1.6666667e-01
   5.7066726e-02   6.4000000e-01   6.5333333e-01   1.6666667e-01
   2.9532586e-02   6.4000000e-01   6.4000000e-01   1.6666667e-01
   2.0983679e-02   6.4000000e-01   6.4000000e-01   1.6666667e-01
   1.9873432e-02   6.4000000e-01   6.4000000e-01   1.6666667e-01
   2.1649828e-02   6.2166667e-01   6.3166667e-01   0.0000000e+00
   1.9096258e-02   6.0333333e-01   6.2333333e-01   0.0000000e+00
   1.0325303e-02   5.8500000e-01   6.1500000e-01   0.0000000e+00
   9.6591540e-03   5.6666667e-01   6.0666667e-01   0.0000000e+00
   8.1048074e-03   5.4833333e-01   5.9833333e-01   0.0000000e+00
   6.6614855e-04   5.3000000e-01   5.9000000e-01   0.0000000e+00
   2.5535694e-02   5.1166667e-01   5.8166667e-01   0.0000000e+00
   9.3593871e-02   4.9333333e-01   5.7333333e-01   1.6666667e-01
   1.6931276e-01   4.8000000e-01   6.0000000e-01   1.6666667e-01
   2.2637948e-01   4.8000000e-01   6.0000000e-01   1.6666667e-01
   2.7700677e-01   1.7333333e-01   6.1333333e-01   3.3333333e-01
   3.0887088e-01   1.7333333e-01   6.2666667e-01   3.3333333e-01
   2.9776840e-01   1.7333333e-01   6.2666667e-01   3.3333333e-01
   2.7178861e-01   1.7333333e-01   6.4000000e-01   3.3333333e-01
   2.3659376e-01   1.7333333e-01   6.4000000e-01   3.3333333e-01
   2.0961474e-01   1.8666667e-01   6.5333333e-01   3.3333333e-01
   1.7020095e-01   1.8666667e-01   6.5333333e-01   3.3333333e-01
   1.2912179e-01   2.0000000e-01   6.5333333e-01   3.3333333e-01
   8.3601643e-02   6.2666667e-01   6.6666667e-01   1.6666667e-01
   6.2506939e-02   6.2666667e-01   6.6666667e-01   1.6666667e-01
   5.2181637e-02   6.2666667e-01   6.6666667e-01   1.6666667e-01
   5.9065172e-02   6.2666667e-01   6.6666667e-01   1.6666667e-01
   6.3839236e-02   6.2666667e-01   6.6666667e-01   1.6666667e-01
   6.5504608e-02   6.1333333e-01   6.6666667e-01   1.6666667e-01
   7.1610969e-02   6.0000000e-01   6.6666667e-01   1.6666667e-01
   7.4275563e-02   5.8666667e-01   6.5333333e-01   1.6666667e-01
   7.4830687e-02   5.8666667e-01   6.5333333e-01   1.6666667e-01
   6.9279449e-02   5.7333333e-01   6.4000000e-01   1.6666667e-01
   7.0167647e-02   5.7333333e-01   6.4000000e-01   1.6666667e-01
   6.1840790e-02   5.7333333e-01   6.2666667e-01   1.6666667e-01
   5.5401355e-02   5.7333333e-01   6.1333333e-01   1.6666667e-01
   4.6630399e-02   5.7333333e-01   6.0000000e-01   1.6666667e-01
   3.9302765e-02   5.6000000e-01   5.8222222e-01   0.0000000e+00
   3.5305873e-02   5.4666667e-01   5.6444444e-01   0.0000000e+00
   2.8644388e-02   5.3333333e-01   5.4666667e-01   1.6666667e-01
   3.8192517e-02   5.2000000e-01   5.4666667e-01   1.6666667e-01
   5.5068280e-02   5.2000000e-01   5.4666667e-01   1.6666667e-01
   7.3942489e-02   5.2000000e-01   5.6000000e-01   1.6666667e-01
   1.0203175e-01   5.2000000e-01   5.7333333e-01   1.6666667e-01
   1.5909848e-01   5.2000000e-01   6.1333333e-01   1.6666667e-01
   2.3004330e-01   5.2000000e-01   6.8000000e-01   1.6666667e-01
   2.7733985e-01   5.3333333e-01   6.9333333e-01   1.6666667e-01
   3.0043300e-01   5.3333333e-01   7.0666667e-01   1.6666667e-01
   3.0032197e-01   5.3333333e-01   7.0666667e-01   1.6666667e-01
   3.0653936e-01   5.4666667e-01   7.0666667e-01   1.6666667e-01
   2.9388254e-01   5.4666667e-01   7.2000000e-01   1.6666667e-01
   2.6035306e-01   5.3333333e-01   7.2000000e-01   1.6666667e-01
   2.2282669e-01   5.3333333e-01   7.2000000e-01   1.6666667e-01
   1.9962252e-01   5.3333333e-01   7.2000000e-01   1.6666667e-01
   1.6298435e-01   5.3333333e-01   7.0666667e-01   1.6666667e-01
   1.3034307e-01   5.3333333e-01   6.2666667e-01   1.6666667e-01
   8.7487510e-02   5.3333333e-01   5.7333333e-01   1.6666667e-01
   6.4505385e-02   5.2000000e-01   5.7333333e-01   1.6666667e-01
   5.5623404e-02   5.2000000e-01   5.6000000e-01   1.6666667e-01
   5.6400577e-02   5.2000000e-01   5.6000000e-01   1.6666667e-01
   5.5290330e-02   5.2000000e-01   5.6000000e-01   1.6666667e-01
   6.5504608e-02   5.3333333e-01   5.6000000e-01   1.6666667e-01
   7.7051182e-02   5.3333333e-01   5.7333333e-01   1.6666667e-01
   8.9485955e-02   5.3333333e-01   5.8666667e-01   1.6666667e-01
   1.3411791e-01   5.3333333e-01   6.1333333e-01   1.6666667e-01
   1.8685467e-01   5.4666667e-01   6.6666667e-01   1.6666667e-01
   2.3059842e-01   5.4666667e-01   6.8000000e-01   1.6666667e-01
   2.6246253e-01   5.4666667e-01   6.9333333e-01   1.6666667e-01
   2.7634062e-01   5.4666667e-01   6.9333333e-01   1.6666667e-01
   2.8411236e-01   5.4666667e-01   6.9333333e-01   1.6666667e-01
   2.6446097e-01   5.4666667e-01   7.0666667e-01   1.6666667e-01
   2.3181970e-01   5.4666667e-01   7.0666667e-01   1.6666667e-01
   2.1871877e-01   5.4666667e-01   7.0666667e-01   1.6666667e-01
   2.0262018e-01   5.4666667e-01   7.0666667e-01   1.6666667e-01
   1.7675142e-01   5.4666667e-01   6.9333333e-01   3.3333333e-01
   1.5576774e-01   5.4666667e-01   6.2666667e-01   1.6666667e-01
   1.2645720e-01   5.6000000e-01   6.4000000e-01   1.6666667e-01
   1.1624292e-01   5.7333333e-01   6.4000000e-01   1.6666667e-01
   1.0325303e-01   5.7333333e-01   6.5333333e-01   1.6666667e-01
   8.5267015e-02   5.8666667e-01   6.5333333e-01   1.6666667e-01
   7.3054291e-02   6.1333333e-01   6.6666667e-01   1.6666667e-01
   6.0619518e-02   6.2666667e-01   6.6666667e-01   1.6666667e-01
   4.8628844e-02   6.4000000e-01   6.6666667e-01   1.6666667e-01
   4.5964250e-02   6.4000000e-01   6.8000000e-01   1.6666667e-01
   4.0968136e-02   6.5333333e-01   6.8000000e-01   1.6666667e-01
   3.9968913e-02   6.6666667e-01   6.8000000e-01   1.6666667e-01
   4.2411458e-02   6.6666667e-01   6.9333333e-01   1.6666667e-01
   4.3632730e-02   6.6666667e-01   6.9333333e-01   1.6666667e-01
   4.3077606e-02   6.6666667e-01   6.9333333e-01   1.6666667e-01
   4.7518597e-02   6.6666667e-01   6.9333333e-01   1.6666667e-01
   5.2070612e-02   6.6666667e-01   6.9333333e-01   1.6666667e-01
   5.3180859e-02   6.6666667e-01   6.9333333e-01   1.6666667e-01
   5.3958033e-02   6.6666667e-01   6.9333333e-01   1.6666667e-01
   9.8701010e-02   5.4666667e-01   6.9333333e-01   3.3333333e-01
   1.7664039e-01   5.0666667e-01   6.9333333e-01   3.3333333e-01
   2.5868769e-01   5.0666667e-01   6.9333333e-01   1.6666667e-01
   3.0554014e-01   4.9333333e-01   6.9333333e-01   1.6666667e-01
   3.2152770e-01   4.9333333e-01   6.8000000e-01   1.6666667e-01
   3.1386699e-01   4.9333333e-01   6.8000000e-01   1.6666667e-01
   2.9454868e-01   4.9333333e-01   6.8000000e-01   1.6666667e-01
   2.8333518e-01   4.8000000e-01   6.8000000e-01   1.6666667e-01
   2.7289886e-01   4.8000000e-01   6.8000000e-01   1.6666667e-01
   2.6135228e-01   4.8000000e-01   6.8000000e-01   1.6666667e-01
   2.5091595e-01   4.8000000e-01   6.8000000e-01   1.6666667e-01
   2.4125680e-01   4.8000000e-01   6.8000000e-01   1.6666667e-01
   2.2327079e-01   4.8000000e-01   6.8000000e-01   1.6666667e-01
   2.0872655e-01   4.9333333e-01   6.9333333e-01   1.6666667e-01
   1.8052626e-01   5.0666667e-01   6.9333333e-01   3.3333333e-01
   1.4488731e-01   5.2000000e-01   6.9333333e-01   5.0000000e-01
   1.1768624e-01   5.3333333e-01   6.9333333e-01   3.3333333e-01
   8.4711891e-02   6.4000000e-01   6.9333333e-01   1.6666667e-01
   6.1951815e-02   6.4000000e-01   6.9333333e-01   1.6666667e-01
   6.5282558e-02   6.4000000e-01   6.9333333e-01   1.6666667e-01
   6.5726657e-02   6.2666667e-01   6.8000000e-01   1.6666667e-01
   7.1055845e-02   6.1333333e-01   6.8000000e-01   1.6666667e-01
   7.7606306e-02   6.0000000e-01   6.6666667e-01   1.6666667e-01
   7.4941712e-02   6.0000000e-01   6.6666667e-01   1.6666667e-01
   7.3831464e-02   5.8666667e-01   6.5333333e-01   1.6666667e-01
   8.4045742e-02   5.7333333e-01   6.4000000e-01   1.6666667e-01
   8.9930054e-02   5.6000000e-01   6.4000000e-01   1.6666667e-01
   9.8923060e-02   5.3333333e-01   6.2666667e-01   1.6666667e-01
   9.7035639e-02   5.3333333e-01   6.1333333e-01   1.6666667e-01
   9.2261574e-02   5.2000000e-01   6.0000000e-01   1.6666667e-01
   8.7709559e-02   5.2000000e-01   5.8666667e-01   1.6666667e-01
   8.3490618e-02   5.2000000e-01   5.8666667e-01   1.6666667e-01
   8.6932386e-02   5.3333333e-01   5.8666667e-01   1.6666667e-01
   9.8256911e-02   5.3333333e-01   6.0000000e-01   1.6666667e-01
   1.4943932e-01   5.3333333e-01   6.9333333e-01   1.6666667e-01
   2.0606195e-01   5.4666667e-01   7.0666667e-01   1.6666667e-01
   2.4092373e-01   5.4666667e-01   7.0666667e-01   1.6666667e-01
   2.5069390e-01   5.6000000e-01   7.2000000e-01   1.6666667e-01
   2.4036860e-01   5.7333333e-01   7.2000000e-01   1.6666667e-01
   2.3070945e-01   5.7333333e-01   7.2000000e-01   1.6666667e-01
   2.2160542e-01   5.8666667e-01   7.2000000e-01   1.6666667e-01
   2.0517375e-01   5.8666667e-01   7.3333333e-01   1.6666667e-01
   1.8718774e-01   5.7333333e-01   7.3333333e-01   1.6666667e-01
   1.7919396e-01   5.6000000e-01   7.2000000e-01   1.6666667e-01
   1.7075608e-01   5.3333333e-01   7.0666667e-01   1.6666667e-01
   1.5332519e-01   5.2000000e-01   6.9333333e-01   1.6666667e-01
   1.3922505e-01   5.2000000e-01   6.5333333e-01   1.6666667e-01
   1.2101699e-01   5.0666667e-01   6.0000000e-01   1.6666667e-01
   1.0625069e-01   5.0666667e-01   5.7333333e-01   1.6666667e-01
   1.0081048e-01   5.0666667e-01   5.6000000e-01   1.6666667e-01
   1.0447430e-01   5.0666667e-01   5.7333333e-01   1.6666667e-01
   1.1302320e-01   5.0666667e-01   6.0000000e-01   1.6666667e-01
   1.1946264e-01   5.0666667e-01   6.2666667e-01   1.6666667e-01
   1.2556900e-01   5.2000000e-01   6.4000000e-01   1.6666667e-01
   1.2190518e-01   5.3333333e-01   6.4000000e-01   1.6666667e-01
   1.1135783e-01   5.4666667e-01   6.5333333e-01   1.6666667e-01
   9.9034085e-02   5.8666667e-01   6.5333333e-01   1.6666667e-01
   8.1159098e-02   6.1333333e-01   6.6666667e-01   1.6666667e-01
   6.6170756e-02   6.2666667e-01   6.6666667e-01   1.6666667e-01
   6.2506939e-02   6.2666667e-01   6.6666667e-01   1.6666667e-01
   6.0397469e-02   6.2666667e-01   6.8000000e-01   1.6666667e-01
   5.7510825e-02   6.2666667e-01   6.8000000e-01   1.6666667e-01
   5.5401355e-02   6.2666667e-01   6.8000000e-01   1.6666667e-01
   5.8621072e-02   6.2666667e-01   6.6666667e-01   1.6666667e-01
   6.9945598e-02   6.1333333e-01   6.6666667e-01   1.6666667e-01
   7.8494504e-02   5.7333333e-01   6.4000000e-01   3.3333333e-01
   1.2090596e-01   4.9333333e-01   6.1333333e-01   1.6666667e-01
   1.8585545e-01   4.6666667e-01   6.0000000e-01   1.6666667e-01
   2.8033752e-01   3.2000000e-01   6.0000000e-01   3.3333333e-01
   3.5472410e-01   2.9333333e-01   5.8666667e-01   3.3333333e-01
   3.7914955e-01   2.6666667e-01   6.0000000e-01   3.3333333e-01
   3.7926058e-01   2.8000000e-01   6.0000000e-01   1.6666667e-01
   3.5827690e-01   2.9333333e-01   6.1333333e-01   3.3333333e-01
   3.2108360e-01   3.0666667e-01   6.2666667e-01   3.3333333e-01
   2.6490507e-01   3.4666667e-01   6.2666667e-01   3.3333333e-01
   1.9984457e-01   3.7333333e-01   6.4000000e-01   3.3333333e-01
   1.5288109e-01   3.8666667e-01   6.4000000e-01   3.3333333e-01
   1.1513267e-01   5.8666667e-01   6.5333333e-01   1.6666667e-01
   8.1159098e-02   6.1333333e-01   6.5333333e-01   1.6666667e-01
   7.2721217e-02   6.2666667e-01   6.5333333e-01   1.6666667e-01
   5.8732097e-02   6.2666667e-01   6.6666667e-01   1.6666667e-01
   5.2847785e-02   6.2666667e-01   6.6666667e-01   1.6666667e-01
   5.1959587e-02   6.4000000e-01   6.6666667e-01   1.6666667e-01
   5.4846231e-02   6.4000000e-01   6.6666667e-01   1.6666667e-01
   5.8510048e-02   6.2666667e-01   6.6666667e-01   1.6666667e-01
   5.8732097e-02   6.2666667e-01   6.6666667e-01   1.6666667e-01
   5.9509271e-02   6.1333333e-01   6.6666667e-01   1.6666667e-01
   6.8502276e-02   6.1333333e-01   6.5333333e-01   1.6666667e-01
   7.8272455e-02   5.8666667e-01   6.4000000e-01   1.6666667e-01
   8.7376485e-02   5.4666667e-01   6.2666667e-01   1.6666667e-01
   9.5925391e-02   5.3333333e-01   6.1333333e-01   1.6666667e-01
   9.4704119e-02   5.3333333e-01   6.1333333e-01   1.6666667e-01
   9.1706451e-02   5.3333333e-01   6.0000000e-01   1.6666667e-01
   8.0381925e-02   5.4666667e-01   6.0000000e-01   1.6666667e-01
   7.8272455e-02   5.4666667e-01   6.0000000e-01   1.6666667e-01
   7.3720440e-02   5.7333333e-01   6.1333333e-01   1.6666667e-01
   7.4386588e-02   5.7333333e-01   6.1333333e-01   1.6666667e-01
   7.3609415e-02   5.8666667e-01   6.2666667e-01   1.6666667e-01
   7.6051960e-02   6.0000000e-01   6.4000000e-01   1.6666667e-01
   1.0291995e-01   6.0000000e-01   6.4000000e-01   1.6666667e-01
   1.4699678e-01   6.1333333e-01   7.8666667e-01   3.3333333e-01
   2.1705340e-01   6.1333333e-01   8.0000000e-01   3.3333333e-01
   2.7833907e-01   6.2666667e-01   8.1333333e-01   1.6666667e-01
   3.0953703e-01   6.2666667e-01   8.1333333e-01   1.6666667e-01
   3.1642056e-01   6.4000000e-01   8.1333333e-01   1.6666667e-01
   2.9898967e-01   6.4000000e-01   8.1333333e-01   1.6666667e-01
   2.7967137e-01   6.5333333e-01   8.1333333e-01   1.6666667e-01
   2.4913956e-01   6.6666667e-01   8.1333333e-01   1.6666667e-01
   2.0739425e-01   6.6666667e-01   8.1333333e-01   1.6666667e-01
   1.6531587e-01   6.8000000e-01   8.0000000e-01   1.6666667e-01
   1.3289664e-01   6.9333333e-01   8.0000000e-01   1.6666667e-01
   1.0014433e-01   7.0666667e-01   7.8666667e-01   1.6666667e-01
   7.3831464e-02   7.3333333e-01   7.7333333e-01   1.6666667e-01
   5.0960364e-02   7.3333333e-01   7.7333333e-01   0.0000000e+00
