   2.3200000e+02
   2.6800873e-02   2.1538462e-01   2.3076923e-01   0.0000000e+00
   3.6260005e-02   2.1538462e-01   2.3076923e-01   0.0000000e+00
   4.3293718e-02   2.1538462e-01   2.3076923e-01   0.0000000e+00
   5.2389037e-02   2.1538462e-01   2.3076923e-01   0.0000000e+00
   7.2762552e-02   2.1538462e-01   2.3076923e-01   1.6666667e-01
   9.9684696e-02   2.0000000e-01   2.4615385e-01   1.6666667e-01
   1.3206403e-01   1.5384615e-01   2.6153846e-01   1.6666667e-01
   1.5365025e-01   1.3846154e-01   2.7692308e-01   1.6666667e-01
   1.6189668e-01   1.3846154e-01   2.9230769e-01   1.6666667e-01
   1.5631821e-01   1.2307692e-01   3.0769231e-01   1.6666667e-01
   1.5898618e-01   1.2307692e-01   3.2307692e-01   3.3333333e-01
   1.4698035e-01   4.6153846e-02   2.0000000e-01   3.3333333e-01
   1.2939607e-01   4.6153846e-02   1.8461538e-01   1.6666667e-01
   1.2624303e-01   4.6153846e-02   1.5384615e-01   1.6666667e-01
   1.3000243e-01   4.6153846e-02   1.2307692e-01   1.6666667e-01
   1.4843561e-01   6.1538462e-02   4.0000000e-01   3.3333333e-01
   1.8396798e-01   6.1538462e-02   4.1538462e-01   3.3333333e-01
   2.2968712e-01   6.1538462e-02   4.3076923e-01   3.3333333e-01
   3.0948339e-01   6.1538462e-02   4.3076923e-01   3.3333333e-01
   3.7775891e-01   7.6923077e-02   4.1538462e-01   1.6666667e-01
   4.0019403e-01   1.0769231e-01   4.1538462e-01   1.6666667e-01
   3.6466165e-01   3.0769231e-02   4.0000000e-01   3.3333333e-01
   3.0050934e-01   3.0769231e-02   4.0000000e-01   3.3333333e-01
   2.4824157e-01   3.0769231e-02   3.6923077e-01   3.3333333e-01
   1.9682270e-01   3.0769231e-02   3.5384615e-01   3.3333333e-01
   1.4018918e-01   3.0769231e-02   3.3846154e-01   3.3333333e-01
   8.5374727e-02   3.0769231e-02   3.0769231e-02   1.6666667e-01
   4.7174388e-02   3.0769231e-02   3.0769231e-02   0.0000000e+00
   1.7099200e-02   3.0769231e-02   3.0769231e-02   0.0000000e+00
   1.3339801e-02   3.0769231e-02   3.0769231e-02   0.0000000e+00
   1.1884550e-02   3.0769231e-02   3.0769231e-02   0.0000000e+00
   1.0793112e-02   3.0769231e-02   3.0769231e-02   0.0000000e+00
   9.8229445e-03   3.0769231e-02   3.0769231e-02   0.0000000e+00
   9.5804026e-03   3.0769231e-02   3.0769231e-02   0.0000000e+00
   9.8229445e-03   3.0769231e-02   3.0769231e-02   0.0000000e+00
   1.0429299e-02   3.0769231e-02   3.0769231e-02   0.0000000e+00
   1.5643949e-02   3.0769231e-02   3.0769231e-02   0.0000000e+00
   1.8069367e-02   3.0769231e-02   3.0769231e-02   1.6666667e-01
   1.6129032e-02   3.0769231e-02   4.6153846e-02   1.6666667e-01
   2.1464953e-02   4.6153846e-02   4.6153846e-02   1.6666667e-01
   3.8200340e-02   4.6153846e-02   6.1538462e-01   3.3333333e-01
   7.9311181e-02   4.6153846e-02   6.3076923e-01   3.3333333e-01
   1.1350958e-01   4.6153846e-02   6.4615385e-01   3.3333333e-01
   1.4091681e-01   6.1538462e-02   6.6153846e-01   3.3333333e-01
   1.5243755e-01   6.1538462e-02   6.6153846e-01   3.3333333e-01
   1.5280136e-01   6.1538462e-02   6.6153846e-01   3.3333333e-01
   1.4879942e-01   6.1538462e-02   6.7692308e-01   3.3333333e-01
   1.4091681e-01   7.6923077e-02   6.7692308e-01   3.3333333e-01
   1.3570216e-01   7.6923077e-02   6.7692308e-01   3.3333333e-01
   1.3642978e-01   7.6923077e-02   6.7692308e-01   3.3333333e-01
   1.8760611e-01   9.2307692e-02   6.7692308e-01   3.3333333e-01
   4.0747029e-01   9.2307692e-02   6.7692308e-01   5.0000000e-01
   6.9003153e-01   9.2307692e-02   6.7692308e-01   1.6666667e-01
   8.9413049e-01   7.6923077e-02   6.7692308e-01   1.6666667e-01
   9.5209799e-01   7.6923077e-02   6.7692308e-01   1.6666667e-01
   9.2202280e-01   6.1538462e-02   6.7692308e-01   1.6666667e-01
   8.6478293e-01   1.5384615e-02   6.7692308e-01   3.3333333e-01
   7.8923114e-01   1.5384615e-02   6.7692308e-01   3.3333333e-01
   6.7402377e-01   1.0769231e-01   6.6153846e-01   1.6666667e-01
   5.2340529e-01   1.2307692e-01   6.6153846e-01   3.3333333e-01
   3.7775891e-01   1.2307692e-01   6.4615385e-01   3.3333333e-01
   2.5588164e-01   3.5384615e-01   6.1538462e-01   1.6666667e-01
   1.5668203e-01   4.1538462e-01   5.6923077e-01   1.6666667e-01
   8.2221683e-02   4.1346154e-01   5.6217949e-01   0.0000000e+00
   2.9105021e-02   4.1153846e-01   5.5512821e-01   0.0000000e+00
   9.7016735e-04   4.0961538e-01   5.4807692e-01   0.0000000e+00
   2.4254184e-04   4.0769231e-01   5.4102564e-01   0.0000000e+00
   3.6381276e-04   4.0576923e-01   5.3397436e-01   0.0000000e+00
   3.6381276e-04   4.0384615e-01   5.2692308e-01   0.0000000e+00
   3.6381276e-04   4.0192308e-01   5.1987179e-01   0.0000000e+00
   3.6381276e-04   4.0000000e-01   5.1282051e-01   0.0000000e+00
   0.0000000e+00   3.9807692e-01   5.0576923e-01   0.0000000e+00
   2.9105021e-03   3.9615385e-01   4.9871795e-01   0.0000000e+00
   1.1399466e-02   3.9423077e-01   4.9166667e-01   0.0000000e+00
   1.6007761e-02   3.9230769e-01   4.8461538e-01   0.0000000e+00
   1.4309968e-02   3.9038462e-01   4.7756410e-01   0.0000000e+00
   5.5784623e-03   3.8846154e-01   4.7051282e-01   0.0000000e+00
   5.2146495e-03   3.8653846e-01   4.6346154e-01   0.0000000e+00
   1.0793112e-02   3.8461538e-01   4.5641026e-01   0.0000000e+00
   1.3824885e-02   3.8269231e-01   4.4935897e-01   0.0000000e+00
   1.4916323e-02   3.8076923e-01   4.4230769e-01   0.0000000e+00
   1.3582343e-02   3.7884615e-01   4.3525641e-01   0.0000000e+00
   2.1828765e-03   3.7692308e-01   4.2820513e-01   0.0000000e+00
   1.5765220e-03   3.7500000e-01   4.2115385e-01   0.0000000e+00
   8.3676934e-03   3.7307692e-01   4.1410256e-01   0.0000000e+00
   1.8190638e-02   3.7115385e-01   4.0705128e-01   0.0000000e+00
   4.9721077e-02   3.6923077e-01   4.0000000e-01   1.6666667e-01
   9.8957070e-02   3.3846154e-01   4.0000000e-01   1.6666667e-01
   2.1295173e-01   3.2307692e-01   4.9230769e-01   3.3333333e-01
   3.9146253e-01   2.9230769e-01   6.1538462e-01   1.6666667e-01
   5.7518797e-01   2.7692308e-01   6.4615385e-01   1.6666667e-01
   7.2738297e-01   1.3846154e-01   6.6153846e-01   3.3333333e-01
   8.5690032e-01   1.2307692e-01   6.6153846e-01   1.6666667e-01
   9.6313364e-01   0.0000000e+00   6.7692308e-01   3.3333333e-01
   1.0000000e+00   0.0000000e+00   6.7692308e-01   1.6666667e-01
   9.6798448e-01   0.0000000e+00   6.7692308e-01   1.6666667e-01
   8.8673296e-01   0.0000000e+00   6.7692308e-01   1.6666667e-01
   7.9250546e-01   0.0000000e+00   6.9230769e-01   1.6666667e-01
   6.9379093e-01   0.0000000e+00   6.9230769e-01   1.6666667e-01
   5.8525346e-01   0.0000000e+00   6.7692308e-01   3.3333333e-01
   4.7986903e-01   2.4615385e-01   6.6153846e-01   3.3333333e-01
   3.6708707e-01   2.7692308e-01   6.3076923e-01   3.3333333e-01
   2.9856900e-01   4.3076923e-01   6.1538462e-01   1.6666667e-01
   2.5600291e-01   4.3076923e-01   6.0000000e-01   1.6666667e-01
   2.2095561e-01   4.3076923e-01   5.8461538e-01   1.6666667e-01
   2.0033956e-01   4.3076923e-01   5.6923077e-01   1.6666667e-01
   1.7826825e-01   4.3076923e-01   5.6923077e-01   1.6666667e-01
   1.5959253e-01   4.3076923e-01   5.3846154e-01   1.6666667e-01
   1.5013340e-01   4.3076923e-01   5.2307692e-01   1.6666667e-01
   1.5922872e-01   4.3076923e-01   5.3846154e-01   1.6666667e-01
   1.7159835e-01   4.4615385e-01   5.5384615e-01   1.6666667e-01
   1.7426631e-01   4.4615385e-01   5.6923077e-01   1.6666667e-01
   1.6553480e-01   4.6153846e-01   5.6923077e-01   1.6666667e-01
   1.5425661e-01   4.6153846e-01   5.8461538e-01   1.6666667e-01
   1.3764249e-01   4.7692308e-01   6.0000000e-01   1.6666667e-01
   1.2224109e-01   4.9230769e-01   6.0000000e-01   1.6666667e-01
   1.0962891e-01   5.2307692e-01   6.1538462e-01   1.6666667e-01
   9.7138006e-02   5.5384615e-01   6.1538462e-01   1.6666667e-01
   8.2221683e-02   5.6923077e-01   6.3076923e-01   1.6666667e-01
   7.2641281e-02   5.8461538e-01   6.3076923e-01   1.6666667e-01
   6.6820276e-02   6.0000000e-01   6.4615385e-01   1.6666667e-01
   6.0999272e-02   6.0000000e-01   6.4615385e-01   1.6666667e-01
   5.8088770e-02   6.1538462e-01   6.4615385e-01   1.6666667e-01
   5.7724958e-02   6.1538462e-01   6.6153846e-01   1.6666667e-01
   5.9058938e-02   6.1538462e-01   6.6153846e-01   1.6666667e-01
   6.1484356e-02   6.1538462e-01   6.6153846e-01   1.6666667e-01
   6.2697065e-02   6.1538462e-01   6.6153846e-01   1.6666667e-01
   6.0878001e-02   6.1538462e-01   6.6153846e-01   1.6666667e-01
   5.7482416e-02   6.1538462e-01   6.6153846e-01   1.6666667e-01
   5.6269707e-02   6.1538462e-01   6.6153846e-01   1.6666667e-01
   5.6390977e-02   6.1538462e-01   6.6153846e-01   1.6666667e-01
   5.6148436e-02   6.1538462e-01   6.6153846e-01   1.6666667e-01
   6.0029105e-02   6.0000000e-01   6.6153846e-01   1.6666667e-01
   6.0756731e-02   6.0000000e-01   6.4615385e-01   1.6666667e-01
   6.0878001e-02   6.0000000e-01   6.4615385e-01   1.6666667e-01
   6.3909774e-02   6.0000000e-01   6.4615385e-01   1.6666667e-01
   6.8032986e-02   6.0000000e-01   6.4615385e-01   1.6666667e-01
   7.5673054e-02   5.8461538e-01   6.4615385e-01   1.6666667e-01
   1.1047781e-01   4.9230769e-01   6.4615385e-01   3.3333333e-01
   1.7657046e-01   4.7692308e-01   6.4615385e-01   1.6666667e-01
   2.3441669e-01   4.6153846e-01   6.4615385e-01   1.6666667e-01
   2.6255154e-01   4.6153846e-01   6.4615385e-01   1.6666667e-01
   2.5976231e-01   4.4615385e-01   6.4615385e-01   1.6666667e-01
   2.4266311e-01   4.4615385e-01   6.4615385e-01   1.6666667e-01
   2.2022799e-01   4.4615385e-01   6.3076923e-01   1.6666667e-01
   1.9767160e-01   4.9230769e-01   6.3076923e-01   1.6666667e-01
   1.7535775e-01   5.3846154e-01   6.4615385e-01   1.6666667e-01
   1.5134611e-01   5.5384615e-01   6.4615385e-01   1.6666667e-01
   1.4346350e-01   5.5384615e-01   6.4615385e-01   1.6666667e-01
   1.4952704e-01   5.5384615e-01   6.4615385e-01   1.6666667e-01
   1.5777347e-01   5.5384615e-01   6.4615385e-01   1.6666667e-01
   1.5243755e-01   4.7692308e-01   6.6153846e-01   3.3333333e-01
   1.4103808e-01   4.7692308e-01   6.6153846e-01   3.3333333e-01
   1.2612176e-01   6.1538462e-01   6.6153846e-01   1.6666667e-01
   1.0696095e-01   6.1538462e-01   6.6153846e-01   1.6666667e-01
   8.2100412e-02   6.1538462e-01   6.6153846e-01   1.6666667e-01
   7.1913655e-02   6.1538462e-01   6.6153846e-01   1.6666667e-01
   6.6820276e-02   6.1538462e-01   6.6153846e-01   1.6666667e-01
   6.0999272e-02   6.1538462e-01   6.6153846e-01   1.6666667e-01
   5.6269707e-02   6.1538462e-01   6.6153846e-01   1.6666667e-01
   5.3116663e-02   6.1538462e-01   6.6153846e-01   1.6666667e-01
   4.9235993e-02   6.1538462e-01   6.4615385e-01   1.6666667e-01
   4.3172447e-02   6.0000000e-01   6.3076923e-01   1.6666667e-01
   4.1474654e-02   6.0000000e-01   6.1538462e-01   1.6666667e-01
   4.1353383e-02   6.0000000e-01   6.1538462e-01   1.6666667e-01
   4.3414989e-02   5.8461538e-01   6.1538462e-01   1.6666667e-01
   4.7538200e-02   5.5384615e-01   6.0000000e-01   3.3333333e-01
   5.4693185e-02   5.3846154e-01   5.6923077e-01   1.6666667e-01
   7.1428571e-02   4.9230769e-01   5.6923077e-01   1.6666667e-01
   9.1923357e-02   4.7692308e-01   5.6923077e-01   1.6666667e-01
   1.1496483e-01   4.7692308e-01   5.6923077e-01   1.6666667e-01
   1.2975988e-01   4.7692308e-01   5.5384615e-01   1.6666667e-01
   1.3958283e-01   4.6153846e-01   5.5384615e-01   1.6666667e-01
   1.5243755e-01   4.7692308e-01   5.6923077e-01   1.6666667e-01
   1.6868785e-01   4.7692308e-01   5.8461538e-01   1.6666667e-01
   1.7438758e-01   4.7692308e-01   6.0000000e-01   1.6666667e-01
   1.7050691e-01   4.9230769e-01   6.1538462e-01   1.6666667e-01
   1.6092651e-01   4.9230769e-01   6.1538462e-01   1.6666667e-01
   1.4467621e-01   5.2307692e-01   6.3076923e-01   1.6666667e-01
   1.2794082e-01   5.3846154e-01   6.4615385e-01   1.6666667e-01
   1.1096289e-01   5.6923077e-01   6.4615385e-01   1.6666667e-01
   9.6652923e-02   5.8461538e-01   6.6153846e-01   1.6666667e-01
   8.6951249e-02   6.0000000e-01   6.6153846e-01   1.6666667e-01
   7.7492117e-02   6.1538462e-01   6.6153846e-01   1.6666667e-01
   7.2156197e-02   6.3076923e-01   6.7692308e-01   1.6666667e-01
   6.9609508e-02   6.3076923e-01   6.7692308e-01   1.6666667e-01
   6.9366966e-02   6.4615385e-01   6.7692308e-01   1.6666667e-01
   7.1671113e-02   6.4615385e-01   6.9230769e-01   1.6666667e-01
   7.3853990e-02   6.4615385e-01   6.9230769e-01   1.6666667e-01
   7.6036866e-02   6.4615385e-01   6.9230769e-01   1.6666667e-01
   8.0281349e-02   6.4615385e-01   6.9230769e-01   1.6666667e-01
   8.7557604e-02   6.3076923e-01   6.9230769e-01   1.6666667e-01
   9.5197672e-02   6.3076923e-01   6.9230769e-01   1.6666667e-01
   1.0841620e-01   6.3076923e-01   6.9230769e-01   1.6666667e-01
   1.4552510e-01   4.7692308e-01   6.9230769e-01   3.3333333e-01
   2.1234538e-01   4.6153846e-01   6.9230769e-01   3.3333333e-01
   2.8098472e-01   4.4615385e-01   6.9230769e-01   3.3333333e-01
   3.3664807e-01   4.4615385e-01   6.9230769e-01   1.6666667e-01
   3.6866359e-01   4.4615385e-01   6.9230769e-01   1.6666667e-01
   3.7096774e-01   4.4615385e-01   6.7692308e-01   1.6666667e-01
   3.5483871e-01   4.4615385e-01   6.7692308e-01   1.6666667e-01
   3.3858841e-01   4.4615385e-01   6.7692308e-01   1.6666667e-01
   3.2912927e-01   4.4615385e-01   6.6153846e-01   1.6666667e-01
   3.2391463e-01   4.4615385e-01   6.4615385e-01   1.6666667e-01
   3.2427844e-01   4.4615385e-01   6.4615385e-01   1.6666667e-01
   3.2197429e-01   4.6153846e-01   6.4615385e-01   1.6666667e-01
   3.1348533e-01   4.6153846e-01   6.6153846e-01   1.6666667e-01
   2.9444579e-01   4.7692308e-01   6.6153846e-01   1.6666667e-01
   2.6764492e-01   4.7692308e-01   6.6153846e-01   1.6666667e-01
   2.3744846e-01   4.9230769e-01   6.6153846e-01   1.6666667e-01
   2.1089013e-01   5.0769231e-01   6.7692308e-01   1.6666667e-01
   1.8651467e-01   5.2307692e-01   6.7692308e-01   1.6666667e-01
   1.6565608e-01   5.3846154e-01   6.7692308e-01   1.6666667e-01
   1.5134611e-01   6.0000000e-01   6.7692308e-01   1.6666667e-01
   1.3970410e-01   6.0000000e-01   6.7692308e-01   1.6666667e-01
   1.3206403e-01   6.1538462e-01   6.7692308e-01   1.6666667e-01
   1.3073005e-01   6.1538462e-01   6.7692308e-01   1.6666667e-01
   1.3279166e-01   6.1538462e-01   6.7692308e-01   1.6666667e-01
   1.3436818e-01   6.0000000e-01   6.7692308e-01   1.6666667e-01
   1.3679360e-01   6.0000000e-01   6.7692308e-01   1.6666667e-01
   1.3800631e-01   6.0000000e-01   6.7692308e-01   1.6666667e-01
   1.3388309e-01   6.0000000e-01   6.7692308e-01   1.6666667e-01
   1.2806209e-01   6.0000000e-01   6.7692308e-01   1.6666667e-01
   1.1714771e-01   6.0000000e-01   6.6153846e-01   1.6666667e-01
   1.0574824e-01   6.0000000e-01   6.6153846e-01   1.6666667e-01
   1.0065486e-01   5.8461538e-01   6.6153846e-01   1.6666667e-01
   9.6531652e-02   5.8461538e-01   6.6153846e-01   1.6666667e-01
   8.9255397e-02   5.8461538e-01   6.4615385e-01   1.6666667e-01
   8.1615329e-02   5.6923077e-01   6.3076923e-01   1.6666667e-01
   6.9852049e-02   5.8461538e-01   6.1538462e-01   1.6666667e-01
   5.4086830e-02   5.8461538e-01   6.1538462e-01   1.6666667e-01
   3.5168567e-02   6.0000000e-01   6.0000000e-01   1.6666667e-01
