   3.8200000e+02
   6.8174727e-02   5.4320988e-01   5.6790123e-01   1.6666667e-01
   1.4648986e-01   5.1851852e-01   5.8024691e-01   1.6666667e-01
   2.3338534e-01   5.0617284e-01   5.9259259e-01   1.6666667e-01
   2.9141966e-01   5.0617284e-01   6.0493827e-01   1.6666667e-01
   3.2152886e-01   5.0617284e-01   6.0493827e-01   1.6666667e-01
   3.1279251e-01   4.9382716e-01   6.1728395e-01   1.6666667e-01
   2.8861154e-01   4.9382716e-01   6.1728395e-01   1.6666667e-01
   2.6630265e-01   4.9382716e-01   6.2962963e-01   1.6666667e-01
   2.4087363e-01   4.9382716e-01   6.2962963e-01   1.6666667e-01
   2.0982839e-01   4.8148148e-01   6.2962963e-01   3.3333333e-01
   1.7956318e-01   4.8148148e-01   6.2962963e-01   3.3333333e-01
   1.6630265e-01   4.8148148e-01   6.2962963e-01   3.3333333e-01
   1.5335413e-01   4.8148148e-01   6.2962963e-01   3.3333333e-01
   1.5054602e-01   4.6913580e-01   6.2962963e-01   3.3333333e-01
   1.4695788e-01   4.6913580e-01   6.2962963e-01   3.3333333e-01
   1.7862715e-01   4.8148148e-01   6.2962963e-01   3.3333333e-01
   1.9095164e-01   4.8148148e-01   6.1728395e-01   3.3333333e-01
   2.1497660e-01   4.8148148e-01   6.0493827e-01   3.3333333e-01
   2.5319813e-01   4.8148148e-01   6.0493827e-01   1.6666667e-01
   2.7628705e-01   4.9382716e-01   6.0493827e-01   1.6666667e-01
   2.6084243e-01   4.9382716e-01   5.9259259e-01   1.6666667e-01
   2.5054602e-01   4.9382716e-01   5.9259259e-01   1.6666667e-01
   2.4851794e-01   5.0617284e-01   5.9259259e-01   1.6666667e-01
   2.3837754e-01   5.0617284e-01   5.9259259e-01   1.6666667e-01
   2.3042122e-01   5.1851852e-01   6.0493827e-01   1.6666667e-01
   1.9734789e-01   5.1851852e-01   6.0493827e-01   1.6666667e-01
   1.7098284e-01   5.3086420e-01   6.0493827e-01   1.6666667e-01
   1.3759750e-01   5.4320988e-01   6.1728395e-01   1.6666667e-01
   1.0156006e-01   5.8024691e-01   6.1728395e-01   1.6666667e-01
   8.0187207e-02   5.9259259e-01   6.1728395e-01   1.6666667e-01
   6.5366615e-02   5.9259259e-01   6.2962963e-01   1.6666667e-01
   6.3026521e-02   6.0493827e-01   6.2962963e-01   1.6666667e-01
   6.3026521e-02   6.0493827e-01   6.2962963e-01   1.6666667e-01
   6.3650546e-02   6.0493827e-01   6.2962963e-01   1.6666667e-01
   6.9266771e-02   6.0493827e-01   6.2962963e-01   1.6666667e-01
   6.5054602e-02   6.0493827e-01   6.2962963e-01   1.6666667e-01
   5.3198128e-02   6.0493827e-01   6.2962963e-01   1.6666667e-01
   5.4446178e-02   5.9259259e-01   6.1728395e-01   1.6666667e-01
   4.9609984e-02   5.9259259e-01   6.0493827e-01   1.6666667e-01
   3.9625585e-02   5.9259259e-01   6.0493827e-01   1.6666667e-01
   4.1029641e-02   5.8024691e-01   5.9259259e-01   1.6666667e-01
   4.1965679e-02   5.8024691e-01   5.9259259e-01   1.6666667e-01
   3.8845554e-02   5.8024691e-01   5.9259259e-01   1.6666667e-01
   2.8393136e-02   5.7407407e-01   5.8024691e-01   0.0000000e+00
   3.6193448e-02   5.6790123e-01   5.6790123e-01   1.6666667e-01
   4.1653666e-02   5.5555556e-01   5.6790123e-01   1.6666667e-01
   4.5553822e-02   5.5555556e-01   5.6790123e-01   1.6666667e-01
   4.1497660e-02   5.5555556e-01   5.6790123e-01   1.6666667e-01
   2.7145086e-02   5.5061728e-01   5.6296296e-01   0.0000000e+00
   1.4820593e-02   5.4567901e-01   5.5802469e-01   0.0000000e+00
   1.5444618e-02   5.4074074e-01   5.5308642e-01   0.0000000e+00
   1.9812793e-02   5.3580247e-01   5.4814815e-01   0.0000000e+00
   3.1513261e-02   5.3086420e-01   5.4320988e-01   1.6666667e-01
   3.6037441e-02   5.3086420e-01   5.4320988e-01   1.6666667e-01
   4.5865835e-02   5.1851852e-01   5.4320988e-01   1.6666667e-01
   4.8205928e-02   5.1851852e-01   5.4320988e-01   1.6666667e-01
   7.2386895e-02   5.1851852e-01   5.4320988e-01   1.6666667e-01
   1.9703588e-01   5.1851852e-01   6.2962963e-01   1.6666667e-01
   3.2371295e-01   5.1851852e-01   6.4197531e-01   1.6666667e-01
   3.8237129e-01   5.1851852e-01   6.5432099e-01   1.6666667e-01
   3.9360374e-01   5.1851852e-01   6.5432099e-01   1.6666667e-01
   3.8970359e-01   5.1851852e-01   6.6666667e-01   1.6666667e-01
   3.6037441e-01   5.3086420e-01   6.6666667e-01   1.6666667e-01
   3.3790952e-01   5.4320988e-01   6.6666667e-01   1.6666667e-01
   3.0280811e-01   5.4320988e-01   6.7901235e-01   1.6666667e-01
   2.6957878e-01   5.5555556e-01   6.6666667e-01   1.6666667e-01
   2.2667707e-01   5.5555556e-01   6.5432099e-01   1.6666667e-01
   1.7503900e-01   5.5555556e-01   6.4197531e-01   1.6666667e-01
   1.3697348e-01   5.5555556e-01   6.2962963e-01   1.6666667e-01
   1.0936037e-01   5.5555556e-01   6.1728395e-01   1.6666667e-01
   7.5507020e-02   5.5555556e-01   6.0493827e-01   1.6666667e-01
   4.4461778e-02   5.6790123e-01   5.6790123e-01   1.6666667e-01
   2.2932917e-02   5.6296296e-01   5.6296296e-01   0.0000000e+00
   1.5132605e-02   5.5802469e-01   5.5802469e-01   0.0000000e+00
   2.3244930e-02   5.5308642e-01   5.5308642e-01   0.0000000e+00
   2.5741030e-02   5.4814815e-01   5.4814815e-01   0.0000000e+00
   2.6833073e-02   5.4320988e-01   5.4320988e-01   1.6666667e-01
   1.9656786e-02   5.4115226e-01   5.4115226e-01   0.0000000e+00
   1.8564743e-02   5.3909465e-01   5.3909465e-01   0.0000000e+00
   1.7472699e-02   5.3703704e-01   5.3703704e-01   0.0000000e+00
   1.6848674e-02   5.3497942e-01   5.3497942e-01   0.0000000e+00
   1.7160686e-02   5.3292181e-01   5.3292181e-01   0.0000000e+00
   2.1684867e-02   5.3086420e-01   5.3086420e-01   1.6666667e-01
   4.0405616e-02   5.3086420e-01   5.4320988e-01   1.6666667e-01
   1.0280811e-01   5.3086420e-01   5.8024691e-01   1.6666667e-01
   1.8954758e-01   5.3086420e-01   6.2962963e-01   1.6666667e-01
   2.5819033e-01   5.4320988e-01   6.4197531e-01   1.6666667e-01
   2.6567863e-01   5.4320988e-01   6.4197531e-01   1.6666667e-01
   2.6677067e-01   5.5555556e-01   6.5432099e-01   1.6666667e-01
   2.4758190e-01   5.5555556e-01   6.5432099e-01   1.6666667e-01
   2.3073323e-01   5.6790123e-01   6.5432099e-01   1.6666667e-01
   2.1014041e-01   5.6790123e-01   6.5432099e-01   1.6666667e-01
   1.7145086e-01   5.6790123e-01   6.5432099e-01   1.6666667e-01
   1.3634945e-01   5.6790123e-01   6.4197531e-01   1.6666667e-01
   1.0655226e-01   5.8024691e-01   6.2962963e-01   1.6666667e-01
   6.3494540e-02   5.9259259e-01   6.1728395e-01   1.6666667e-01
   3.0733229e-02   5.8487654e-01   6.0648148e-01   0.0000000e+00
   3.1201248e-04   5.7716049e-01   5.9567901e-01   0.0000000e+00
   8.8923557e-03   5.6944444e-01   5.8487654e-01   0.0000000e+00
   9.5163807e-03   5.6172840e-01   5.7407407e-01   0.0000000e+00
   7.9563183e-03   5.5401235e-01   5.6327160e-01   0.0000000e+00
   1.0920437e-03   5.4629630e-01   5.5246914e-01   0.0000000e+00
   8.7363495e-03   5.3858025e-01   5.4166667e-01   0.0000000e+00
   3.3229329e-02   5.3086420e-01   5.3086420e-01   1.6666667e-01
   8.8143526e-02   5.1851852e-01   5.6790123e-01   1.6666667e-01
   1.5975039e-01   5.1851852e-01   5.9259259e-01   1.6666667e-01
   2.0858034e-01   5.1851852e-01   6.0493827e-01   1.6666667e-01
   2.1887676e-01   5.3086420e-01   6.1728395e-01   1.6666667e-01
   2.0686427e-01   5.3086420e-01   6.2962963e-01   1.6666667e-01
   1.8829953e-01   5.4320988e-01   6.2962963e-01   1.6666667e-01
   1.6583463e-01   5.4320988e-01   6.4197531e-01   1.6666667e-01
   1.3026521e-01   5.6790123e-01   6.4197531e-01   1.6666667e-01
   1.0249610e-01   6.0493827e-01   6.4197531e-01   1.6666667e-01
   6.9422777e-02   6.1728395e-01   6.5432099e-01   1.6666667e-01
   5.6630265e-02   6.2962963e-01   6.5432099e-01   1.6666667e-01
   4.7581903e-02   6.2962963e-01   6.5432099e-01   1.6666667e-01
   5.4134165e-02   6.4197531e-01   6.5432099e-01   1.6666667e-01
   5.4134165e-02   6.4197531e-01   6.5432099e-01   1.6666667e-01
   5.3666147e-02   6.4197531e-01   6.6666667e-01   1.6666667e-01
   5.1014041e-02   6.4197531e-01   6.6666667e-01   1.6666667e-01
   4.6333853e-02   6.4197531e-01   6.6666667e-01   1.6666667e-01
   3.8845554e-02   6.5432099e-01   6.5432099e-01   1.6666667e-01
   2.5741030e-02   6.4923747e-01   6.5141612e-01   0.0000000e+00
   1.5756630e-02   6.4415396e-01   6.4851126e-01   0.0000000e+00
   7.1762871e-03   6.3907044e-01   6.4560639e-01   0.0000000e+00
   9.3603744e-04   6.3398693e-01   6.4270153e-01   0.0000000e+00
   1.0920437e-03   6.2890341e-01   6.3979666e-01   0.0000000e+00
   1.0920437e-03   6.2381990e-01   6.3689179e-01   0.0000000e+00
   1.0920437e-03   6.1873638e-01   6.3398693e-01   0.0000000e+00
   1.0920437e-03   6.1365287e-01   6.3108206e-01   0.0000000e+00
   1.0920437e-03   6.0856935e-01   6.2817720e-01   0.0000000e+00
   1.0920437e-03   6.0348584e-01   6.2527233e-01   0.0000000e+00
   1.0920437e-03   5.9840232e-01   6.2236747e-01   0.0000000e+00
   1.0920437e-03   5.9331881e-01   6.1946260e-01   0.0000000e+00
   1.0920437e-03   5.8823529e-01   6.1655773e-01   0.0000000e+00
   1.0920437e-03   5.8315178e-01   6.1365287e-01   0.0000000e+00
   1.0920437e-03   5.7806826e-01   6.1074800e-01   0.0000000e+00
   3.5881435e-03   5.7298475e-01   6.0784314e-01   0.0000000e+00
   6.8018721e-02   5.6790123e-01   6.0493827e-01   1.6666667e-01
   1.6099844e-01   5.4320988e-01   6.1728395e-01   1.6666667e-01
   2.3712949e-01   5.4320988e-01   6.2962963e-01   1.6666667e-01
   2.6318253e-01   5.3086420e-01   6.4197531e-01   1.6666667e-01
   2.6942278e-01   5.3086420e-01   6.5432099e-01   1.6666667e-01
   2.5241810e-01   5.1851852e-01   6.5432099e-01   1.6666667e-01
   2.4305772e-01   5.1851852e-01   6.6666667e-01   1.6666667e-01
   2.1310452e-01   5.1851852e-01   6.6666667e-01   1.6666667e-01
   1.8393136e-01   5.1851852e-01   6.6666667e-01   3.3333333e-01
   1.3837754e-01   5.1851852e-01   6.7901235e-01   3.3333333e-01
   1.3556942e-01   5.1851852e-01   6.7901235e-01   3.3333333e-01
   1.6474259e-01   5.1851852e-01   6.7901235e-01   3.3333333e-01
   1.9875195e-01   5.1851852e-01   6.9135802e-01   3.3333333e-01
   2.4212168e-01   5.1851852e-01   6.9135802e-01   3.3333333e-01
   2.9968799e-01   5.1851852e-01   6.7901235e-01   3.3333333e-01
   3.2636505e-01   5.1851852e-01   6.7901235e-01   1.6666667e-01
   3.1700468e-01   5.1851852e-01   6.7901235e-01   1.6666667e-01
   2.9329173e-01   5.3086420e-01   6.6666667e-01   1.6666667e-01
   2.4290172e-01   5.3086420e-01   6.5432099e-01   1.6666667e-01
   1.9765991e-01   5.4320988e-01   6.4197531e-01   1.6666667e-01
   1.3541342e-01   5.4320988e-01   6.1728395e-01   1.6666667e-01
   9.4539782e-02   5.4320988e-01   5.9259259e-01   1.6666667e-01
   6.5210608e-02   5.5555556e-01   5.8024691e-01   1.6666667e-01
   4.7581903e-02   5.5555556e-01   5.8024691e-01   1.6666667e-01
   3.2917317e-02   5.5555556e-01   5.6790123e-01   1.6666667e-01
   2.6209048e-02   5.5246914e-01   5.6172840e-01   0.0000000e+00
   1.6224649e-02   5.4938272e-01   5.5555556e-01   0.0000000e+00
   1.6536661e-02   5.4629630e-01   5.4938272e-01   0.0000000e+00
   1.9500780e-02   5.4320988e-01   5.4320988e-01   1.6666667e-01
   2.2308892e-02   5.4320988e-01   5.4320988e-01   1.6666667e-01
   2.2776911e-02   5.4320988e-01   5.5555556e-01   1.6666667e-01
   2.1216849e-02   5.4320988e-01   5.4320988e-01   1.6666667e-01
   1.8720749e-02   5.4166667e-01   5.4166667e-01   0.0000000e+00
   2.2776911e-02   5.4012346e-01   5.4012346e-01   0.0000000e+00
   1.5444618e-02   5.3858025e-01   5.3858025e-01   0.0000000e+00
   1.5600624e-02   5.3703704e-01   5.3703704e-01   0.0000000e+00
   1.4352574e-02   5.3549383e-01   5.3549383e-01   0.0000000e+00
   7.8003120e-04   5.3395062e-01   5.3395062e-01   0.0000000e+00
   1.7160686e-03   5.3240741e-01   5.3240741e-01   0.0000000e+00
   2.3556942e-02   5.3086420e-01   5.3086420e-01   1.6666667e-01
   1.2714509e-01   5.3086420e-01   6.2962963e-01   3.3333333e-01
   2.6349454e-01   5.3086420e-01   6.5432099e-01   1.6666667e-01
   3.6567863e-01   5.3086420e-01   6.6666667e-01   1.6666667e-01
   3.8237129e-01   5.3086420e-01   6.6666667e-01   1.6666667e-01
   3.8502340e-01   5.3086420e-01   6.6666667e-01   1.6666667e-01
   3.7223089e-01   5.4320988e-01   6.7901235e-01   1.6666667e-01
   3.4352574e-01   5.4320988e-01   6.7901235e-01   1.6666667e-01
   3.0624025e-01   5.5555556e-01   6.7901235e-01   1.6666667e-01
   2.4602184e-01   5.5555556e-01   6.7901235e-01   1.6666667e-01
   1.9063963e-01   5.6790123e-01   6.7901235e-01   1.6666667e-01
   1.3463339e-01   5.8024691e-01   6.6666667e-01   1.6666667e-01
   7.6599064e-02   5.9259259e-01   6.2962963e-01   1.6666667e-01
   2.6677067e-02   5.8710562e-01   6.2139918e-01   0.0000000e+00
   0.0000000e+00   5.8161866e-01   6.1316872e-01   0.0000000e+00
   1.4040562e-03   5.7613169e-01   6.0493827e-01   0.0000000e+00
   8.8923557e-03   5.7064472e-01   5.9670782e-01   0.0000000e+00
   1.7004680e-02   5.6515775e-01   5.8847737e-01   0.0000000e+00
   1.7940718e-02   5.5967078e-01   5.8024691e-01   0.0000000e+00
   1.7472699e-02   5.5418381e-01   5.7201646e-01   0.0000000e+00
   1.7472699e-02   5.4869684e-01   5.6378601e-01   0.0000000e+00
   3.3697348e-02   5.4320988e-01   5.5555556e-01   1.6666667e-01
   6.2870515e-02   5.4320988e-01   5.6790123e-01   1.6666667e-01
   1.1294852e-01   5.3086420e-01   5.9259259e-01   1.6666667e-01
   1.6131045e-01   5.4320988e-01   6.0493827e-01   1.6666667e-01
   2.0561622e-01   5.4320988e-01   6.1728395e-01   1.6666667e-01
   2.0920437e-01   5.4320988e-01   6.2962963e-01   1.6666667e-01
   2.0873635e-01   5.5555556e-01   6.4197531e-01   1.6666667e-01
   1.9017161e-01   5.5555556e-01   6.5432099e-01   1.6666667e-01
   1.6255850e-01   5.6790123e-01   6.5432099e-01   1.6666667e-01
   1.3728549e-01   5.9259259e-01   6.5432099e-01   1.6666667e-01
   1.1185647e-01   6.1728395e-01   6.6666667e-01   1.6666667e-01
   8.7207488e-02   6.2962963e-01   6.6666667e-01   1.6666667e-01
   8.5647426e-02   6.4197531e-01   6.6666667e-01   1.6666667e-01
   8.6427457e-02   6.4197531e-01   6.7901235e-01   1.6666667e-01
   8.1903276e-02   6.4197531e-01   6.7901235e-01   1.6666667e-01
   8.0343214e-02   6.4197531e-01   6.7901235e-01   1.6666667e-01
   8.2995320e-02   6.5432099e-01   6.7901235e-01   1.6666667e-01
   7.8003120e-02   6.5432099e-01   6.7901235e-01   1.6666667e-01
   7.3634945e-02   6.5432099e-01   6.7901235e-01   1.6666667e-01
   6.8486739e-02   6.5432099e-01   6.7901235e-01   1.6666667e-01
   6.1466459e-02   6.5432099e-01   6.7901235e-01   1.6666667e-01
   4.8517941e-02   6.5432099e-01   6.7901235e-01   1.6666667e-01
   4.2589704e-02   6.5432099e-01   6.6666667e-01   1.6666667e-01
   3.6193448e-02   6.5432099e-01   6.6666667e-01   1.6666667e-01
   1.8096724e-02   7.0987654e-01   7.2016461e-01   0.0000000e+00
   1.4664587e-02   7.6543210e-01   7.7366255e-01   0.0000000e+00
   3.1201248e-04   8.2098765e-01   8.2716049e-01   0.0000000e+00
   3.9001560e-03   8.7654321e-01   8.8065844e-01   0.0000000e+00
   3.3853354e-02   9.3209877e-01   9.3415638e-01   0.0000000e+00
   3.8845554e-02   9.8765432e-01   9.8765432e-01   1.6666667e-01
   5.4758190e-02   9.8765432e-01   9.8765432e-01   1.6666667e-01
   2.9953198e-02   8.8271605e-01   9.9074074e-01   0.0000000e+00
   1.6224649e-02   7.7777778e-01   9.9382716e-01   0.0000000e+00
   1.9656786e-02   6.7283951e-01   9.9691358e-01   0.0000000e+00
   5.8190328e-02   5.6790123e-01   1.0000000e+00   3.3333333e-01
   1.4165367e-01   5.4320988e-01   1.0000000e+00   3.3333333e-01
   2.2589704e-01   5.3086420e-01   1.0000000e+00   3.3333333e-01
   2.8798752e-01   5.3086420e-01   1.0000000e+00   3.3333333e-01
   3.3260530e-01   5.1851852e-01   1.0000000e+00   3.3333333e-01
   3.5382215e-01   5.1851852e-01   9.8765432e-01   3.3333333e-01
   3.7613105e-01   5.1851852e-01   9.7530864e-01   3.3333333e-01
   4.1950078e-01   5.0617284e-01   9.7530864e-01   3.3333333e-01
   4.5335413e-01   5.0617284e-01   9.7530864e-01   3.3333333e-01
   4.9422777e-01   5.0617284e-01   9.6296296e-01   3.3333333e-01
   5.3416537e-01   5.0617284e-01   9.6296296e-01   3.3333333e-01
   5.8143526e-01   4.9382716e-01   9.5061728e-01   3.3333333e-01
   6.5959438e-01   4.9382716e-01   9.5061728e-01   3.3333333e-01
   7.8252730e-01   5.0617284e-01   9.3827160e-01   3.3333333e-01
   8.6209048e-01   5.0617284e-01   9.2592593e-01   1.6666667e-01
   8.6661466e-01   5.0617284e-01   9.0123457e-01   1.6666667e-01
   8.0327613e-01   5.1851852e-01   8.7654321e-01   1.6666667e-01
   6.7847114e-01   5.1851852e-01   8.6419753e-01   1.6666667e-01
   5.4617785e-01   5.3086420e-01   8.3950617e-01   1.6666667e-01
   4.1638066e-01   5.4320988e-01   8.0246914e-01   1.6666667e-01
   2.8767551e-01   6.0493827e-01   7.6543210e-01   1.6666667e-01
   1.5897036e-01   6.7901235e-01   7.5308642e-01   1.6666667e-01
   5.8970359e-02   7.2839506e-01   7.4074074e-01   1.6666667e-01
   1.3572543e-02   7.1712292e-01   7.3376275e-01   0.0000000e+00
   4.6801872e-04   7.0585078e-01   7.2678476e-01   0.0000000e+00
   1.0920437e-03   6.9457864e-01   7.1980676e-01   0.0000000e+00
   1.0920437e-03   6.8330649e-01   7.1282877e-01   0.0000000e+00
   1.0920437e-03   6.7203435e-01   7.0585078e-01   0.0000000e+00
   1.0920437e-03   6.6076221e-01   6.9887279e-01   0.0000000e+00
   1.0920437e-03   6.4949007e-01   6.9189479e-01   0.0000000e+00
   1.0920437e-03   6.3821793e-01   6.8491680e-01   0.0000000e+00
   1.0920437e-03   6.2694579e-01   6.7793881e-01   0.0000000e+00
   1.0920437e-03   6.1567364e-01   6.7096082e-01   0.0000000e+00
   1.0920437e-03   6.0440150e-01   6.6398282e-01   0.0000000e+00
   1.0920437e-03   5.9312936e-01   6.5700483e-01   0.0000000e+00
   1.2480499e-03   5.8185722e-01   6.5002684e-01   0.0000000e+00
   8.4243370e-03   5.7058508e-01   6.4304885e-01   0.0000000e+00
   9.0483619e-03   5.5931294e-01   6.3607085e-01   0.0000000e+00
   1.5600624e-02   5.4804079e-01   6.2909286e-01   0.0000000e+00
   8.8923557e-03   5.3676865e-01   6.2211487e-01   0.0000000e+00
   9.3603744e-03   5.2549651e-01   6.1513688e-01   0.0000000e+00
   8.8923557e-03   5.1422437e-01   6.0815888e-01   0.0000000e+00
   7.8003120e-03   5.0295223e-01   6.0118089e-01   0.0000000e+00
   1.5600624e-03   4.9168009e-01   5.9420290e-01   0.0000000e+00
   2.1216849e-02   4.8040794e-01   5.8722491e-01   0.0000000e+00
   8.3151326e-02   4.6913580e-01   5.8024691e-01   3.3333333e-01
   2.2776911e-01   4.6913580e-01   5.9259259e-01   1.6666667e-01
   3.4321373e-01   4.5679012e-01   6.0493827e-01   1.6666667e-01
   4.0967239e-01   4.5679012e-01   6.1728395e-01   1.6666667e-01
   4.2948518e-01   4.4444444e-01   6.1728395e-01   1.6666667e-01
   4.4633385e-01   4.4444444e-01   6.2962963e-01   1.6666667e-01
   4.5351014e-01   4.3209877e-01   6.2962963e-01   1.6666667e-01
   4.4383775e-01   4.1975309e-01   6.2962963e-01   1.6666667e-01
   4.1482059e-01   4.1975309e-01   6.4197531e-01   1.6666667e-01
   3.6755070e-01   4.0740741e-01   6.4197531e-01   3.3333333e-01
   2.8814353e-01   4.0740741e-01   6.4197531e-01   3.3333333e-01
   2.2480499e-01   4.1975309e-01   6.4197531e-01   3.3333333e-01
   1.5304212e-01   4.1975309e-01   4.9382716e-01   1.6666667e-01
   9.7971919e-02   4.5679012e-01   4.8148148e-01   1.6666667e-01
   4.9765991e-02   4.6913580e-01   4.8148148e-01   1.6666667e-01
   2.8549142e-02   4.8148148e-01   4.8148148e-01   1.6666667e-01
   1.8876755e-02   4.8148148e-01   4.8148148e-01   0.0000000e+00
   1.7004680e-02   4.8148148e-01   4.8148148e-01   0.0000000e+00
   9.2043682e-03   4.8148148e-01   4.8148148e-01   0.0000000e+00
   8.5803432e-03   4.8148148e-01   4.8148148e-01   0.0000000e+00
   8.1123245e-03   4.8148148e-01   4.8148148e-01   0.0000000e+00
   8.7363495e-03   4.8148148e-01   4.8148148e-01   0.0000000e+00
   9.0483619e-03   4.8148148e-01   4.8148148e-01   0.0000000e+00
   8.5803432e-03   4.8148148e-01   4.8148148e-01   0.0000000e+00
   7.9563183e-03   4.8148148e-01   4.8148148e-01   0.0000000e+00
   7.9563183e-03   4.8148148e-01   4.8148148e-01   0.0000000e+00
   7.9563183e-03   4.8148148e-01   4.8148148e-01   0.0000000e+00
   8.1123245e-03   4.8148148e-01   4.8148148e-01   0.0000000e+00
   9.5163807e-03   4.8148148e-01   4.8148148e-01   0.0000000e+00
   2.2152886e-02   4.8148148e-01   4.8148148e-01   1.6666667e-01
   5.9750390e-02   4.8148148e-01   4.9382716e-01   1.6666667e-01
   8.1747270e-02   4.8148148e-01   5.0617284e-01   1.6666667e-01
   1.0577223e-01   4.6913580e-01   5.1851852e-01   1.6666667e-01
   1.3088924e-01   4.6913580e-01   5.1851852e-01   1.6666667e-01
   2.7207488e-01   4.5679012e-01   6.0493827e-01   1.6666667e-01
   5.0046802e-01   4.0740741e-01   6.2962963e-01   1.6666667e-01
   7.3666147e-01   3.5802469e-01   6.4197531e-01   1.6666667e-01
   8.8065523e-01   2.9629630e-01   6.4197531e-01   1.6666667e-01
   9.7301092e-01   2.9629630e-01   6.5432099e-01   1.6666667e-01
   1.0000000e+00   2.8395062e-01   6.5432099e-01   1.6666667e-01
   9.6833073e-01   2.7160494e-01   6.5432099e-01   1.6666667e-01
   8.8954758e-01   2.7160494e-01   6.5432099e-01   1.6666667e-01
   7.7644306e-01   2.9629630e-01   6.6666667e-01   1.6666667e-01
   6.3744150e-01   3.2098765e-01   6.6666667e-01   1.6666667e-01
   4.9921997e-01   3.3333333e-01   6.5432099e-01   1.6666667e-01
   3.8658346e-01   3.3333333e-01   6.0493827e-01   3.3333333e-01
   2.5943838e-01   3.3333333e-01   5.8024691e-01   3.3333333e-01
   2.0031201e-01   3.3333333e-01   4.1975309e-01   1.6666667e-01
   1.5538222e-01   3.3333333e-01   4.0740741e-01   1.6666667e-01
   1.3416537e-01   2.9629630e-01   3.8271605e-01   1.6666667e-01
   1.0202808e-01   2.9629630e-01   3.7037037e-01   3.3333333e-01
   8.0967239e-02   2.8395062e-01   3.0864198e-01   1.6666667e-01
   5.6474259e-02   2.8395062e-01   3.0864198e-01   1.6666667e-01
   4.4461778e-02   3.5493827e-01   3.7345679e-01   0.0000000e+00
   2.3244930e-02   4.2592593e-01   4.3827160e-01   0.0000000e+00
   1.6068643e-02   4.9691358e-01   5.0308642e-01   0.0000000e+00
   3.0577223e-02   5.6790123e-01   5.6790123e-01   1.6666667e-01
   4.7269891e-02   5.6790123e-01   5.8024691e-01   1.6666667e-01
   5.9126365e-02   5.6790123e-01   5.9259259e-01   1.6666667e-01
   5.1170047e-02   5.8024691e-01   6.0493827e-01   1.6666667e-01
   4.6801872e-02   5.9259259e-01   6.1728395e-01   1.6666667e-01
   3.9937598e-02   6.0493827e-01   6.1728395e-01   1.6666667e-01
   2.9641186e-02   6.1728395e-01   6.2962963e-01   1.6666667e-01
   2.0124805e-02   6.2962963e-01   6.2962963e-01   1.6666667e-01
   1.9188768e-02   6.1199295e-01   6.1552028e-01   0.0000000e+00
   1.8876755e-02   5.9435626e-01   6.0141093e-01   0.0000000e+00
   1.7940718e-02   5.7671958e-01   5.8730159e-01   0.0000000e+00
   1.7472699e-02   5.5908289e-01   5.7319224e-01   0.0000000e+00
   1.8408736e-02   5.4144621e-01   5.5908289e-01   0.0000000e+00
   2.0124805e-02   5.2380952e-01   5.4497354e-01   0.0000000e+00
   5.5070203e-02   5.0617284e-01   5.3086420e-01   1.6666667e-01
   1.2386895e-01   5.0617284e-01   5.5555556e-01   1.6666667e-01
   1.8595944e-01   4.9382716e-01   5.6790123e-01   1.6666667e-01
   2.2137285e-01   4.9382716e-01   5.8024691e-01   1.6666667e-01
   2.4336973e-01   4.9382716e-01   5.9259259e-01   1.6666667e-01
   2.5507020e-01   4.9382716e-01   6.0493827e-01   1.6666667e-01
   2.6708268e-01   4.9382716e-01   6.1728395e-01   1.6666667e-01
   2.8377535e-01   4.9382716e-01   6.1728395e-01   1.6666667e-01
   2.9594384e-01   4.9382716e-01   6.1728395e-01   1.6666667e-01
   2.8580343e-01   5.0617284e-01   6.2962963e-01   1.6666667e-01
   2.5975039e-01   5.0617284e-01   6.2962963e-01   1.6666667e-01
   2.2730109e-01   5.0617284e-01   6.2962963e-01   1.6666667e-01
   1.9984399e-01   5.1851852e-01   6.2962963e-01   1.6666667e-01
   1.5491420e-01   5.3086420e-01   6.4197531e-01   1.6666667e-01
   1.1279251e-01   6.1728395e-01   6.4197531e-01   1.6666667e-01
   7.6911076e-02   6.1728395e-01   6.5432099e-01   1.6666667e-01
   7.5663027e-02   6.2962963e-01   6.5432099e-01   1.6666667e-01
   7.9095164e-02   6.2962963e-01   6.5432099e-01   1.6666667e-01
   8.5491420e-02   6.2962963e-01   6.6666667e-01   1.6666667e-01
   8.8455538e-02   6.4197531e-01   6.6666667e-01   1.6666667e-01
   9.7659906e-02   6.4197531e-01   6.6666667e-01   1.6666667e-01
   1.0218409e-01   6.4197531e-01   6.7901235e-01   1.6666667e-01
   1.0530421e-01   6.4197531e-01   6.7901235e-01   1.6666667e-01
   1.0577223e-01   6.4197531e-01   6.7901235e-01   1.6666667e-01
   1.0249610e-01   6.4197531e-01   6.7901235e-01   1.6666667e-01
   1.0717629e-01   6.4197531e-01   6.7901235e-01   1.6666667e-01
   1.0826833e-01   6.4197531e-01   6.7901235e-01   1.6666667e-01
   1.0904836e-01   6.4197531e-01   6.7901235e-01   1.6666667e-01
   1.0546022e-01   6.4197531e-01   6.7901235e-01   1.6666667e-01
   9.4695788e-02   6.4197531e-01   6.7901235e-01   1.6666667e-01
   8.9235569e-02   6.4197531e-01   6.6666667e-01   1.6666667e-01
   8.1903276e-02   6.4197531e-01   6.6666667e-01   1.6666667e-01
   6.6458658e-02   6.4197531e-01   6.6666667e-01   1.6666667e-01
   5.2106084e-02   6.5432099e-01   6.5432099e-01   1.6666667e-01
   3.7753510e-02   6.5432099e-01   6.5432099e-01   0.0000000e+00
