   2.2000000e+02
   5.8727421e-02   5.7291667e-01   6.0416667e-01   1.6666667e-01
   1.0719797e-01   5.6250000e-01   6.2500000e-01   1.6666667e-01
   1.4759009e-01   5.6250000e-01   6.3541667e-01   1.6666667e-01
   1.7218844e-01   5.5208333e-01   6.4583333e-01   1.6666667e-01
   1.8117455e-01   5.5208333e-01   6.5625000e-01   1.6666667e-01
   1.7627303e-01   5.5208333e-01   6.5625000e-01   1.6666667e-01
   1.6964691e-01   5.5208333e-01   6.6666667e-01   1.6666667e-01
   1.6129618e-01   5.5208333e-01   6.6666667e-01   1.6666667e-01
   1.4985931e-01   5.4166667e-01   6.6666667e-01   1.6666667e-01
   1.3415630e-01   5.4166667e-01   6.7708333e-01   3.3333333e-01
   1.1790869e-01   5.4166667e-01   6.7708333e-01   3.3333333e-01
   9.9210311e-02   5.4166667e-01   6.7708333e-01   3.3333333e-01
   9.1313425e-02   5.4166667e-01   6.7708333e-01   3.3333333e-01
   8.4959608e-02   5.4166667e-01   6.7708333e-01   3.3333333e-01
   7.8515022e-02   5.4166667e-01   6.7708333e-01   3.3333333e-01
   7.0073523e-02   5.5208333e-01   6.7708333e-01   3.3333333e-01
   6.2267405e-02   5.5208333e-01   5.8333333e-01   1.6666667e-01
   5.5096669e-02   5.6250000e-01   5.9375000e-01   1.6666667e-01
   4.7381320e-02   5.6250000e-01   5.9375000e-01   1.6666667e-01
   5.0648997e-02   5.7291667e-01   6.0416667e-01   1.6666667e-01
   5.0648997e-02   5.8333333e-01   6.1458333e-01   1.6666667e-01
   5.7547427e-02   5.8333333e-01   6.2500000e-01   1.6666667e-01
   1.1845330e-01   4.4791667e-01   6.2500000e-01   3.3333333e-01
   2.8637560e-01   3.7500000e-01   6.2500000e-01   1.6666667e-01
   4.5211945e-01   3.3333333e-01   6.2500000e-01   1.6666667e-01
   5.5704820e-01   3.2291667e-01   6.2500000e-01   1.6666667e-01
   5.9526187e-01   3.0208333e-01   6.2500000e-01   1.6666667e-01
   6.2004175e-01   2.9166667e-01   6.3541667e-01   1.6666667e-01
   6.3102478e-01   2.9166667e-01   6.3541667e-01   1.6666667e-01
   6.1532178e-01   2.8125000e-01   6.4583333e-01   1.6666667e-01
   5.5632205e-01   2.8125000e-01   6.4583333e-01   1.6666667e-01
   4.7127167e-01   2.8125000e-01   6.5625000e-01   1.6666667e-01
   3.8685668e-01   2.9166667e-01   6.5625000e-01   1.6666667e-01
   3.0534628e-01   3.0208333e-01   6.6666667e-01   3.3333333e-01
   1.9950985e-01   4.6875000e-01   6.6666667e-01   1.6666667e-01
   1.1237179e-01   6.1458333e-01   6.6666667e-01   1.6666667e-01
   5.7819733e-02   6.4583333e-01   6.7708333e-01   1.6666667e-01
   2.6322955e-02   6.5625000e-01   6.7708333e-01   1.6666667e-01
   1.7518381e-02   6.6666667e-01   6.7708333e-01   1.6666667e-01
   1.2072252e-02   6.7708333e-01   6.7708333e-01   1.6666667e-01
   8.3507307e-03   6.3541667e-01   6.3671875e-01   0.0000000e+00
   4.9922847e-03   5.9375000e-01   5.9635417e-01   0.0000000e+00
   5.0830535e-03   5.5208333e-01   5.5598958e-01   0.0000000e+00
   5.4461287e-03   5.1041667e-01   5.1562500e-01   0.0000000e+00
   3.6307525e-03   4.6875000e-01   4.7526042e-01   0.0000000e+00
   1.2707634e-03   4.2708333e-01   4.3489583e-01   0.0000000e+00
   2.0876827e-03   3.8541667e-01   3.9453125e-01   0.0000000e+00
   1.4069166e-02   3.4375000e-01   3.5416667e-01   1.6666667e-01
   3.4582917e-02   3.4375000e-01   3.6458333e-01   1.6666667e-01
   4.7290551e-02   3.4375000e-01   3.6458333e-01   1.6666667e-01
   5.5641282e-02   3.4375000e-01   3.7500000e-01   1.6666667e-01
   5.0195153e-02   3.4375000e-01   3.7500000e-01   1.6666667e-01
   5.0195153e-02   3.4375000e-01   3.7500000e-01   1.6666667e-01
   9.1222656e-02   3.5416667e-01   5.9375000e-01   5.0000000e-01
   1.2462558e-01   3.6458333e-01   6.1458333e-01   3.3333333e-01
   1.4150858e-01   3.7500000e-01   6.1458333e-01   3.3333333e-01
   1.3905782e-01   5.3125000e-01   6.2500000e-01   1.6666667e-01
   1.3134247e-01   5.3125000e-01   6.2500000e-01   1.6666667e-01
   1.2861941e-01   5.4166667e-01   6.3541667e-01   1.6666667e-01
   1.1927022e-01   5.4166667e-01   6.4583333e-01   1.6666667e-01
   9.9754924e-02   5.5208333e-01   6.4583333e-01   1.6666667e-01
   7.5428883e-02   6.0416667e-01   6.4583333e-01   1.6666667e-01
   5.3099755e-02   6.1458333e-01   6.5625000e-01   1.6666667e-01
   4.5565944e-02   6.2500000e-01   6.5625000e-01   1.6666667e-01
   3.8667514e-02   6.3541667e-01   6.5625000e-01   1.6666667e-01
   3.2222928e-02   6.4583333e-01   6.6666667e-01   1.6666667e-01
   2.7412181e-02   6.4583333e-01   6.6666667e-01   1.6666667e-01
   2.1330671e-02   6.5625000e-01   6.6666667e-01   1.6666667e-01
   1.8426069e-02   6.5625000e-01   6.6666667e-01   1.6666667e-01
   1.4250703e-02   6.6666667e-01   6.6666667e-01   1.6666667e-01
   1.0256876e-02   6.6250000e-01   6.6250000e-01   0.0000000e+00
   1.1346101e-02   6.5833333e-01   6.5833333e-01   0.0000000e+00
   1.3978397e-02   6.5416667e-01   6.5416667e-01   0.0000000e+00
   1.5339929e-02   6.5000000e-01   6.5000000e-01   0.0000000e+00
   1.8970682e-02   6.4583333e-01   6.4583333e-01   1.6666667e-01
   2.2329128e-02   6.3541667e-01   6.4583333e-01   1.6666667e-01
   3.0135246e-02   6.3541667e-01   6.4583333e-01   1.6666667e-01
   5.9181265e-02   5.6250000e-01   6.4583333e-01   3.3333333e-01
   7.6608877e-02   5.5208333e-01   6.0416667e-01   1.6666667e-01
   7.5701189e-02   5.5208333e-01   6.0416667e-01   1.6666667e-01
   7.9513479e-02   5.5208333e-01   6.0416667e-01   1.6666667e-01
   9.1676500e-02   5.6250000e-01   6.1458333e-01   1.6666667e-01
   1.1809022e-01   5.6250000e-01   7.0833333e-01   3.3333333e-01
   1.5494236e-01   5.7291667e-01   7.2916667e-01   3.3333333e-01
   1.7990379e-01   5.8333333e-01   7.2916667e-01   1.6666667e-01
   1.8571299e-01   5.9375000e-01   7.2916667e-01   1.6666667e-01
   1.7300536e-01   5.9375000e-01   7.2916667e-01   1.6666667e-01
   1.4985931e-01   6.0416667e-01   7.1875000e-01   1.6666667e-01
   1.2126713e-01   6.1458333e-01   7.1875000e-01   1.6666667e-01
   9.5851865e-02   6.2500000e-01   7.0833333e-01   1.6666667e-01
   7.2524281e-02   6.3541667e-01   7.0833333e-01   1.6666667e-01
   4.7109013e-02   6.4583333e-01   6.9791667e-01   1.6666667e-01
   2.4053735e-02   6.6666667e-01   6.6666667e-01   1.6666667e-01
   6.8076609e-03   6.6003788e-01   6.6098485e-01   0.0000000e+00
   7.2615049e-04   6.5340909e-01   6.5530303e-01   0.0000000e+00
   1.5430698e-03   6.4678030e-01   6.4962121e-01   0.0000000e+00
   1.5430698e-03   6.4015152e-01   6.4393939e-01   0.0000000e+00
   1.5430698e-03   6.3352273e-01   6.3825758e-01   0.0000000e+00
   1.5430698e-03   6.2689394e-01   6.3257576e-01   0.0000000e+00
   1.5430698e-03   6.2026515e-01   6.2689394e-01   0.0000000e+00
   1.5430698e-03   6.1363636e-01   6.2121212e-01   0.0000000e+00
   1.1799946e-03   6.0700758e-01   6.1553030e-01   0.0000000e+00
   3.0861396e-03   6.0037879e-01   6.0984848e-01   0.0000000e+00
   1.6429155e-02   5.9375000e-01   6.0416667e-01   1.6666667e-01
   4.5565944e-02   5.8333333e-01   6.1458333e-01   1.6666667e-01
   7.9241173e-02   5.8333333e-01   6.2500000e-01   1.6666667e-01
   1.0683489e-01   5.7291667e-01   6.3541667e-01   1.6666667e-01
   1.2662249e-01   5.6250000e-01   6.4583333e-01   1.6666667e-01
   1.3651629e-01   5.5208333e-01   6.4583333e-01   1.6666667e-01
   1.3969320e-01   5.4166667e-01   6.5625000e-01   1.6666667e-01
   1.3733321e-01   5.4166667e-01   6.5625000e-01   1.6666667e-01
   1.3388400e-01   5.4166667e-01   6.6666667e-01   1.6666667e-01
   1.2462558e-01   5.3125000e-01   6.6666667e-01   3.3333333e-01
   1.1318871e-01   5.3125000e-01   6.6666667e-01   3.3333333e-01
   9.6668785e-02   5.3125000e-01   6.6666667e-01   3.3333333e-01
   8.8408823e-02   5.3125000e-01   6.6666667e-01   3.3333333e-01
   8.3598076e-02   5.3125000e-01   6.6666667e-01   3.3333333e-01
   8.0875011e-02   5.3125000e-01   5.6250000e-01   1.6666667e-01
   8.0058092e-02   5.3125000e-01   5.7291667e-01   1.6666667e-01
   7.8424253e-02   5.3125000e-01   5.7291667e-01   1.6666667e-01
   9.4127258e-02   5.3125000e-01   5.9375000e-01   1.6666667e-01
   1.2017791e-01   5.4166667e-01   6.1458333e-01   1.6666667e-01
   1.4141781e-01   5.4166667e-01   6.2500000e-01   1.6666667e-01
   1.5494236e-01   5.5208333e-01   6.3541667e-01   1.6666667e-01
   1.5957157e-01   5.5208333e-01   6.3541667e-01   1.6666667e-01
   1.5911773e-01   5.5208333e-01   6.3541667e-01   1.6666667e-01
   1.5603159e-01   5.5208333e-01   6.3541667e-01   1.6666667e-01
   1.4858854e-01   5.6250000e-01   6.3541667e-01   1.6666667e-01
   1.3424707e-01   5.6250000e-01   6.4583333e-01   1.6666667e-01
   1.1573024e-01   5.7291667e-01   6.4583333e-01   1.6666667e-01
   9.9482618e-02   5.8333333e-01   6.4583333e-01   1.6666667e-01
   8.4505764e-02   5.9375000e-01   6.5625000e-01   1.6666667e-01
   6.9982754e-02   6.1458333e-01   6.5625000e-01   1.6666667e-01
   5.8001271e-02   6.2500000e-01   6.5625000e-01   1.6666667e-01
   4.7653626e-02   6.3541667e-01   6.6666667e-01   1.6666667e-01
   4.0210584e-02   6.3541667e-01   6.6666667e-01   1.6666667e-01
   3.5762912e-02   6.4583333e-01   6.6666667e-01   1.6666667e-01
   3.1678315e-02   6.4583333e-01   6.6666667e-01   1.6666667e-01
   2.9227557e-02   6.5625000e-01   6.6666667e-01   1.6666667e-01
   2.5596805e-02   6.5625000e-01   6.6666667e-01   1.6666667e-01
   2.2510665e-02   6.5625000e-01   6.6666667e-01   1.6666667e-01
   1.6701461e-02   6.5625000e-01   6.6666667e-01   1.6666667e-01
   1.0710720e-02   6.4351852e-01   6.5625000e-01   0.0000000e+00
   7.6245802e-03   6.3078704e-01   6.4583333e-01   0.0000000e+00
   7.6245802e-03   6.1805556e-01   6.3541667e-01   0.0000000e+00
   1.1890714e-02   6.0532407e-01   6.2500000e-01   0.0000000e+00
   9.8030317e-03   5.9259259e-01   6.1458333e-01   0.0000000e+00
   6.4445856e-03   5.7986111e-01   6.0416667e-01   0.0000000e+00
   0.0000000e+00   5.6712963e-01   5.9375000e-01   0.0000000e+00
   7.9876554e-03   5.5439815e-01   5.8333333e-01   0.0000000e+00
   3.2041391e-02   5.4166667e-01   5.7291667e-01   1.6666667e-01
   9.8393392e-02   5.3125000e-01   5.8333333e-01   1.6666667e-01
   2.8701098e-01   4.7916667e-01   9.4791667e-01   3.3333333e-01
   5.8064809e-01   4.6875000e-01   9.5833333e-01   5.0000000e-01
   8.4623763e-01   4.5833333e-01   9.6875000e-01   1.6666667e-01
   9.7649088e-01   4.5833333e-01   9.7916667e-01   1.6666667e-01
   1.0000000e+00   4.5833333e-01   9.7916667e-01   1.6666667e-01
   9.8520468e-01   4.5833333e-01   9.8958333e-01   1.6666667e-01
   9.4081873e-01   4.5833333e-01   9.8958333e-01   1.6666667e-01
   8.8508668e-01   4.5833333e-01   9.8958333e-01   1.6666667e-01
   8.0584551e-01   4.6875000e-01   1.0000000e+00   1.6666667e-01
   6.9810293e-01   4.8958333e-01   1.0000000e+00   1.6666667e-01
   5.6312971e-01   5.4166667e-01   1.0000000e+00   1.6666667e-01
   4.2897340e-01   5.5208333e-01   1.0000000e+00   3.3333333e-01
   3.2104929e-01   5.5208333e-01   9.8958333e-01   3.3333333e-01
   2.2338205e-01   5.5208333e-01   9.6875000e-01   3.3333333e-01
   1.5122084e-01   5.5208333e-01   9.4791667e-01   3.3333333e-01
   9.5851865e-02   5.5208333e-01   6.0416667e-01   1.6666667e-01
   9.4399564e-02   5.5208333e-01   6.1458333e-01   1.6666667e-01
   1.0538259e-01   5.6250000e-01   6.2500000e-01   1.6666667e-01
   1.0747027e-01   5.6250000e-01   6.3541667e-01   1.6666667e-01
   1.0256876e-01   5.7291667e-01   6.3541667e-01   1.6666667e-01
   9.8030317e-02   5.7291667e-01   6.4583333e-01   1.6666667e-01
   9.1404194e-02   5.8333333e-01   6.5625000e-01   1.6666667e-01
   8.1419624e-02   6.0416667e-01   6.5625000e-01   1.6666667e-01
   7.0618136e-02   6.1458333e-01   6.6666667e-01   1.6666667e-01
   5.5732050e-02   6.2500000e-01   6.6666667e-01   1.6666667e-01
   4.5565944e-02   6.3541667e-01   6.6666667e-01   1.6666667e-01
   3.7759826e-02   6.4583333e-01   6.7708333e-01   1.6666667e-01
   2.8864482e-02   6.5625000e-01   6.7708333e-01   1.6666667e-01
   2.1784515e-02   6.6666667e-01   6.7708333e-01   1.6666667e-01
   1.5612236e-02   6.6666667e-01   6.7708333e-01   1.6666667e-01
   8.4414995e-03   6.5327381e-01   6.6666667e-01   0.0000000e+00
   3.2676772e-03   6.3988095e-01   6.5625000e-01   0.0000000e+00
   1.0892257e-03   6.2648810e-01   6.4583333e-01   0.0000000e+00
   3.2676772e-03   6.1309524e-01   6.3541667e-01   0.0000000e+00
   7.4430426e-03   5.9970238e-01   6.2500000e-01   0.0000000e+00
   1.4886085e-02   5.8630952e-01   6.1458333e-01   0.0000000e+00
   3.5944449e-02   5.7291667e-01   6.0416667e-01   1.6666667e-01
   7.7153490e-02   5.6250000e-01   6.1458333e-01   1.6666667e-01
   1.6519924e-01   5.4166667e-01   9.3750000e-01   3.3333333e-01
   3.5744758e-01   4.5833333e-01   9.5833333e-01   5.0000000e-01
   5.7883271e-01   4.4791667e-01   9.6875000e-01   3.3333333e-01
   7.4739040e-01   4.4791667e-01   9.6875000e-01   3.3333333e-01
   8.1465009e-01   4.4791667e-01   9.7916667e-01   1.6666667e-01
   8.1782699e-01   4.4791667e-01   9.8958333e-01   1.6666667e-01
   7.8170101e-01   4.5833333e-01   9.8958333e-01   1.6666667e-01
   7.3531814e-01   4.6875000e-01   9.8958333e-01   1.6666667e-01
   6.7668149e-01   4.8958333e-01   1.0000000e+00   1.6666667e-01
   5.8128347e-01   5.5208333e-01   1.0000000e+00   1.6666667e-01
   4.5674866e-01   5.6250000e-01   1.0000000e+00   3.3333333e-01
   3.4029228e-01   5.7291667e-01   1.0000000e+00   3.3333333e-01
   2.3854044e-01   5.8333333e-01   1.0000000e+00   3.3333333e-01
   1.7554688e-01   5.9375000e-01   9.6875000e-01   3.3333333e-01
   1.1509485e-01   6.0416667e-01   8.8541667e-01   3.3333333e-01
   6.2721249e-02   6.1458333e-01   6.4583333e-01   1.6666667e-01
   5.0467459e-02   6.2500000e-01   6.5625000e-01   1.6666667e-01
   4.8470546e-02   6.2500000e-01   6.5625000e-01   1.6666667e-01
   4.4204411e-02   6.3541667e-01   6.5625000e-01   1.6666667e-01
   4.3115186e-02   6.4583333e-01   6.6666667e-01   1.6666667e-01
   3.9756740e-02   6.4583333e-01   6.6666667e-01   1.6666667e-01
   3.7759826e-02   6.4583333e-01   6.6666667e-01   1.6666667e-01
   3.9938277e-02   6.5625000e-01   6.7708333e-01   1.6666667e-01
   3.7033675e-02   6.5625000e-01   6.7708333e-01   1.6666667e-01
   3.2858310e-02   6.5625000e-01   6.7708333e-01   1.6666667e-01
   3.1133702e-02   6.5625000e-01   6.6666667e-01   1.6666667e-01
   2.9227557e-02   6.6666667e-01   6.6666667e-01   1.6666667e-01
   2.7502950e-02   6.6666667e-01   6.6666667e-01   0.0000000e+00
   2.7230644e-02   6.6666667e-01   6.6666667e-01   0.0000000e+00
   2.5506036e-02   6.6666667e-01   6.6666667e-01   0.0000000e+00
