   3.2600000e+02
   3.7983465e-02   5.7324841e-01   5.8598726e-01   1.6666667e-01
   5.7582240e-02   5.6687898e-01   5.9872611e-01   1.6666667e-01
   7.3134069e-02   5.4140127e-01   5.9872611e-01   1.6666667e-01
   8.2152975e-02   5.3503185e-01   5.9235669e-01   1.6666667e-01
   8.3077990e-02   5.2866242e-01   5.8598726e-01   1.6666667e-01
   8.0476383e-02   5.2866242e-01   5.7961783e-01   1.6666667e-01
   6.8682430e-02   5.2229299e-01   5.6687898e-01   1.6666667e-01
   5.9952593e-02   5.2229299e-01   5.6050955e-01   1.6666667e-01
   6.3537030e-02   4.9681529e-01   5.4777070e-01   1.6666667e-01
   6.2033879e-02   4.9681529e-01   5.4140127e-01   1.6666667e-01
   6.0646355e-02   4.9044586e-01   5.2866242e-01   1.6666667e-01
   6.3941724e-02   4.7133758e-01   5.1592357e-01   1.6666667e-01
   7.0532462e-02   4.7133758e-01   5.0955414e-01   1.6666667e-01
   7.4232526e-02   4.6496815e-01   5.0955414e-01   1.6666667e-01
   6.8162109e-02   4.6496815e-01   5.0318471e-01   1.6666667e-01
   6.0415101e-02   4.6496815e-01   4.9681529e-01   1.6666667e-01
   5.5327513e-02   4.5859873e-01   4.9044586e-01   1.6666667e-01
   5.7813494e-02   4.4585987e-01   4.9044586e-01   1.6666667e-01
   6.1455744e-02   4.4585987e-01   4.8407643e-01   1.6666667e-01
   5.5963462e-02   4.3949045e-01   4.7770701e-01   1.6666667e-01
   5.3708736e-02   4.3949045e-01   4.6496815e-01   1.6666667e-01
   5.6252529e-02   4.3312102e-01   4.6496815e-01   1.6666667e-01
   5.9836966e-02   4.2675159e-01   4.5859873e-01   1.6666667e-01
   6.6948026e-02   4.2038217e-01   4.5222930e-01   1.6666667e-01
   9.7993872e-02   4.2038217e-01   5.7961783e-01   3.3333333e-01
   1.8910794e-01   4.1401274e-01   6.3694268e-01   3.3333333e-01
   3.2294618e-01   4.1401274e-01   6.4331210e-01   3.3333333e-01
   4.2464011e-01   4.1401274e-01   6.4968153e-01   1.6666667e-01
   4.6828930e-01   4.2038217e-01   6.5605096e-01   1.6666667e-01
   4.6129387e-01   4.2038217e-01   6.5605096e-01   1.6666667e-01
   4.4169509e-01   4.2675159e-01   6.6242038e-01   1.6666667e-01
   4.0983986e-01   4.2675159e-01   6.6242038e-01   1.6666667e-01
   3.6567035e-01   4.3312102e-01   6.6878981e-01   1.6666667e-01
   3.0409898e-01   4.4585987e-01   6.6878981e-01   3.3333333e-01
   2.3628375e-01   5.2229299e-01   6.6878981e-01   1.6666667e-01
   1.8500318e-01   5.5414013e-01   8.7898089e-01   5.0000000e-01
   1.6760132e-01   5.7324841e-01   8.8535032e-01   6.6666667e-01
   1.7442331e-01   6.4331210e-01   8.9171975e-01   3.3333333e-01
   1.8350003e-01   6.4331210e-01   8.9808917e-01   3.3333333e-01
   1.8679540e-01   6.4331210e-01   9.0445860e-01   3.3333333e-01
   1.9095797e-01   6.4331210e-01   8.8535032e-01   3.3333333e-01
   1.9199861e-01   6.4331210e-01   8.7898089e-01   3.3333333e-01
   1.9142048e-01   6.3694268e-01   8.7261146e-01   3.3333333e-01
   1.8974389e-01   6.3694268e-01   8.5987261e-01   3.3333333e-01
   1.8292189e-01   6.2420382e-01   8.5350318e-01   3.3333333e-01
   1.8881887e-01   6.1146497e-01   8.4713376e-01   3.3333333e-01
   1.9540961e-01   6.0509554e-01   8.4076433e-01   3.3333333e-01
   2.0529572e-01   5.9872611e-01   8.2802548e-01   3.3333333e-01
   2.2015378e-01   5.7961783e-01   8.2165605e-01   3.3333333e-01
   2.4408857e-01   5.7324841e-01   9.5541401e-01   5.0000000e-01
   2.8727525e-01   5.5414013e-01   9.7452229e-01   5.0000000e-01
   3.4537781e-01   5.3503185e-01   9.7452229e-01   6.6666667e-01
   4.7528473e-01   4.5222930e-01   9.7452229e-01   6.6666667e-01
   7.0463086e-01   4.3949045e-01   9.7452229e-01   3.3333333e-01
   9.1021564e-01   4.3312102e-01   9.7452229e-01   1.6666667e-01
   9.9398740e-01   4.3312102e-01   9.6815287e-01   1.6666667e-01
   1.0000000e+00   4.3312102e-01   9.6178344e-01   1.6666667e-01
   9.7103544e-01   4.3949045e-01   9.5541401e-01   1.6666667e-01
   9.1599699e-01   4.3949045e-01   9.4267516e-01   1.6666667e-01
   8.3829566e-01   4.5222930e-01   9.3630573e-01   1.6666667e-01
   7.3585015e-01   4.7770701e-01   9.2356688e-01   1.6666667e-01
   6.0629011e-01   4.8407643e-01   9.1719745e-01   3.3333333e-01
   4.6181419e-01   6.1146497e-01   8.9808917e-01   1.6666667e-01
   3.1404290e-01   6.6878981e-01   8.9171975e-01   1.6666667e-01
   2.0645199e-01   6.7515924e-01   8.6624204e-01   3.3333333e-01
   1.3060068e-01   6.7515924e-01   8.5350318e-01   3.3333333e-01
   5.9605712e-02   6.7515924e-01   7.0700637e-01   1.6666667e-01
   2.6825461e-02   6.7515924e-01   7.0063694e-01   1.6666667e-01
   1.7864370e-02   6.7515924e-01   6.8152866e-01   1.6666667e-01
   7.8626351e-03   6.6878981e-01   6.7515924e-01   0.0000000e+00
   6.7063653e-03   6.6242038e-01   6.6878981e-01   0.0000000e+00
   2.1564433e-02   6.5605096e-01   6.6242038e-01   1.6666667e-01
   5.1164942e-02   5.9872611e-01   6.6242038e-01   3.3333333e-01
   9.3600046e-02   5.9235669e-01   6.6878981e-01   1.6666667e-01
   1.2533965e-01   5.7961783e-01   6.6878981e-01   1.6666667e-01
   1.3210383e-01   5.7324841e-01   6.6242038e-01   1.6666667e-01
   1.3002255e-01   5.6687898e-01   6.5605096e-01   1.6666667e-01
   1.2308493e-01   5.6687898e-01   6.5605096e-01   1.6666667e-01
   1.2539747e-01   5.6050955e-01   6.5605096e-01   3.3333333e-01
   1.3054287e-01   5.6050955e-01   6.4968153e-01   3.3333333e-01
   1.3441637e-01   5.6050955e-01   6.4968153e-01   1.6666667e-01
   1.3707579e-01   5.6050955e-01   6.4968153e-01   1.6666667e-01
   1.3655547e-01   5.6687898e-01   6.5605096e-01   1.6666667e-01
   1.2377869e-01   5.6687898e-01   6.5605096e-01   1.6666667e-01
   1.0579869e-01   5.7324841e-01   6.5605096e-01   3.3333333e-01
   8.6778054e-02   5.7324841e-01   6.5605096e-01   3.3333333e-01
   6.5560502e-02   5.7961783e-01   6.5605096e-01   3.3333333e-01
   4.7638319e-02   5.9235669e-01   6.5605096e-01   3.3333333e-01
   3.2433370e-02   6.3694268e-01   6.5605096e-01   1.6666667e-01
   2.5553564e-02   6.3694268e-01   6.5605096e-01   1.6666667e-01
   2.3183211e-02   6.4331210e-01   6.5605096e-01   1.6666667e-01
   1.9656588e-02   6.4331210e-01   6.5605096e-01   1.6666667e-01
   1.5378389e-02   6.4331210e-01   6.4968153e-01   1.6666667e-01
   1.0290802e-02   6.4012739e-01   6.4490446e-01   0.0000000e+00
   9.0767185e-03   6.3694268e-01   6.4012739e-01   0.0000000e+00
   9.8861074e-03   6.3375796e-01   6.3535032e-01   0.0000000e+00
   1.6072151e-02   6.3057325e-01   6.3057325e-01   1.6666667e-01
   1.8384691e-02   6.1783439e-01   6.2420382e-01   1.6666667e-01
   1.6939354e-02   6.1783439e-01   6.2420382e-01   1.6666667e-01
   1.6823727e-02   6.1783439e-01   6.2420382e-01   1.6666667e-01
   3.8966295e-02   5.7324841e-01   5.9872611e-01   1.6666667e-01
   6.8219923e-02   5.6050955e-01   5.9872611e-01   1.6666667e-01
   8.6546800e-02   5.6050955e-01   6.0509554e-01   1.6666667e-01
   9.1287507e-02   5.6050955e-01   6.0509554e-01   1.6666667e-01
   8.9784356e-02   5.6050955e-01   6.0509554e-01   1.6666667e-01
   8.3424871e-02   5.6050955e-01   6.0509554e-01   1.6666667e-01
   7.7065387e-02   5.6050955e-01   6.1146497e-01   1.6666667e-01
   7.4637220e-02   5.6687898e-01   6.1146497e-01   1.6666667e-01
   1.0348615e-01   5.7961783e-01   6.7515924e-01   3.3333333e-01
   1.3008036e-01   5.9872611e-01   6.8152866e-01   1.6666667e-01
   1.4540094e-01   5.9872611e-01   6.8789809e-01   1.6666667e-01
   1.3776956e-01   6.0509554e-01   6.8789809e-01   1.6666667e-01
   1.2002081e-01   6.1146497e-01   6.8152866e-01   1.6666667e-01
   9.5276638e-02   6.1146497e-01   6.7515924e-01   1.6666667e-01
   7.2382494e-02   6.1783439e-01   6.6878981e-01   1.6666667e-01
   4.9719605e-02   6.2420382e-01   6.6242038e-01   1.6666667e-01
   2.9138001e-02   6.3694268e-01   6.5605096e-01   1.6666667e-01
   1.0984564e-02   6.2567369e-01   6.4723175e-01   0.0000000e+00
   0.0000000e+00   6.1440470e-01   6.3841254e-01   0.0000000e+00
   7.5157542e-04   6.0313572e-01   6.2959334e-01   0.0000000e+00
   7.5157542e-04   5.9186673e-01   6.2077413e-01   0.0000000e+00
   7.5157542e-04   5.8059775e-01   6.1195492e-01   0.0000000e+00
   7.5157542e-04   5.6932876e-01   6.0313572e-01   0.0000000e+00
   7.5157542e-04   5.5805977e-01   5.9431651e-01   0.0000000e+00
   7.5157542e-04   5.4679079e-01   5.8549731e-01   0.0000000e+00
   7.5157542e-04   5.3552180e-01   5.7667810e-01   0.0000000e+00
   7.5157542e-04   5.2425282e-01   5.6785889e-01   0.0000000e+00
   7.5157542e-04   5.1298383e-01   5.5903969e-01   0.0000000e+00
   2.3125397e-03   5.0171485e-01   5.5022048e-01   0.0000000e+00
   5.7640053e-02   4.9044586e-01   5.4140127e-01   1.6666667e-01
   1.8725791e-01   4.7133758e-01   6.1783439e-01   1.6666667e-01
   2.9386599e-01   4.7133758e-01   6.3057325e-01   1.6666667e-01
   3.3213852e-01   4.6496815e-01   6.3694268e-01   1.6666667e-01
   3.4156212e-01   4.6496815e-01   6.4331210e-01   1.6666667e-01
   3.4092617e-01   4.7133758e-01   6.4331210e-01   1.6666667e-01
   3.3069318e-01   4.7133758e-01   6.4968153e-01   1.6666667e-01
   3.0294271e-01   4.7770701e-01   6.4968153e-01   1.6666667e-01
   2.5507313e-01   4.8407643e-01   6.5605096e-01   1.6666667e-01
   1.9766433e-01   5.1592357e-01   6.5605096e-01   1.6666667e-01
   1.3927271e-01   5.2229299e-01   6.6242038e-01   5.0000000e-01
   9.4756316e-02   5.2866242e-01   6.6242038e-01   3.3333333e-01
   5.8218188e-02   5.2866242e-01   6.6242038e-01   3.3333333e-01
   4.7753946e-02   5.2866242e-01   6.6878981e-01   3.3333333e-01
   3.7405330e-02   6.4968153e-01   6.6878981e-01   1.6666667e-01
   3.0641152e-02   6.5605096e-01   6.6878981e-01   1.6666667e-01
   3.2722437e-02   6.5605096e-01   6.6878981e-01   1.6666667e-01
   3.7000636e-02   5.2229299e-01   6.6878981e-01   3.3333333e-01
   3.9370989e-02   5.2229299e-01   6.6878981e-01   3.3333333e-01
   4.4227323e-02   5.2229299e-01   6.6878981e-01   3.3333333e-01
   4.4227323e-02   5.2229299e-01   6.6878981e-01   3.3333333e-01
   4.3822628e-02   5.2866242e-01   6.6878981e-01   3.3333333e-01
   4.3186680e-02   6.4331210e-01   6.6242038e-01   1.6666667e-01
   4.0816327e-02   6.4331210e-01   6.6242038e-01   1.6666667e-01
   4.8678962e-02   6.3694268e-01   6.6242038e-01   1.6666667e-01
   8.0245129e-02   6.0509554e-01   6.6242038e-01   1.6666667e-01
   1.0597213e-01   6.0509554e-01   6.6242038e-01   1.6666667e-01
   1.1395040e-01   5.9872611e-01   6.5605096e-01   1.6666667e-01
   1.1950049e-01   5.1592357e-01   6.5605096e-01   3.3333333e-01
   1.1886454e-01   5.1592357e-01   6.6242038e-01   3.3333333e-01
   1.1724577e-01   5.8598726e-01   6.6242038e-01   1.6666667e-01
   1.1539573e-01   5.8598726e-01   6.6242038e-01   3.3333333e-01
   1.1973175e-01   5.8598726e-01   6.6878981e-01   3.3333333e-01
   1.2215991e-01   5.8598726e-01   6.6878981e-01   1.6666667e-01
   1.1903798e-01   5.8598726e-01   6.6878981e-01   1.6666667e-01
   1.1053940e-01   5.8598726e-01   6.6878981e-01   3.3333333e-01
   9.9497023e-02   5.9235669e-01   6.7515924e-01   3.3333333e-01
   7.7643522e-02   5.9235669e-01   6.7515924e-01   3.3333333e-01
   5.9258831e-02   5.9872611e-01   6.7515924e-01   3.3333333e-01
   4.4863271e-02   6.1146497e-01   6.7515924e-01   3.3333333e-01
   3.2086489e-02   6.5605096e-01   6.7515924e-01   1.6666667e-01
   2.8444239e-02   6.5605096e-01   6.7515924e-01   1.6666667e-01
   2.8386425e-02   6.4968153e-01   6.7515924e-01   1.6666667e-01
   3.8503787e-02   6.4968153e-01   9.7452229e-01   3.3333333e-01
   5.4575938e-02   6.4331210e-01   9.8089172e-01   3.3333333e-01
   7.1052784e-02   6.4331210e-01   9.8726115e-01   3.3333333e-01
   7.5157542e-02   6.3694268e-01   9.9363057e-01   3.3333333e-01
   7.4521593e-02   6.3694268e-01   9.9363057e-01   3.3333333e-01
   6.9549633e-02   6.3694268e-01   9.9363057e-01   3.3333333e-01
   6.7294907e-02   6.1783439e-01   1.0000000e+00   5.0000000e-01
   6.9029311e-02   6.0509554e-01   1.0000000e+00   3.3333333e-01
   7.2093427e-02   6.0509554e-01   1.0000000e+00   3.3333333e-01
   6.7815228e-02   5.9872611e-01   6.3057325e-01   1.6666667e-01
   7.3423137e-02   5.9872611e-01   6.3057325e-01   1.6666667e-01
   8.8165578e-02   5.9872611e-01   6.4331210e-01   1.6666667e-01
   1.0406429e-01   5.9872611e-01   6.4968153e-01   1.6666667e-01
   1.2002081e-01   5.9872611e-01   6.5605096e-01   1.6666667e-01
   1.2690062e-01   5.9872611e-01   6.6242038e-01   1.6666667e-01
   1.2742094e-01   5.9872611e-01   6.6878981e-01   1.6666667e-01
   1.1487541e-01   6.0509554e-01   6.7515924e-01   1.6666667e-01
   9.7068856e-02   6.1146497e-01   6.7515924e-01   1.6666667e-01
   7.8106030e-02   6.1783439e-01   6.7515924e-01   1.6666667e-01
   5.8276002e-02   6.4968153e-01   6.8152866e-01   1.6666667e-01
   4.1105394e-02   6.6242038e-01   6.8152866e-01   1.6666667e-01
   3.1855235e-02   6.6242038e-01   6.8152866e-01   1.6666667e-01
   3.0352084e-02   6.6878981e-01   6.8789809e-01   1.6666667e-01
   2.6189513e-02   6.6878981e-01   6.8789809e-01   1.6666667e-01
   2.4281667e-02   6.7515924e-01   6.8789809e-01   1.6666667e-01
   2.1795687e-02   6.7515924e-01   6.8789809e-01   1.6666667e-01
   1.7054981e-02   6.7515924e-01   6.8789809e-01   1.6666667e-01
   1.7170608e-02   6.7515924e-01   6.8789809e-01   1.6666667e-01
   1.6303405e-02   6.6878981e-01   6.8152866e-01   1.6666667e-01
   1.5551830e-02   6.6878981e-01   6.8152866e-01   1.6666667e-01
   1.9483147e-02   6.6878981e-01   6.8152866e-01   1.6666667e-01
   1.9251893e-02   6.6878981e-01   6.8152866e-01   1.6666667e-01
   1.6881540e-02   6.6878981e-01   6.7515924e-01   1.6666667e-01
   1.2025207e-02   6.6878981e-01   6.7515924e-01   1.6666667e-01
   9.1345320e-03   6.6878981e-01   6.6878981e-01   1.6666667e-01
   2.6016072e-03   6.6242038e-01   6.6640127e-01   0.0000000e+00
   5.7813494e-04   6.5605096e-01   6.6401274e-01   0.0000000e+00
   7.5157542e-04   6.4968153e-01   6.6162420e-01   0.0000000e+00
   7.5157542e-04   6.4331210e-01   6.5923567e-01   0.0000000e+00
   6.9376192e-04   6.3694268e-01   6.5684713e-01   0.0000000e+00
   6.3594843e-04   6.3057325e-01   6.5445860e-01   0.0000000e+00
   7.3423137e-03   6.2420382e-01   6.5207006e-01   0.0000000e+00
   4.5499220e-02   6.1783439e-01   6.4968153e-01   1.6666667e-01
   7.9840435e-02   6.1146497e-01   6.5605096e-01   1.6666667e-01
   9.7993872e-02   6.1146497e-01   6.6242038e-01   1.6666667e-01
   1.1198474e-01   6.0509554e-01   6.6242038e-01   1.6666667e-01
   1.1874892e-01   6.0509554e-01   6.6878981e-01   1.6666667e-01
   1.1903798e-01   6.0509554e-01   6.6878981e-01   1.6666667e-01
   1.1192692e-01   6.0509554e-01   6.6878981e-01   1.6666667e-01
   1.0481586e-01   5.9872611e-01   6.7515924e-01   1.6666667e-01
   9.6143840e-02   5.9872611e-01   6.7515924e-01   1.6666667e-01
   8.9610915e-02   5.9872611e-01   6.7515924e-01   3.3333333e-01
   8.2037348e-02   5.9872611e-01   6.7515924e-01   3.3333333e-01
   8.7703070e-02   5.9872611e-01   6.7515924e-01   3.3333333e-01
   9.9034515e-02   5.9872611e-01   6.7515924e-01   3.3333333e-01
   1.2007863e-01   6.0509554e-01   6.7515924e-01   1.6666667e-01
   1.3603515e-01   6.0509554e-01   6.7515924e-01   1.6666667e-01
   1.4840724e-01   5.9872611e-01   6.7515924e-01   1.6666667e-01
   2.1402555e-01   5.1592357e-01   6.7515924e-01   3.3333333e-01
   3.0635370e-01   4.8407643e-01   6.6878981e-01   1.6666667e-01
   3.5959993e-01   4.7770701e-01   6.6878981e-01   1.6666667e-01
   3.8226282e-01   4.6496815e-01   6.6242038e-01   1.6666667e-01
   3.9873967e-01   4.5222930e-01   6.6242038e-01   1.6666667e-01
   4.1764468e-01   4.4585987e-01   6.6242038e-01   1.6666667e-01
   4.2169162e-01   4.4585987e-01   6.6242038e-01   1.6666667e-01
   3.9694745e-01   4.4585987e-01   6.6242038e-01   1.6666667e-01
   3.5121697e-01   4.4585987e-01   6.6878981e-01   1.6666667e-01
   2.7941261e-01   4.4585987e-01   6.6878981e-01   1.6666667e-01
   1.9136266e-01   4.5222930e-01   6.6878981e-01   3.3333333e-01
   1.0365959e-01   4.5859873e-01   6.6878981e-01   3.3333333e-01
   4.4574204e-02   6.4968153e-01   6.7515924e-01   1.6666667e-01
   3.6191247e-02   6.5605096e-01   6.7515924e-01   1.6666667e-01
   3.3011505e-02   6.5605096e-01   6.7515924e-01   1.6666667e-01
   3.2433370e-02   6.5605096e-01   6.7515924e-01   1.6666667e-01
   3.1739608e-02   6.5605096e-01   6.7515924e-01   1.6666667e-01
   3.3011505e-02   6.5605096e-01   6.7515924e-01   1.6666667e-01
   3.2317743e-02   6.5605096e-01   6.7515924e-01   1.6666667e-01
   3.1450541e-02   6.5605096e-01   6.7515924e-01   1.6666667e-01
   3.0005203e-02   6.4968153e-01   6.7515924e-01   1.6666667e-01
   2.7808290e-02   6.4968153e-01   6.6878981e-01   1.6666667e-01
   2.5958259e-02   6.4968153e-01   6.6878981e-01   1.6666667e-01
   2.3992600e-02   6.4968153e-01   6.6242038e-01   1.6666667e-01
   2.0581604e-02   6.4968153e-01   6.6242038e-01   1.6666667e-01
   1.5494016e-02   6.4331210e-01   6.5605096e-01   1.6666667e-01
   1.4337746e-02   6.3694268e-01   6.4968153e-01   1.6666667e-01
   1.4684627e-02   6.3694268e-01   6.4331210e-01   1.6666667e-01
   1.4164306e-02   6.3694268e-01   6.4331210e-01   1.6666667e-01
   1.2776782e-02   6.3694268e-01   6.4331210e-01   1.6666667e-01
   2.5669191e-02   6.3057325e-01   6.4331210e-01   1.6666667e-01
   4.7233624e-02   6.2420382e-01   6.4968153e-01   1.6666667e-01
   7.2382494e-02   6.1783439e-01   6.5605096e-01   1.6666667e-01
   8.6720241e-02   6.1146497e-01   6.5605096e-01   1.6666667e-01
   9.6953229e-02   6.1146497e-01   6.6242038e-01   1.6666667e-01
   9.7646991e-02   6.0509554e-01   6.6242038e-01   1.6666667e-01
   9.9959531e-02   6.0509554e-01   6.6878981e-01   1.6666667e-01
   9.6086026e-02   5.9872611e-01   6.6878981e-01   1.6666667e-01
   8.9379661e-02   5.9872611e-01   6.6878981e-01   1.6666667e-01
   8.0071689e-02   5.9872611e-01   6.6878981e-01   3.3333333e-01
   7.1457478e-02   5.9235669e-01   6.7515924e-01   3.3333333e-01
   6.7988669e-02   5.9235669e-01   6.7515924e-01   3.3333333e-01
   6.3247962e-02   5.9235669e-01   6.7515924e-01   3.3333333e-01
   5.7871307e-02   5.9235669e-01   6.7515924e-01   3.3333333e-01
   5.5963462e-02   5.9235669e-01   6.7515924e-01   3.3333333e-01
   5.9779152e-02   5.9872611e-01   6.7515924e-01   3.3333333e-01
   6.1802625e-02   5.9872611e-01   6.7515924e-01   3.3333333e-01
   7.5562236e-02   5.9872611e-01   6.6878981e-01   3.3333333e-01
   8.6431173e-02   6.0509554e-01   6.6878981e-01   3.3333333e-01
   9.3889114e-02   6.0509554e-01   6.6242038e-01   1.6666667e-01
   1.0626120e-01   6.0509554e-01   6.6242038e-01   1.6666667e-01
   1.1077065e-01   6.0509554e-01   6.6242038e-01   1.6666667e-01
   1.1389258e-01   6.0509554e-01   6.6242038e-01   1.6666667e-01
   1.1539573e-01   6.0509554e-01   6.6242038e-01   1.6666667e-01
   1.1163786e-01   6.0509554e-01   6.6878981e-01   1.6666667e-01
   1.0100017e-01   6.1146497e-01   6.6878981e-01   1.6666667e-01
   8.5621784e-02   6.1146497e-01   6.7515924e-01   1.6666667e-01
   6.6948026e-02   6.1783439e-01   6.7515924e-01   3.3333333e-01
   4.4574204e-02   6.5605096e-01   6.7515924e-01   1.6666667e-01
   3.3358386e-02   6.6242038e-01   6.8152866e-01   1.6666667e-01
   2.9542695e-02   6.6242038e-01   6.8152866e-01   1.6666667e-01
   2.8502052e-02   6.6878981e-01   6.8152866e-01   1.6666667e-01
   2.8502052e-02   6.6878981e-01   6.8152866e-01   1.6666667e-01
   3.7694398e-02   6.6242038e-01   6.8152866e-01   1.6666667e-01
   6.1108863e-02   6.6242038e-01   8.7261146e-01   3.3333333e-01
   7.8741978e-02   6.6242038e-01   8.7898089e-01   3.3333333e-01
   9.8687634e-02   6.6242038e-01   8.7898089e-01   3.3333333e-01
   1.1256287e-01   6.5605096e-01   8.8535032e-01   3.3333333e-01
   1.2279586e-01   6.4968153e-01   8.8535032e-01   3.3333333e-01
   1.4181650e-01   6.3694268e-01   8.8535032e-01   3.3333333e-01
   1.8165000e-01   6.1146497e-01   8.8535032e-01   5.0000000e-01
   2.1622247e-01   6.1146497e-01   8.8535032e-01   5.0000000e-01
   2.2761172e-01   6.0509554e-01   8.8535032e-01   5.0000000e-01
   2.2726484e-01   6.0509554e-01   8.8535032e-01   5.0000000e-01
   2.2246632e-01   6.0509554e-01   8.8535032e-01   5.0000000e-01
   2.1310054e-01   6.0509554e-01   8.7898089e-01   5.0000000e-01
   1.9673932e-01   6.1146497e-01   8.7898089e-01   5.0000000e-01
   1.7870151e-01   6.1783439e-01   8.7261146e-01   5.0000000e-01
   1.7089669e-01   6.2420382e-01   8.7261146e-01   6.6666667e-01
   1.6800601e-01   6.6242038e-01   8.7261146e-01   5.0000000e-01
   1.8159218e-01   6.6878981e-01   8.6624204e-01   3.3333333e-01
   1.9425334e-01   6.6878981e-01   8.6624204e-01   3.3333333e-01
   2.0604729e-01   6.6878981e-01   8.5350318e-01   3.3333333e-01
   2.3096491e-01   6.6242038e-01   8.4713376e-01   3.3333333e-01
   2.7079840e-01   6.6242038e-01   8.4076433e-01   1.6666667e-01
   2.7947043e-01   6.5605096e-01   8.3439490e-01   1.6666667e-01
   2.6958432e-01   6.4331210e-01   8.1528662e-01   1.6666667e-01
   2.5530439e-01   6.3057325e-01   7.9617834e-01   1.6666667e-01
   2.3691970e-01   6.2420382e-01   7.8343949e-01   1.6666667e-01
   2.0726137e-01   6.1783439e-01   7.7070064e-01   1.6666667e-01
   1.6679193e-01   6.1783439e-01   7.1974522e-01   1.6666667e-01
   1.2129271e-01   6.1783439e-01   6.8152866e-01   1.6666667e-01
   8.6951494e-02   6.1783439e-01   6.6878981e-01   1.6666667e-01
   6.8162109e-02   6.1783439e-01   6.6878981e-01   1.6666667e-01
   4.9314910e-02   6.2420382e-01   6.6242038e-01   1.6666667e-01
   2.8733306e-02   6.3694268e-01   6.4968153e-01   1.6666667e-01
