   1.5900000e+02
   9.3482398e-02   5.0000000e-01   5.4545455e-01   1.6666667e-01
   2.0670790e-01   4.7727273e-01   5.9090909e-01   1.6666667e-01
   3.1018078e-01   4.5454545e-01   5.9090909e-01   1.6666667e-01
   3.9248335e-01   4.0909091e-01   6.1363636e-01   1.6666667e-01
   4.3862988e-01   3.8636364e-01   6.3636364e-01   1.6666667e-01
   4.8239772e-01   3.6363636e-01   6.3636364e-01   1.6666667e-01
   5.1688868e-01   3.6363636e-01   6.3636364e-01   1.6666667e-01
   5.1593720e-01   3.4090909e-01   6.5909091e-01   1.6666667e-01
   4.8144624e-01   3.4090909e-01   6.5909091e-01   3.3333333e-01
   4.3006660e-01   3.4090909e-01   6.5909091e-01   3.3333333e-01
   3.7511893e-01   3.4090909e-01   6.8181818e-01   3.3333333e-01
   3.2825880e-01   3.4090909e-01   6.8181818e-01   3.3333333e-01
   2.8306375e-01   3.4090909e-01   6.8181818e-01   3.3333333e-01
   2.3406280e-01   3.6363636e-01   6.8181818e-01   3.3333333e-01
   1.8744053e-01   3.6363636e-01   6.5909091e-01   3.3333333e-01
   1.6960038e-01   3.6363636e-01   6.5909091e-01   3.3333333e-01
   1.6056137e-01   3.8636364e-01   6.3636364e-01   3.3333333e-01
   1.5461465e-01   3.8636364e-01   6.3636364e-01   3.3333333e-01
   1.8196955e-01   4.0909091e-01   6.1363636e-01   3.3333333e-01
   2.4262607e-01   4.0909091e-01   5.2272727e-01   1.6666667e-01
   2.8710752e-01   4.0909091e-01   5.4545455e-01   1.6666667e-01
   3.2040913e-01   4.0909091e-01   5.6818182e-01   1.6666667e-01
   3.1398668e-01   4.0909091e-01   5.9090909e-01   1.6666667e-01
   2.8496670e-01   4.3181818e-01   5.9090909e-01   1.6666667e-01
   2.5451951e-01   4.3181818e-01   5.9090909e-01   1.6666667e-01
   2.1622265e-01   4.5454545e-01   6.1363636e-01   1.6666667e-01
   1.6603235e-01   4.7727273e-01   6.1363636e-01   1.6666667e-01
   1.2345385e-01   5.6818182e-01   6.3636364e-01   1.6666667e-01
   8.3729781e-02   5.9090909e-01   6.3636364e-01   1.6666667e-01
   7.9448145e-02   6.1363636e-01   6.3636364e-01   1.6666667e-01
   6.7792578e-02   6.1363636e-01   6.5909091e-01   1.6666667e-01
   6.3510942e-02   6.3636364e-01   6.5909091e-01   1.6666667e-01
   5.1617507e-02   6.3636364e-01   6.5909091e-01   1.6666667e-01
   3.6869648e-02   6.3636364e-01   6.3636364e-01   1.6666667e-01
   2.7592769e-02   6.1221591e-01   6.2357955e-01   0.0000000e+00
   1.3558516e-02   5.8806818e-01   6.1079545e-01   0.0000000e+00
   7.6117983e-03   5.6392045e-01   5.9801136e-01   0.0000000e+00
   7.8496670e-03   5.3977273e-01   5.8522727e-01   0.0000000e+00
   1.2131304e-02   5.1562500e-01   5.7244318e-01   0.0000000e+00
   2.0218839e-02   4.9147727e-01   5.5965909e-01   0.0000000e+00
   1.4747859e-02   4.6732955e-01   5.4687500e-01   0.0000000e+00
   7.6117983e-03   4.4318182e-01   5.3409091e-01   0.0000000e+00
   8.3254044e-03   4.1903409e-01   5.2130682e-01   0.0000000e+00
   8.3254044e-03   3.9488636e-01   5.0852273e-01   0.0000000e+00
   8.3254044e-03   3.7073864e-01   4.9573864e-01   0.0000000e+00
   8.3254044e-03   3.4659091e-01   4.8295455e-01   0.0000000e+00
   8.3254044e-03   3.2244318e-01   4.7017045e-01   0.0000000e+00
   6.4224548e-03   2.9829545e-01   4.5738636e-01   0.0000000e+00
   2.0694577e-02   2.7414773e-01   4.4460227e-01   0.0000000e+00
   1.6198858e-01   2.5000000e-01   4.3181818e-01   3.3333333e-01
   4.9238820e-01   1.5909091e-01   4.7727273e-01   1.6666667e-01
   7.9424358e-01   9.0909091e-02   5.0000000e-01   1.6666667e-01
   9.5337774e-01   6.8181818e-02   5.2272727e-01   1.6666667e-01
   9.9928639e-01   2.2727273e-02   5.2272727e-01   1.6666667e-01
   1.0000000e+00   0.0000000e+00   5.4545455e-01   1.6666667e-01
   9.5290200e-01   0.0000000e+00   5.6818182e-01   1.6666667e-01
   8.3420552e-01   0.0000000e+00   5.6818182e-01   1.6666667e-01
   6.8767840e-01   6.8181818e-02   5.9090909e-01   3.3333333e-01
   5.2331113e-01   2.7272727e-01   5.9090909e-01   1.6666667e-01
   3.5228354e-01   3.1818182e-01   5.9090909e-01   3.3333333e-01
   2.3144624e-01   5.2272727e-01   5.9090909e-01   1.6666667e-01
   1.1203616e-01   5.4545455e-01   6.1363636e-01   1.6666667e-01
   9.6098953e-02   5.6818182e-01   6.1363636e-01   1.6666667e-01
   8.3729781e-02   5.6818182e-01   6.1363636e-01   1.6666667e-01
   8.0637488e-02   5.9090909e-01   6.1363636e-01   1.6666667e-01
   6.3035205e-02   5.9090909e-01   6.1363636e-01   1.6666667e-01
   5.2568982e-02   6.1363636e-01   6.1363636e-01   1.6666667e-01
   3.4728830e-02   5.8712121e-01   5.8901515e-01   0.0000000e+00
   1.3320647e-02   5.6060606e-01   5.6439394e-01   0.0000000e+00
   7.6117983e-03   5.3409091e-01   5.3977273e-01   0.0000000e+00
   8.3254044e-03   5.0757576e-01   5.1515152e-01   0.0000000e+00
   8.3254044e-03   4.8106061e-01   4.9053030e-01   0.0000000e+00
   8.3254044e-03   4.5454545e-01   4.6590909e-01   0.0000000e+00
   8.3254044e-03   4.2803030e-01   4.4128788e-01   0.0000000e+00
   8.3254044e-03   4.0151515e-01   4.1666667e-01   0.0000000e+00
   8.3254044e-03   3.7500000e-01   3.9204545e-01   0.0000000e+00
   7.8496670e-03   3.4848485e-01   3.6742424e-01   0.0000000e+00
   9.2768792e-03   3.2196970e-01   3.4280303e-01   0.0000000e+00
   5.4947669e-02   2.9545455e-01   3.1818182e-01   1.6666667e-01
   1.8244529e-01   2.9545455e-01   6.5909091e-01   3.3333333e-01
   3.3039962e-01   2.7272727e-01   6.8181818e-01   3.3333333e-01
   4.2174120e-01   2.7272727e-01   7.0454545e-01   3.3333333e-01
   4.5742150e-01   2.9545455e-01   7.0454545e-01   3.3333333e-01
   4.3149382e-01   2.9545455e-01   7.2727273e-01   3.3333333e-01
   4.0604186e-01   3.1818182e-01   7.2727273e-01   3.3333333e-01
   3.9105614e-01   3.4090909e-01   7.2727273e-01   3.3333333e-01
   4.2816365e-01   3.4090909e-01   7.2727273e-01   3.3333333e-01
   5.5518554e-01   3.6363636e-01   7.5000000e-01   3.3333333e-01
   6.9909610e-01   3.6363636e-01   7.5000000e-01   1.6666667e-01
   7.6522360e-01   3.8636364e-01   7.2727273e-01   1.6666667e-01
   7.3977165e-01   3.8636364e-01   7.2727273e-01   1.6666667e-01
   6.8363463e-01   4.0909091e-01   7.2727273e-01   1.6666667e-01
   5.9705043e-01   4.0909091e-01   7.2727273e-01   1.6666667e-01
   4.9476689e-01   4.3181818e-01   7.0454545e-01   1.6666667e-01
   3.8796384e-01   4.5454545e-01   7.0454545e-01   1.6666667e-01
   2.8663178e-01   4.7727273e-01   6.8181818e-01   1.6666667e-01
   1.8482398e-01   5.0000000e-01   6.5909091e-01   1.6666667e-01
   8.1113225e-02   4.9393939e-01   6.5303030e-01   0.0000000e+00
   0.0000000e+00   4.8787879e-01   6.4696970e-01   0.0000000e+00
   8.3254044e-03   4.8181818e-01   6.4090909e-01   0.0000000e+00
   8.3254044e-03   4.7575758e-01   6.3484848e-01   0.0000000e+00
   8.3254044e-03   4.6969697e-01   6.2878788e-01   0.0000000e+00
   8.3254044e-03   4.6363636e-01   6.2272727e-01   0.0000000e+00
   8.3254044e-03   4.5757576e-01   6.1666667e-01   0.0000000e+00
   8.3254044e-03   4.5151515e-01   6.1060606e-01   0.0000000e+00
   8.3254044e-03   4.4545455e-01   6.0454545e-01   0.0000000e+00
   8.3254044e-03   4.3939394e-01   5.9848485e-01   0.0000000e+00
   8.3254044e-03   4.3333333e-01   5.9242424e-01   0.0000000e+00
   8.3254044e-03   4.2727273e-01   5.8636364e-01   0.0000000e+00
   3.5680304e-03   4.2121212e-01   5.8030303e-01   0.0000000e+00
   4.1864891e-02   4.1515152e-01   5.7424242e-01   0.0000000e+00
   2.1289248e-01   4.0909091e-01   5.6818182e-01   1.6666667e-01
   3.8820171e-01   3.8636364e-01   5.9090909e-01   1.6666667e-01
   5.2378687e-01   3.6363636e-01   6.1363636e-01   1.6666667e-01
   5.9300666e-01   3.4090909e-01   6.1363636e-01   1.6666667e-01
   6.0989534e-01   3.4090909e-01   6.3636364e-01   1.6666667e-01
   5.8301618e-01   3.1818182e-01   6.3636364e-01   1.6666667e-01
   5.4947669e-01   3.1818182e-01   6.5909091e-01   1.6666667e-01
   4.9548049e-01   3.1818182e-01   6.5909091e-01   1.6666667e-01
   4.1674596e-01   3.1818182e-01   6.8181818e-01   3.3333333e-01
   3.1707897e-01   3.4090909e-01   6.8181818e-01   3.3333333e-01
   2.6236917e-01   3.4090909e-01   6.8181818e-01   3.3333333e-01
   2.5309229e-01   3.1818182e-01   6.8181818e-01   3.3333333e-01
   2.4928639e-01   3.1818182e-01   7.0454545e-01   3.3333333e-01
   2.5975262e-01   3.1818182e-01   7.0454545e-01   3.3333333e-01
   2.8472883e-01   3.1818182e-01   7.0454545e-01   3.3333333e-01
   3.7250238e-01   3.4090909e-01   6.8181818e-01   3.3333333e-01
   4.6194101e-01   3.4090909e-01   5.6818182e-01   1.6666667e-01
   4.6812559e-01   3.6363636e-01   5.9090909e-01   1.6666667e-01
   4.0461465e-01   3.6363636e-01   5.9090909e-01   1.6666667e-01
   3.4609895e-01   3.8636364e-01   5.9090909e-01   1.6666667e-01
   2.8235014e-01   4.0909091e-01   5.9090909e-01   1.6666667e-01
   2.1598478e-01   4.3181818e-01   5.9090909e-01   1.6666667e-01
   1.4081827e-01   4.7727273e-01   5.9090909e-01   1.6666667e-01
   6.8506185e-02   4.8395722e-01   5.9224599e-01   0.0000000e+00
   1.4509990e-02   4.9064171e-01   5.9358289e-01   0.0000000e+00
   1.3320647e-02   4.9732620e-01   5.9491979e-01   0.0000000e+00
   1.4985728e-02   5.0401070e-01   5.9625668e-01   0.0000000e+00
   1.5937203e-02   5.1069519e-01   5.9759358e-01   0.0000000e+00
   1.6888677e-02   5.1737968e-01   5.9893048e-01   0.0000000e+00
   1.7840152e-02   5.2406417e-01   6.0026738e-01   0.0000000e+00
   1.8791627e-02   5.3074866e-01   6.0160428e-01   0.0000000e+00
   1.9743102e-02   5.3743316e-01   6.0294118e-01   0.0000000e+00
   2.0932445e-02   5.4411765e-01   6.0427807e-01   0.0000000e+00
   2.1883920e-02   5.5080214e-01   6.0561497e-01   0.0000000e+00
   2.2835395e-02   5.5748663e-01   6.0695187e-01   0.0000000e+00
   2.3786870e-02   5.6417112e-01   6.0828877e-01   0.0000000e+00
   2.4738344e-02   5.7085561e-01   6.0962567e-01   0.0000000e+00
   2.3786870e-02   5.7754011e-01   6.1096257e-01   0.0000000e+00
   3.7345385e-02   5.8422460e-01   6.1229947e-01   0.0000000e+00
   9.1341579e-02   5.9090909e-01   6.1363636e-01   1.6666667e-01
   1.5294957e-01   5.9090909e-01   6.3636364e-01   1.6666667e-01
   1.9005709e-01   5.6818182e-01   6.3636364e-01   1.6666667e-01
   2.0813511e-01   5.9090909e-01   6.5909091e-01   1.6666667e-01
   1.9267364e-01   5.9090909e-01   6.5909091e-01   1.6666667e-01
   1.6888677e-01   5.9090909e-01   6.5909091e-01   1.6666667e-01
   1.5294957e-01   6.1363636e-01   6.5909091e-01   1.6666667e-01
   1.1465271e-01   6.1363636e-01   6.5909091e-01   1.6666667e-01
   7.1598478e-02   6.5909091e-01   6.5909091e-01   1.6666667e-01
