   1.5400000e+02
   3.3394050e-02   4.6296296e-01   5.0000000e-01   0.0000000e+00
   7.2252580e-02   4.6296296e-01   5.0000000e-01   3.3333333e-01
   1.1677798e-01   4.4444444e-01   4.8148148e-01   1.6666667e-01
   1.5462457e-01   4.2592593e-01   4.8148148e-01   1.6666667e-01
   1.7567294e-01   4.0740741e-01   5.0000000e-01   1.6666667e-01
   2.0926938e-01   4.0740741e-01   5.0000000e-01   1.6666667e-01
   2.4185388e-01   4.0740741e-01   5.0000000e-01   1.6666667e-01
   2.8617689e-01   4.0740741e-01   5.3703704e-01   1.6666667e-01
   3.5073872e-01   4.0740741e-01   5.5555556e-01   1.6666667e-01
   3.9141874e-01   4.0740741e-01   5.7407407e-01   1.6666667e-01
   4.1307428e-01   4.0740741e-01   5.9259259e-01   1.6666667e-01
   4.1691965e-01   4.2592593e-01   6.1111111e-01   1.6666667e-01
   3.8979964e-01   4.4444444e-01   6.2962963e-01   1.6666667e-01
   3.5134588e-01   4.6296296e-01   6.2962963e-01   1.6666667e-01
   3.1734467e-01   4.8148148e-01   6.4814815e-01   1.6666667e-01
   2.6755717e-01   5.0000000e-01   6.4814815e-01   1.6666667e-01
   2.2384133e-01   5.5555556e-01   6.4814815e-01   1.6666667e-01
   1.6636308e-01   5.9259259e-01   6.6666667e-01   1.6666667e-01
   1.2284963e-01   6.1111111e-01   6.6666667e-01   1.6666667e-01
   1.0058693e-01   6.2962963e-01   6.6666667e-01   1.6666667e-01
   7.6907509e-02   6.2962963e-01   6.6666667e-01   1.6666667e-01
   6.1930783e-02   6.4814815e-01   6.6666667e-01   1.6666667e-01
   4.1691965e-02   6.6666667e-01   6.6666667e-01   1.6666667e-01
   3.6429872e-02   5.3703704e-01   5.4629630e-01   0.0000000e+00
   6.9216758e-02   4.0740741e-01   4.2592593e-01   1.6666667e-01
   2.0582878e-01   4.0740741e-01   6.4814815e-01   3.3333333e-01
   3.4001214e-01   3.8888889e-01   6.4814815e-01   3.3333333e-01
   4.2278891e-01   3.8888889e-01   6.1111111e-01   1.6666667e-01
   4.3169399e-01   4.0740741e-01   6.1111111e-01   1.6666667e-01
   3.9060919e-01   4.0740741e-01   6.1111111e-01   1.6666667e-01
   3.4972678e-01   4.2592593e-01   6.1111111e-01   1.6666667e-01
   2.9933212e-01   4.2592593e-01   6.1111111e-01   1.6666667e-01
   2.5339000e-01   4.4444444e-01   5.7407407e-01   1.6666667e-01
   2.0016191e-01   4.6296296e-01   5.5555556e-01   1.6666667e-01
   1.6798219e-01   4.8148148e-01   5.5555556e-01   1.6666667e-01
   1.5239830e-01   5.0000000e-01   5.5555556e-01   1.6666667e-01
   1.4146934e-01   5.0000000e-01   5.7407407e-01   1.6666667e-01
   1.3620725e-01   5.1851852e-01   5.7407407e-01   1.6666667e-01
   1.2669500e-01   5.1851852e-01   5.9259259e-01   1.6666667e-01
   1.1515887e-01   5.3703704e-01   5.9259259e-01   1.6666667e-01
   1.0078931e-01   5.5555556e-01   5.9259259e-01   1.6666667e-01
   9.1277069e-02   5.5555556e-01   6.1111111e-01   1.6666667e-01
   7.9538555e-02   5.7407407e-01   6.1111111e-01   1.6666667e-01
   7.5693180e-02   5.7407407e-01   6.1111111e-01   1.6666667e-01
   7.6907509e-02   5.9259259e-01   6.2962963e-01   1.6666667e-01
   7.7919450e-02   5.9259259e-01   6.2962963e-01   1.6666667e-01
   1.0038454e-01   5.9259259e-01   6.2962963e-01   1.6666667e-01
   1.8984011e-01   5.0000000e-01   6.4814815e-01   3.3333333e-01
   2.7200971e-01   4.8148148e-01   6.4814815e-01   1.6666667e-01
   3.4992916e-01   4.4444444e-01   6.4814815e-01   1.6666667e-01
   3.7907306e-01   4.4444444e-01   6.6666667e-01   1.6666667e-01
   3.8716859e-01   4.2592593e-01   6.6666667e-01   1.6666667e-01
   3.9931188e-01   4.2592593e-01   6.6666667e-01   1.6666667e-01
   3.8797814e-01   4.2592593e-01   6.8518519e-01   3.3333333e-01
   3.6976321e-01   4.2592593e-01   6.8518519e-01   3.3333333e-01
   3.5721514e-01   4.2592593e-01   6.8518519e-01   3.3333333e-01
   3.4304797e-01   4.2592593e-01   7.0370370e-01   3.3333333e-01
   3.5053633e-01   4.2592593e-01   7.0370370e-01   3.3333333e-01
   3.6753694e-01   4.2592593e-01   7.0370370e-01   1.6666667e-01
   3.5357215e-01   4.4444444e-01   7.2222222e-01   3.3333333e-01
   3.0661809e-01   4.4444444e-01   7.2222222e-01   3.3333333e-01
   2.5136612e-01   4.6296296e-01   7.2222222e-01   3.3333333e-01
   1.9672131e-01   4.8148148e-01   7.2222222e-01   3.3333333e-01
   1.4794576e-01   5.0000000e-01   7.2222222e-01   3.3333333e-01
   9.0265129e-02   7.0370370e-01   7.2222222e-01   1.6666667e-01
   3.7441813e-02   7.0370370e-01   7.1604938e-01   0.0000000e+00
   3.0965392e-02   7.0370370e-01   7.0987654e-01   0.0000000e+00
   3.2584497e-02   7.0370370e-01   7.0370370e-01   1.6666667e-01
   3.5013155e-02   7.0370370e-01   7.0370370e-01   1.6666667e-01
   3.6227484e-02   7.0370370e-01   7.0370370e-01   1.6666667e-01
   4.1894353e-02   7.0370370e-01   7.0370370e-01   1.6666667e-01
   4.5537341e-02   6.8518519e-01   6.8981481e-01   0.0000000e+00
   4.4323012e-02   6.6666667e-01   6.7592593e-01   0.0000000e+00
   4.1287189e-02   6.4814815e-01   6.6203704e-01   0.0000000e+00
   4.5537341e-02   6.2962963e-01   6.4814815e-01   1.6666667e-01
   5.2418539e-02   6.4814815e-01   6.4814815e-01   1.6666667e-01
   3.6429872e-02   6.0370370e-01   6.1111111e-01   0.0000000e+00
   7.4883627e-03   5.5925926e-01   5.7407407e-01   0.0000000e+00
   2.5905687e-02   5.1481481e-01   5.3703704e-01   0.0000000e+00
   6.2537948e-02   4.7037037e-01   5.0000000e-01   0.0000000e+00
   1.0038454e-01   4.2592593e-01   4.6296296e-01   1.6666667e-01
   1.3337381e-01   4.2592593e-01   4.8148148e-01   1.6666667e-01
   1.7344667e-01   4.0740741e-01   5.0000000e-01   1.6666667e-01
   2.1857923e-01   4.0740741e-01   5.1851852e-01   1.6666667e-01
   2.7140255e-01   4.0740741e-01   5.5555556e-01   1.6666667e-01
   3.3313095e-01   4.0740741e-01   5.7407407e-01   1.6666667e-01
   3.5559603e-01   4.2592593e-01   5.9259259e-01   1.6666667e-01
   3.3211900e-01   4.2592593e-01   6.1111111e-01   1.6666667e-01
   3.1309452e-01   4.4444444e-01   6.2962963e-01   1.6666667e-01
   2.8293868e-01   4.6296296e-01   6.4814815e-01   1.6666667e-01
   2.4306820e-01   4.8148148e-01   6.4814815e-01   1.6666667e-01
   2.0522162e-01   5.3703704e-01   6.6666667e-01   1.6666667e-01
   1.5948189e-01   5.9259259e-01   6.6666667e-01   1.6666667e-01
   1.1475410e-01   6.1111111e-01   6.6666667e-01   1.6666667e-01
   9.2896175e-02   6.2962963e-01   6.6666667e-01   1.6666667e-01
   7.5288403e-02   6.2962963e-01   6.8518519e-01   1.6666667e-01
   6.9014370e-02   6.4814815e-01   6.8518519e-01   1.6666667e-01
   6.2537948e-02   6.4814815e-01   6.8518519e-01   1.6666667e-01
   5.8287796e-02   6.4814815e-01   6.8518519e-01   1.6666667e-01
   5.6061526e-02   6.4814815e-01   6.6666667e-01   1.6666667e-01
   5.5251973e-02   6.4814815e-01   6.6666667e-01   1.6666667e-01
   5.5251973e-02   6.2962963e-01   6.6666667e-01   1.6666667e-01
   5.4037644e-02   6.2962963e-01   6.6666667e-01   1.6666667e-01
   4.9585104e-02   6.4814815e-01   6.6666667e-01   1.6666667e-01
   4.4323012e-02   6.4814815e-01   6.6666667e-01   1.6666667e-01
   3.6632261e-02   6.3425926e-01   6.5277778e-01   0.0000000e+00
   1.5583890e-02   6.2037037e-01   6.3888889e-01   0.0000000e+00
   0.0000000e+00   6.0648148e-01   6.2500000e-01   0.0000000e+00
   6.0716454e-04   5.9259259e-01   6.1111111e-01   0.0000000e+00
   8.0955272e-03   5.7870370e-01   5.9722222e-01   0.0000000e+00
   7.8931390e-03   5.6481481e-01   5.8333333e-01   0.0000000e+00
   2.0238818e-04   5.5092593e-01   5.6944444e-01   0.0000000e+00
   6.0716454e-04   5.3703704e-01   5.5555556e-01   0.0000000e+00
   8.5003036e-03   5.2314815e-01   5.4166667e-01   0.0000000e+00
   1.7202995e-02   5.0925926e-01   5.2777778e-01   0.0000000e+00
   3.1774944e-02   4.9537037e-01   5.1388889e-01   0.0000000e+00
   4.7156446e-02   4.8148148e-01   5.0000000e-01   1.6666667e-01
   8.5205424e-02   4.8148148e-01   5.3703704e-01   1.6666667e-01
   1.2811172e-01   4.8148148e-01   5.5555556e-01   1.6666667e-01
   1.8781623e-01   5.0000000e-01   5.9259259e-01   1.6666667e-01
   2.3557984e-01   5.0000000e-01   6.2962963e-01   1.6666667e-01
   2.5460433e-01   5.0000000e-01   6.4814815e-01   1.6666667e-01
   2.4873507e-01   5.1851852e-01   6.4814815e-01   1.6666667e-01
   2.3477029e-01   5.3703704e-01   6.6666667e-01   1.6666667e-01
   2.0805505e-01   5.5555556e-01   6.6666667e-01   1.6666667e-01
   1.7506578e-01   5.7407407e-01   6.8518519e-01   1.6666667e-01
   1.4025501e-01   5.9259259e-01   6.8518519e-01   1.6666667e-01
   1.1637320e-01   6.2962963e-01   6.8518519e-01   1.6666667e-01
   8.9860352e-02   6.4814815e-01   7.0370370e-01   1.6666667e-01
   7.9133779e-02   6.6666667e-01   7.0370370e-01   1.6666667e-01
   7.7514673e-02   6.6666667e-01   7.0370370e-01   1.6666667e-01
   8.2574378e-02   6.6666667e-01   7.0370370e-01   1.6666667e-01
   8.4193483e-02   6.6666667e-01   7.0370370e-01   1.6666667e-01
   1.0645618e-01   6.4814815e-01   7.0370370e-01   1.6666667e-01
   1.5260069e-01   6.2962963e-01   9.8148148e-01   3.3333333e-01
   2.1493625e-01   6.1111111e-01   1.0000000e+00   3.3333333e-01
   3.2098765e-01   5.7407407e-01   1.0000000e+00   3.3333333e-01
   5.1993524e-01   4.6296296e-01   1.0000000e+00   3.3333333e-01
   7.2799029e-01   4.2592593e-01   1.0000000e+00   3.3333333e-01
   9.2450921e-01   4.2592593e-01   1.0000000e+00   3.3333333e-01
   1.0000000e+00   4.2592593e-01   1.0000000e+00   3.3333333e-01
   9.5506982e-01   4.2592593e-01   1.0000000e+00   3.3333333e-01
   8.7107873e-01   4.2592593e-01   1.0000000e+00   3.3333333e-01
   7.6421777e-01   4.4444444e-01   1.0000000e+00   1.6666667e-01
   6.2639142e-01   4.6296296e-01   1.0000000e+00   3.3333333e-01
   4.7702894e-01   4.8148148e-01   1.0000000e+00   5.0000000e-01
   3.1248735e-01   7.4074074e-01   9.4444444e-01   3.3333333e-01
   1.7385145e-01   7.5925926e-01   8.5185185e-01   1.6666667e-01
   9.6539162e-02   7.9629630e-01   8.1481481e-01   1.6666667e-01
   7.2859745e-02   7.9629630e-01   8.1481481e-01   0.0000000e+00
   4.3715847e-02   7.9629630e-01   8.1481481e-01   0.0000000e+00
   3.4405991e-02   7.9629630e-01   8.1481481e-01   0.0000000e+00
   2.5905687e-02   7.9629630e-01   8.1481481e-01   0.0000000e+00
   1.7202995e-02   7.9629630e-01   8.1481481e-01   0.0000000e+00
