   1.6500000e+02
   2.0819342e-02   3.8095238e-01   3.8095238e-01   0.0000000e+00
   2.8206850e-02   3.8095238e-01   3.8095238e-01   1.6666667e-01
   3.6098052e-02   4.0476190e-01   4.0476190e-01   1.6666667e-01
   2.6863667e-02   4.0476190e-01   4.1758242e-01   0.0000000e+00
   8.3948959e-03   4.0476190e-01   4.3040293e-01   0.0000000e+00
   8.8985897e-03   4.0476190e-01   4.4322344e-01   0.0000000e+00
   8.2269980e-03   4.0476190e-01   4.5604396e-01   0.0000000e+00
   7.5554063e-03   4.0476190e-01   4.6886447e-01   0.0000000e+00
   6.8838146e-03   4.0476190e-01   4.8168498e-01   0.0000000e+00
   6.2122230e-03   4.0476190e-01   4.9450549e-01   0.0000000e+00
   5.5406313e-03   4.0476190e-01   5.0732601e-01   0.0000000e+00
   4.8690396e-03   4.0476190e-01   5.2014652e-01   0.0000000e+00
   3.6937542e-03   4.0476190e-01   5.3296703e-01   0.0000000e+00
   7.3875084e-03   4.0476190e-01   5.4578755e-01   0.0000000e+00
   3.1229013e-02   4.0476190e-01   5.5860806e-01   0.0000000e+00
   5.8932169e-02   4.0476190e-01   5.7142857e-01   3.3333333e-01
   1.1417058e-01   3.8095238e-01   5.7142857e-01   3.3333333e-01
   1.4775017e-01   3.8095238e-01   4.7619048e-01   1.6666667e-01
   1.5496978e-01   3.5714286e-01   4.7619048e-01   1.6666667e-01
   1.6487576e-01   3.8095238e-01   5.0000000e-01   1.6666667e-01
   1.7394224e-01   3.8095238e-01   5.0000000e-01   1.6666667e-01
   1.8132975e-01   3.8095238e-01   5.2380952e-01   1.6666667e-01
   1.8821357e-01   4.0476190e-01   5.4761905e-01   1.6666667e-01
   1.7612492e-01   4.0476190e-01   5.7142857e-01   1.6666667e-01
   1.5782404e-01   4.2857143e-01   5.7142857e-01   1.6666667e-01
   1.2659503e-01   4.7619048e-01   5.9523810e-01   1.6666667e-01
   9.8220282e-02   5.2380952e-01   5.9523810e-01   1.6666667e-01
   7.5050369e-02   5.4761905e-01   5.9523810e-01   1.6666667e-01
   5.9771659e-02   5.4761905e-01   6.1904762e-01   1.6666667e-01
   5.2719946e-02   5.7142857e-01   6.1904762e-01   1.6666667e-01
   4.3989255e-02   5.7142857e-01   6.1904762e-01   1.6666667e-01
   2.9382136e-02   5.7142857e-01   5.9523810e-01   1.6666667e-01
   1.3767629e-02   5.5735931e-01   5.8225108e-01   0.0000000e+00
   4.7011417e-03   5.4329004e-01   5.6926407e-01   0.0000000e+00
   3.4922767e-02   5.2922078e-01   5.5627706e-01   0.0000000e+00
   2.5856279e-02   5.1515152e-01   5.4329004e-01   0.0000000e+00
   1.3263936e-02   5.0108225e-01   5.3030303e-01   0.0000000e+00
   0.0000000e+00   4.8701299e-01   5.1731602e-01   0.0000000e+00
   1.0073875e-03   4.7294372e-01   5.0432900e-01   0.0000000e+00
   1.0073875e-03   4.5887446e-01   4.9134199e-01   0.0000000e+00
   1.0073875e-03   4.4480519e-01   4.7835498e-01   0.0000000e+00
   1.0073875e-03   4.3073593e-01   4.6536797e-01   0.0000000e+00
   1.0073875e-03   4.1666667e-01   4.5238095e-01   0.0000000e+00
   1.0073875e-03   4.0259740e-01   4.3939394e-01   0.0000000e+00
   1.0073875e-03   3.8852814e-01   4.2640693e-01   0.0000000e+00
   1.0073875e-03   3.7445887e-01   4.1341991e-01   0.0000000e+00
   1.0073875e-03   3.6038961e-01   4.0043290e-01   0.0000000e+00
   1.0073875e-03   3.4632035e-01   3.8744589e-01   0.0000000e+00
   1.0073875e-03   3.3225108e-01   3.7445887e-01   0.0000000e+00
   1.0073875e-03   3.1818182e-01   3.6147186e-01   0.0000000e+00
   1.0073875e-03   3.0411255e-01   3.4848485e-01   0.0000000e+00
   8.3948959e-04   2.9004329e-01   3.3549784e-01   0.0000000e+00
   2.8542646e-03   2.7597403e-01   3.2251082e-01   0.0000000e+00
   6.6487576e-02   2.6190476e-01   3.0952381e-01   1.6666667e-01
   3.2353929e-01   1.9047619e-01   6.9047619e-01   3.3333333e-01
   6.8653459e-01   1.1904762e-01   7.1428571e-01   1.6666667e-01
   9.1134990e-01   1.1904762e-01   7.1428571e-01   1.6666667e-01
   9.9597045e-01   7.1428571e-02   7.3809524e-01   1.6666667e-01
   1.0000000e+00   4.7619048e-02   7.3809524e-01   1.6666667e-01
   9.5668234e-01   0.0000000e+00   7.3809524e-01   1.6666667e-01
   8.6836803e-01   0.0000000e+00   7.3809524e-01   1.6666667e-01
   7.4966420e-01   0.0000000e+00   7.3809524e-01   1.6666667e-01
   6.0695097e-01   0.0000000e+00   7.3809524e-01   3.3333333e-01
   4.4543318e-01   1.9047619e-01   7.1428571e-01   3.3333333e-01
   2.9617193e-01   2.1428571e-01   6.4285714e-01   3.3333333e-01
   2.3186702e-01   2.1428571e-01   5.4761905e-01   3.3333333e-01
   2.0836132e-01   2.1428571e-01   5.2380952e-01   3.3333333e-01
   2.0147750e-01   4.0476190e-01   5.4761905e-01   1.6666667e-01
   2.1507723e-01   4.2857143e-01   5.4761905e-01   1.6666667e-01
   2.2599060e-01   4.2857143e-01   5.7142857e-01   1.6666667e-01
   2.2044997e-01   4.2857143e-01   5.9523810e-01   1.6666667e-01
   2.1826729e-01   4.5238095e-01   6.1904762e-01   1.6666667e-01
   1.9224312e-01   4.5238095e-01   6.1904762e-01   1.6666667e-01
   1.6437206e-01   4.7619048e-01   6.4285714e-01   1.6666667e-01
   1.2306917e-01   5.2380952e-01   6.4285714e-01   1.6666667e-01
   9.6037609e-02   5.9523810e-01   6.6666667e-01   1.6666667e-01
   6.6655473e-02   5.9523810e-01   6.6666667e-01   1.6666667e-01
   6.1114842e-02   6.1904762e-01   6.6666667e-01   1.6666667e-01
   5.6245803e-02   6.4285714e-01   6.6666667e-01   1.6666667e-01
   5.1208865e-02   6.4285714e-01   6.6666667e-01   1.6666667e-01
   4.0631296e-02   6.4285714e-01   6.6666667e-01   1.6666667e-01
   3.7105440e-02   6.4285714e-01   6.6666667e-01   1.6666667e-01
   3.1732707e-02   6.6666667e-01   6.6666667e-01   1.6666667e-01
   4.1134990e-02   6.6666667e-01   6.6666667e-01   1.6666667e-01
   1.2944929e-01   4.7619048e-01   6.6666667e-01   3.3333333e-01
   2.5923439e-01   3.8095238e-01   6.6666667e-01   1.6666667e-01
   3.7105440e-01   3.8095238e-01   6.6666667e-01   1.6666667e-01
   4.1689053e-01   3.5714286e-01   6.6666667e-01   1.6666667e-01
   4.1521155e-01   3.5714286e-01   6.6666667e-01   1.6666667e-01
   4.1218939e-01   3.5714286e-01   6.6666667e-01   1.6666667e-01
   4.2192747e-01   3.3333333e-01   6.6666667e-01   1.6666667e-01
   4.4123573e-01   3.3333333e-01   6.6666667e-01   1.6666667e-01
   4.6423774e-01   3.3333333e-01   6.6666667e-01   1.6666667e-01
   4.6994627e-01   3.3333333e-01   6.6666667e-01   1.6666667e-01
   4.5164540e-01   3.3333333e-01   6.6666667e-01   1.6666667e-01
   4.2008059e-01   3.5714286e-01   6.6666667e-01   1.6666667e-01
   3.6433848e-01   3.5714286e-01   6.6666667e-01   1.6666667e-01
   3.1027535e-01   3.8095238e-01   6.6666667e-01   1.6666667e-01
   2.6124916e-01   3.8095238e-01   6.6666667e-01   1.6666667e-01
   2.1608462e-01   4.0476190e-01   6.6666667e-01   1.6666667e-01
   1.7696441e-01   4.5238095e-01   6.6666667e-01   3.3333333e-01
   1.5194762e-01   5.4761905e-01   6.6666667e-01   1.6666667e-01
   1.3851578e-01   5.4761905e-01   6.6666667e-01   1.6666667e-01
   1.4187374e-01   5.2380952e-01   6.4285714e-01   1.6666667e-01
   1.4086635e-01   5.0000000e-01   6.4285714e-01   1.6666667e-01
   1.3801209e-01   5.0000000e-01   6.1904762e-01   1.6666667e-01
   1.3515782e-01   4.7619048e-01   6.1904762e-01   1.6666667e-01
   1.3532572e-01   4.5238095e-01   5.9523810e-01   1.6666667e-01
   1.2491605e-01   4.5238095e-01   5.9523810e-01   1.6666667e-01
   1.1316320e-01   4.5238095e-01   5.7142857e-01   1.6666667e-01
   9.9563465e-02   4.5238095e-01   5.4761905e-01   1.6666667e-01
   8.4620551e-02   4.2857143e-01   5.2380952e-01   1.6666667e-01
   7.3371390e-02   4.2857143e-01   5.0000000e-01   1.6666667e-01
   6.4976494e-02   4.2857143e-01   5.0000000e-01   1.6666667e-01
   4.8690396e-02   4.2857143e-01   4.7619048e-01   1.6666667e-01
   4.1806582e-02   4.2857143e-01   4.5238095e-01   1.6666667e-01
   3.6098052e-02   4.1666667e-01   4.4047619e-01   0.0000000e+00
   2.8038952e-02   4.0476190e-01   4.2857143e-01   1.6666667e-01
   2.8206850e-02   4.0476190e-01   4.2857143e-01   1.6666667e-01
   4.6339825e-02   4.0476190e-01   4.2857143e-01   1.6666667e-01
   7.8240430e-02   4.0476190e-01   4.5238095e-01   1.6666667e-01
   1.9576897e-01   4.0476190e-01   6.6666667e-01   3.3333333e-01
   3.4973136e-01   4.0476190e-01   6.9047619e-01   1.6666667e-01
   4.2763600e-01   4.0476190e-01   6.9047619e-01   1.6666667e-01
   4.4207522e-01   4.2857143e-01   7.1428571e-01   1.6666667e-01
   4.3284083e-01   4.2857143e-01   7.1428571e-01   1.6666667e-01
   4.2075218e-01   4.5238095e-01   7.1428571e-01   1.6666667e-01
   3.9422431e-01   4.5238095e-01   7.1428571e-01   1.6666667e-01
   3.6987911e-01   4.7619048e-01   7.1428571e-01   1.6666667e-01
   3.2370719e-01   4.7619048e-01   7.1428571e-01   1.6666667e-01
   2.8223640e-01   4.7619048e-01   7.1428571e-01   1.6666667e-01
   2.4059772e-01   4.7619048e-01   6.9047619e-01   1.6666667e-01
   1.9744795e-01   4.7619048e-01   6.4285714e-01   1.6666667e-01
   1.5950302e-01   4.7619048e-01   5.9523810e-01   1.6666667e-01
   1.2709872e-01   4.7619048e-01   5.9523810e-01   1.6666667e-01
   1.0946944e-01   4.7619048e-01   5.7142857e-01   1.6666667e-01
   9.0832774e-02   4.5238095e-01   5.4761905e-01   1.6666667e-01
   8.6299530e-02   4.5238095e-01   5.2380952e-01   1.6666667e-01
   9.0496978e-02   4.2857143e-01   5.2380952e-01   1.6666667e-01
   9.9899261e-02   4.2857143e-01   5.0000000e-01   1.6666667e-01
   1.2206179e-01   4.2857143e-01   5.0000000e-01   1.6666667e-01
   1.4959704e-01   4.2857143e-01   5.2380952e-01   1.6666667e-01
   1.7612492e-01   4.2857143e-01   5.2380952e-01   1.6666667e-01
   2.1071189e-01   4.0476190e-01   5.4761905e-01   1.6666667e-01
   2.3169913e-01   4.2857143e-01   5.7142857e-01   1.6666667e-01
   2.3035594e-01   4.2857143e-01   5.7142857e-01   1.6666667e-01
   2.2968435e-01   4.2857143e-01   5.9523810e-01   1.6666667e-01
   2.0517126e-01   4.5238095e-01   5.9523810e-01   1.6666667e-01
   1.8216924e-01   4.7619048e-01   6.1904762e-01   1.6666667e-01
   1.4825386e-01   5.2380952e-01   6.1904762e-01   1.6666667e-01
   1.1450638e-01   5.4761905e-01   6.1904762e-01   1.6666667e-01
   9.8556078e-02   5.4761905e-01   6.1904762e-01   1.6666667e-01
   9.9395567e-02   5.7142857e-01   6.1904762e-01   1.6666667e-01
   9.6541303e-02   5.7142857e-01   6.4285714e-01   1.6666667e-01
   9.6373405e-02   5.7142857e-01   6.4285714e-01   1.6666667e-01
   9.6373405e-02   5.7142857e-01   6.4285714e-01   1.6666667e-01
   9.6709201e-02   5.4761905e-01   6.4285714e-01   1.6666667e-01
   9.7044997e-02   5.4761905e-01   6.1904762e-01   1.6666667e-01
   1.0359302e-01   5.4761905e-01   6.1904762e-01   1.6666667e-01
   1.1568167e-01   5.2380952e-01   6.1904762e-01   1.6666667e-01
   1.3129617e-01   5.0000000e-01   6.1904762e-01   1.6666667e-01
   1.3045668e-01   5.0000000e-01   5.9523810e-01   1.6666667e-01
   1.0594359e-01   5.2380952e-01   5.9523810e-01   1.6666667e-01
   6.5983882e-02   5.4761905e-01   5.9523810e-01   1.6666667e-01
   3.8952317e-02   5.7142857e-01   5.7142857e-01   1.6666667e-01
