   1.7400000e+02
   4.0000000e-02   3.3333333e-01   3.7037037e-01   0.0000000e+00
   6.4533333e-02   3.3333333e-01   3.7037037e-01   1.6666667e-01
   8.3200000e-02   3.3333333e-01   3.7037037e-01   1.6666667e-01
   7.1200000e-02   2.9629630e-01   2.9629630e-01   1.6666667e-01
   7.8933333e-02   2.5925926e-01   2.9629630e-01   1.6666667e-01
   6.8266667e-02   2.5925926e-01   2.9629630e-01   1.6666667e-01
   6.2933333e-02   2.5925926e-01   2.5925926e-01   1.6666667e-01
   4.7466667e-02   2.4074074e-01   2.4074074e-01   0.0000000e+00
   3.9733333e-02   2.2222222e-01   2.2222222e-01   0.0000000e+00
   3.6266667e-02   2.0370370e-01   2.0370370e-01   0.0000000e+00
   3.7333333e-02   1.8518519e-01   1.8518519e-01   0.0000000e+00
   4.8800000e-02   1.6666667e-01   1.6666667e-01   0.0000000e+00
   4.3733333e-02   1.4814815e-01   1.4814815e-01   1.6666667e-01
   4.8800000e-02   1.4814815e-01   1.4814815e-01   1.6666667e-01
   6.4533333e-02   1.1111111e-01   1.4814815e-01   1.6666667e-01
   7.0666667e-02   1.1111111e-01   1.4814815e-01   1.6666667e-01
   6.9600000e-02   1.1111111e-01   1.4814815e-01   1.6666667e-01
   5.9200000e-02   1.1111111e-01   1.1111111e-01   1.6666667e-01
   1.3840000e-01   7.4074074e-02   5.9259259e-01   3.3333333e-01
   3.4293333e-01   7.4074074e-02   6.2962963e-01   3.3333333e-01
   5.8346667e-01   3.7037037e-02   6.6666667e-01   3.3333333e-01
   7.5706667e-01   7.4074074e-02   7.0370370e-01   3.3333333e-01
   8.5386667e-01   3.7037037e-02   7.0370370e-01   3.3333333e-01
   9.4213333e-01   3.7037037e-02   7.0370370e-01   1.6666667e-01
   1.0000000e+00   3.7037037e-02   7.0370370e-01   1.6666667e-01
   9.8986667e-01   3.7037037e-02   7.4074074e-01   1.6666667e-01
   9.2426667e-01   3.7037037e-02   7.0370370e-01   1.6666667e-01
   8.0106667e-01   3.7037037e-02   6.2962963e-01   1.6666667e-01
   6.8346667e-01   3.7037037e-02   5.9259259e-01   1.6666667e-01
   5.7520000e-01   7.4074074e-02   5.5555556e-01   1.6666667e-01
   4.6560000e-01   1.1111111e-01   5.1851852e-01   1.6666667e-01
   3.5760000e-01   1.8518519e-01   4.8148148e-01   1.6666667e-01
   2.6266667e-01   2.5925926e-01   4.4444444e-01   1.6666667e-01
   2.1120000e-01   2.5925926e-01   4.0740741e-01   1.6666667e-01
   1.8613333e-01   2.5925926e-01   4.0740741e-01   1.6666667e-01
   1.7280000e-01   2.2222222e-01   3.7037037e-01   1.6666667e-01
   1.5813333e-01   2.2222222e-01   3.7037037e-01   1.6666667e-01
   1.4080000e-01   2.2222222e-01   3.3333333e-01   1.6666667e-01
   1.2746667e-01   2.2222222e-01   3.3333333e-01   1.6666667e-01
   1.0106667e-01   2.2222222e-01   3.3333333e-01   1.6666667e-01
   8.3733333e-02   2.2222222e-01   2.5925926e-01   1.6666667e-01
   7.3866667e-02   2.2222222e-01   2.5925926e-01   1.6666667e-01
   8.6666667e-02   1.4814815e-01   2.2222222e-01   1.6666667e-01
   1.2560000e-01   1.4814815e-01   2.2222222e-01   1.6666667e-01
   1.6533333e-01   1.1111111e-01   2.2222222e-01   1.6666667e-01
   2.0933333e-01   1.1111111e-01   2.2222222e-01   1.6666667e-01
   2.6453333e-01   1.1111111e-01   2.5925926e-01   1.6666667e-01
   4.4773333e-01   1.1111111e-01   7.0370370e-01   3.3333333e-01
   7.4880000e-01   1.1111111e-01   7.4074074e-01   1.6666667e-01
   9.3973333e-01   1.1111111e-01   7.4074074e-01   1.6666667e-01
   9.8880000e-01   1.1111111e-01   7.7777778e-01   1.6666667e-01
   9.6000000e-01   1.4814815e-01   7.7777778e-01   1.6666667e-01
   8.8746667e-01   1.4814815e-01   7.7777778e-01   1.6666667e-01
   7.9466667e-01   1.8518519e-01   7.7777778e-01   1.6666667e-01
   6.6666667e-01   1.8518519e-01   7.7777778e-01   1.6666667e-01
   5.3146667e-01   2.5925926e-01   7.0370370e-01   1.6666667e-01
   4.0933333e-01   2.9629630e-01   6.2962963e-01   1.6666667e-01
   3.3680000e-01   2.9629630e-01   5.5555556e-01   1.6666667e-01
   2.8720000e-01   2.9629630e-01   5.1851852e-01   1.6666667e-01
   2.4240000e-01   2.9629630e-01   4.8148148e-01   1.6666667e-01
   2.0373333e-01   2.9629630e-01   4.8148148e-01   1.6666667e-01
   1.7306667e-01   2.9629630e-01   4.4444444e-01   1.6666667e-01
   1.4240000e-01   2.9629630e-01   4.4444444e-01   1.6666667e-01
   1.2986667e-01   2.5925926e-01   4.0740741e-01   1.6666667e-01
   1.1333333e-01   2.5925926e-01   3.3333333e-01   1.6666667e-01
   1.0426667e-01   2.2222222e-01   3.3333333e-01   1.6666667e-01
   9.3600000e-02   2.2222222e-01   2.9629630e-01   1.6666667e-01
   1.1066667e-01   2.2222222e-01   2.9629630e-01   1.6666667e-01
   1.3680000e-01   2.2222222e-01   2.9629630e-01   1.6666667e-01
   1.7306667e-01   2.2222222e-01   2.9629630e-01   1.6666667e-01
   2.3573333e-01   2.2222222e-01   3.7037037e-01   1.6666667e-01
   3.3013333e-01   2.2222222e-01   4.4444444e-01   1.6666667e-01
   4.1493333e-01   2.2222222e-01   5.1851852e-01   1.6666667e-01
   4.4720000e-01   2.2222222e-01   5.5555556e-01   1.6666667e-01
   4.4773333e-01   2.5925926e-01   5.5555556e-01   1.6666667e-01
   4.2320000e-01   2.9629630e-01   5.9259259e-01   1.6666667e-01
   3.8800000e-01   3.3333333e-01   6.2962963e-01   1.6666667e-01
   3.3920000e-01   3.7037037e-01   6.2962963e-01   1.6666667e-01
   2.9413333e-01   4.4444444e-01   6.6666667e-01   1.6666667e-01
   2.5253333e-01   4.8148148e-01   6.6666667e-01   1.6666667e-01
   2.3066667e-01   5.1851852e-01   6.6666667e-01   1.6666667e-01
   2.1626667e-01   5.5555556e-01   6.6666667e-01   1.6666667e-01
   1.9706667e-01   5.5555556e-01   7.0370370e-01   1.6666667e-01
   1.9173333e-01   5.9259259e-01   7.0370370e-01   1.6666667e-01
   1.8933333e-01   5.9259259e-01   7.0370370e-01   1.6666667e-01
   1.9280000e-01   5.9259259e-01   7.0370370e-01   1.6666667e-01
   2.1786667e-01   5.9259259e-01   7.0370370e-01   1.6666667e-01
   3.0640000e-01   2.5925926e-01   7.0370370e-01   3.3333333e-01
   4.4613333e-01   2.5925926e-01   7.0370370e-01   3.3333333e-01
   5.8026667e-01   2.2222222e-01   7.0370370e-01   1.6666667e-01
   6.6880000e-01   2.2222222e-01   7.0370370e-01   1.6666667e-01
   6.9280000e-01   2.2222222e-01   7.0370370e-01   1.6666667e-01
   6.8986667e-01   1.4814815e-01   7.0370370e-01   1.6666667e-01
   6.6000000e-01   1.1111111e-01   6.6666667e-01   1.6666667e-01
   6.4053333e-01   1.1111111e-01   6.6666667e-01   3.3333333e-01
   6.4133333e-01   7.4074074e-02   6.6666667e-01   3.3333333e-01
   6.5706667e-01   7.4074074e-02   6.6666667e-01   3.3333333e-01
   6.7466667e-01   7.4074074e-02   6.2962963e-01   1.6666667e-01
   6.8480000e-01   7.4074074e-02   6.2962963e-01   1.6666667e-01
   6.4746667e-01   7.4074074e-02   6.2962963e-01   1.6666667e-01
   6.0986667e-01   1.1111111e-01   6.2962963e-01   1.6666667e-01
   5.4906667e-01   1.1111111e-01   6.2962963e-01   1.6666667e-01
   4.6586667e-01   1.4814815e-01   6.6666667e-01   1.6666667e-01
   3.8906667e-01   2.2222222e-01   6.6666667e-01   3.3333333e-01
   2.9760000e-01   5.1851852e-01   6.6666667e-01   1.6666667e-01
   2.5440000e-01   5.1851852e-01   6.6666667e-01   1.6666667e-01
   2.5520000e-01   4.8148148e-01   6.6666667e-01   1.6666667e-01
   2.3200000e-01   4.8148148e-01   6.6666667e-01   1.6666667e-01
   2.3173333e-01   4.8148148e-01   6.6666667e-01   1.6666667e-01
   2.2240000e-01   4.4444444e-01   6.2962963e-01   1.6666667e-01
   1.9040000e-01   4.4444444e-01   6.2962963e-01   1.6666667e-01
   1.6666667e-01   4.4444444e-01   5.9259259e-01   1.6666667e-01
   1.4453333e-01   4.4444444e-01   5.5555556e-01   1.6666667e-01
   1.2506667e-01   4.4444444e-01   5.5555556e-01   1.6666667e-01
   1.1093333e-01   4.0740741e-01   5.1851852e-01   1.6666667e-01
   1.0613333e-01   4.0740741e-01   4.8148148e-01   1.6666667e-01
   1.0426667e-01   3.7037037e-01   4.4444444e-01   1.6666667e-01
   8.8000000e-02   3.7037037e-01   4.4444444e-01   1.6666667e-01
   6.5866667e-02   3.7037037e-01   4.0740741e-01   1.6666667e-01
   4.9333333e-02   3.5690236e-01   3.9393939e-01   0.0000000e+00
   1.9200000e-02   3.4343434e-01   3.8047138e-01   0.0000000e+00
   0.0000000e+00   3.2996633e-01   3.6700337e-01   0.0000000e+00
   5.3333333e-04   3.1649832e-01   3.5353535e-01   0.0000000e+00
   5.3333333e-04   3.0303030e-01   3.4006734e-01   0.0000000e+00
   5.3333333e-04   2.8956229e-01   3.2659933e-01   0.0000000e+00
   5.3333333e-04   2.7609428e-01   3.1313131e-01   0.0000000e+00
   5.3333333e-04   2.6262626e-01   2.9966330e-01   0.0000000e+00
   8.0000000e-04   2.4915825e-01   2.8619529e-01   0.0000000e+00
   1.4400000e-02   2.3569024e-01   2.7272727e-01   0.0000000e+00
   7.9466667e-02   2.2222222e-01   2.5925926e-01   1.6666667e-01
   2.9306667e-01   1.8518519e-01   6.2962963e-01   3.3333333e-01
   5.3466667e-01   1.8518519e-01   6.6666667e-01   1.6666667e-01
   6.5893333e-01   2.2222222e-01   6.6666667e-01   1.6666667e-01
   6.6106667e-01   2.2222222e-01   6.6666667e-01   1.6666667e-01
   5.9653333e-01   2.2222222e-01   6.6666667e-01   1.6666667e-01
   5.2506667e-01   2.5925926e-01   6.6666667e-01   1.6666667e-01
   4.3706667e-01   2.9629630e-01   6.6666667e-01   1.6666667e-01
   3.3306667e-01   3.3333333e-01   5.9259259e-01   1.6666667e-01
   2.3706667e-01   3.7037037e-01   5.1851852e-01   1.6666667e-01
   1.7013333e-01   3.7037037e-01   5.1851852e-01   1.6666667e-01
   1.1733333e-01   3.7037037e-01   4.8148148e-01   1.6666667e-01
   8.0800000e-02   4.0740741e-01   4.8148148e-01   1.6666667e-01
   4.6666667e-02   3.9094650e-01   4.6502058e-01   0.0000000e+00
   1.9200000e-02   3.7448560e-01   4.4855967e-01   0.0000000e+00
   0.0000000e+00   3.5802469e-01   4.3209877e-01   0.0000000e+00
   5.3333333e-04   3.4156379e-01   4.1563786e-01   0.0000000e+00
   5.3333333e-04   3.2510288e-01   3.9917695e-01   0.0000000e+00
   5.3333333e-04   3.0864198e-01   3.8271605e-01   0.0000000e+00
   1.0666667e-03   2.9218107e-01   3.6625514e-01   0.0000000e+00
   2.8533333e-02   2.7572016e-01   3.4979424e-01   0.0000000e+00
   8.5333333e-02   2.5925926e-01   3.3333333e-01   1.6666667e-01
   2.1066667e-01   2.5925926e-01   4.4444444e-01   1.6666667e-01
   3.2373333e-01   2.5925926e-01   5.1851852e-01   1.6666667e-01
   3.7813333e-01   2.5925926e-01   5.5555556e-01   1.6666667e-01
   3.6426667e-01   2.9629630e-01   5.5555556e-01   1.6666667e-01
   3.4533333e-01   3.3333333e-01   5.9259259e-01   1.6666667e-01
   3.0373333e-01   3.7037037e-01   5.9259259e-01   1.6666667e-01
   2.5840000e-01   4.0740741e-01   6.2962963e-01   1.6666667e-01
   2.0800000e-01   4.8148148e-01   6.2962963e-01   1.6666667e-01
   1.8373333e-01   5.1851852e-01   6.2962963e-01   1.6666667e-01
   1.7573333e-01   5.5555556e-01   6.2962963e-01   1.6666667e-01
   1.7706667e-01   5.5555556e-01   6.6666667e-01   1.6666667e-01
   1.7360000e-01   5.5555556e-01   6.6666667e-01   1.6666667e-01
   1.6133333e-01   5.5555556e-01   6.6666667e-01   1.6666667e-01
   1.4693333e-01   5.5555556e-01   6.6666667e-01   1.6666667e-01
   1.4106667e-01   5.5555556e-01   6.6666667e-01   1.6666667e-01
   1.3573333e-01   5.1851852e-01   6.2962963e-01   1.6666667e-01
   1.2800000e-01   5.1851852e-01   6.2962963e-01   1.6666667e-01
   1.2586667e-01   5.1851852e-01   5.9259259e-01   1.6666667e-01
   1.2746667e-01   5.1851852e-01   5.9259259e-01   1.6666667e-01
   1.2613333e-01   4.8148148e-01   5.9259259e-01   1.6666667e-01
   1.1040000e-01   4.8148148e-01   5.9259259e-01   1.6666667e-01
   7.6000000e-02   5.1851852e-01   5.5555556e-01   1.6666667e-01
   3.2000000e-02   5.5555556e-01   5.5555556e-01   1.6666667e-01
