   1.2900000e+02
   0.0000000e+00   5.2777778e-01   5.2777778e-01   1.6666667e-01
   5.7084608e-02   5.1388889e-01   5.4166667e-01   1.6666667e-01
   1.7737003e-01   4.5833333e-01   6.3888889e-01   3.3333333e-01
   3.2794525e-01   4.4444444e-01   6.5277778e-01   1.6666667e-01
   4.7997670e-01   3.8888889e-01   6.5277778e-01   1.6666667e-01
   5.8569972e-01   3.7500000e-01   6.6666667e-01   1.6666667e-01
   6.4249308e-01   3.6111111e-01   6.6666667e-01   1.6666667e-01
   6.4191059e-01   3.6111111e-01   6.8055556e-01   1.6666667e-01
   5.8686472e-01   3.6111111e-01   6.8055556e-01   1.6666667e-01
   5.0764526e-01   3.6111111e-01   6.8055556e-01   1.6666667e-01
   4.2842580e-01   3.6111111e-01   6.8055556e-01   1.6666667e-01
   3.3275084e-01   3.7500000e-01   6.8055556e-01   3.3333333e-01
   2.4304645e-01   4.0277778e-01   6.8055556e-01   3.3333333e-01
   1.6746760e-01   4.4444444e-01   6.8055556e-01   3.3333333e-01
   1.3208097e-01   4.5833333e-01   6.8055556e-01   3.3333333e-01
   1.1358672e-01   4.5833333e-01   6.6666667e-01   3.3333333e-01
   9.6694335e-02   4.5833333e-01   6.6666667e-01   3.3333333e-01
   8.7956895e-02   4.5833333e-01   6.5277778e-01   3.3333333e-01
   8.3005679e-02   4.5833333e-01   6.5277778e-01   3.3333333e-01
   7.3103247e-02   4.5833333e-01   6.3888889e-01   3.3333333e-01
   7.1355759e-02   4.7222222e-01   6.3888889e-01   3.3333333e-01
   6.9899519e-02   4.7222222e-01   6.3888889e-01   3.3333333e-01
   6.4948303e-02   4.7222222e-01   6.3888889e-01   3.3333333e-01
   6.8006407e-02   4.7222222e-01   6.3888889e-01   3.3333333e-01
   7.9219455e-02   4.7222222e-01   6.2500000e-01   3.3333333e-01
   8.7811271e-02   4.7222222e-01   6.2500000e-01   3.3333333e-01
   9.9024319e-02   4.7222222e-01   6.1111111e-01   3.3333333e-01
   1.0819863e-01   4.7222222e-01   6.1111111e-01   3.3333333e-01
   1.1882918e-01   4.7222222e-01   6.1111111e-01   3.3333333e-01
   1.2640163e-01   4.7222222e-01   6.1111111e-01   3.3333333e-01
   1.3805155e-01   4.7222222e-01   5.9722222e-01   3.3333333e-01
   1.3994466e-01   4.7222222e-01   5.9722222e-01   3.3333333e-01
   1.3950779e-01   4.7222222e-01   5.8333333e-01   1.6666667e-01
   1.4271152e-01   4.7222222e-01   5.8333333e-01   1.6666667e-01
   1.5974953e-01   4.7222222e-01   5.8333333e-01   1.6666667e-01
   1.8232125e-01   4.5833333e-01   5.6944444e-01   1.6666667e-01
   2.0198049e-01   4.5833333e-01   5.6944444e-01   1.6666667e-01
   2.5091015e-01   4.5833333e-01   5.8333333e-01   1.6666667e-01
   4.4022135e-01   4.0277778e-01   6.5277778e-01   1.6666667e-01
   7.0059706e-01   2.7777778e-01   6.6666667e-01   1.6666667e-01
   8.8801514e-01   2.0833333e-01   6.8055556e-01   1.6666667e-01
   9.7597204e-01   1.8055556e-01   6.8055556e-01   1.6666667e-01
   1.0000000e+00   1.3888889e-01   6.9444444e-01   1.6666667e-01
   9.9315567e-01   9.7222222e-02   6.9444444e-01   1.6666667e-01
   9.6388525e-01   5.5555556e-02   6.9444444e-01   1.6666667e-01
   8.9777195e-01   2.7777778e-02   6.9444444e-01   1.6666667e-01
   7.9860201e-01   2.7777778e-02   6.8055556e-01   3.3333333e-01
   6.7860783e-01   1.3888889e-02   6.6666667e-01   5.0000000e-01
   5.7783603e-01   1.3888889e-02   6.5277778e-01   5.0000000e-01
   5.4143003e-01   0.0000000e+00   6.3888889e-01   5.0000000e-01
   5.3604194e-01   0.0000000e+00   6.3888889e-01   5.0000000e-01
   5.3021698e-01   0.0000000e+00   6.2500000e-01   5.0000000e-01
   5.4055628e-01   0.0000000e+00   5.8333333e-01   5.0000000e-01
   6.2356196e-01   1.3888889e-02   5.9722222e-01   5.0000000e-01
   7.5695355e-01   1.3888889e-02   6.1111111e-01   3.3333333e-01
   8.3660987e-01   2.7777778e-02   6.2500000e-01   3.3333333e-01
   7.9947575e-01   2.7777778e-02   6.3888889e-01   3.3333333e-01
   7.0205330e-01   4.1666667e-02   6.5277778e-01   3.3333333e-01
   5.6938984e-01   5.5555556e-02   6.5277778e-01   3.3333333e-01
   4.4459007e-01   6.9444444e-02   6.6666667e-01   3.3333333e-01
   3.3245959e-01   9.7222222e-02   6.6666667e-01   3.3333333e-01
   2.2222222e-01   1.3888889e-01   6.8055556e-01   5.0000000e-01
   1.4329401e-01   6.2500000e-01   6.8055556e-01   1.6666667e-01
   1.0528615e-01   6.2500000e-01   6.8055556e-01   1.6666667e-01
   1.0295617e-01   6.2500000e-01   6.9444444e-01   1.6666667e-01
   1.0353866e-01   6.2500000e-01   6.9444444e-01   1.6666667e-01
   9.8878695e-02   6.2500000e-01   6.9444444e-01   1.6666667e-01
   9.5238095e-02   6.2500000e-01   6.9444444e-01   1.6666667e-01
   9.3636231e-02   6.2500000e-01   6.9444444e-01   1.6666667e-01
   8.6063783e-02   6.2500000e-01   6.8055556e-01   1.6666667e-01
   7.3103247e-02   6.2500000e-01   6.8055556e-01   1.6666667e-01
   5.9560216e-02   6.1111111e-01   6.6666667e-01   1.6666667e-01
   5.2279016e-02   6.1111111e-01   6.6666667e-01   1.6666667e-01
   4.4560944e-02   5.9722222e-01   6.5277778e-01   1.6666667e-01
   5.3589632e-02   5.8333333e-01   6.5277778e-01   1.6666667e-01
   8.5335663e-02   5.6944444e-01   6.3888889e-01   1.6666667e-01
   1.2421727e-01   5.5555556e-01   6.2500000e-01   1.6666667e-01
   1.6440949e-01   5.4166667e-01   6.2500000e-01   1.6666667e-01
   2.1377603e-01   5.2777778e-01   6.3888889e-01   1.6666667e-01
   2.5440513e-01   5.1388889e-01   6.3888889e-01   1.6666667e-01
   2.7522936e-01   5.1388889e-01   6.5277778e-01   1.6666667e-01
   2.7027814e-01   5.0000000e-01   6.5277778e-01   1.6666667e-01
   2.5775448e-01   5.0000000e-01   6.6666667e-01   1.6666667e-01
   2.4042522e-01   5.0000000e-01   6.6666667e-01   1.6666667e-01
   2.0503859e-01   5.0000000e-01   6.6666667e-01   3.3333333e-01
   1.7766128e-01   5.0000000e-01   6.8055556e-01   3.3333333e-01
   1.4562400e-01   5.0000000e-01   6.8055556e-01   3.3333333e-01
   1.3499345e-01   5.0000000e-01   6.8055556e-01   3.3333333e-01
   1.3441095e-01   5.1388889e-01   6.8055556e-01   3.3333333e-01
   1.4329401e-01   5.1388889e-01   6.6666667e-01   3.3333333e-01
   1.6877821e-01   5.2777778e-01   6.6666667e-01   3.3333333e-01
   1.9455366e-01   5.2777778e-01   6.6666667e-01   1.6666667e-01
   1.9688365e-01   5.4166667e-01   6.6666667e-01   1.6666667e-01
   1.8785496e-01   5.4166667e-01   6.5277778e-01   1.6666667e-01
   1.7125382e-01   5.5555556e-01   6.5277778e-01   1.6666667e-01
   1.5115771e-01   5.5555556e-01   6.5277778e-01   1.6666667e-01
   1.3178972e-01   5.6944444e-01   6.5277778e-01   1.6666667e-01
   1.1300422e-01   5.8333333e-01   6.5277778e-01   1.6666667e-01
   9.5092471e-02   5.9722222e-01   6.6666667e-01   1.6666667e-01
   7.4268239e-02   6.1111111e-01   6.6666667e-01   1.6666667e-01
   5.5628368e-02   6.2500000e-01   6.8055556e-01   1.6666667e-01
   3.6114752e-02   6.3888889e-01   6.8055556e-01   1.6666667e-01
   2.2426096e-02   6.5277778e-01   6.8055556e-01   1.6666667e-01
   1.6601136e-02   6.5277778e-01   6.8055556e-01   1.6666667e-01
   1.1358672e-02   6.6666667e-01   6.8055556e-01   1.6666667e-01
   1.2378040e-02   6.6666667e-01   6.8055556e-01   1.6666667e-01
   1.3688656e-02   6.6666667e-01   6.8055556e-01   1.6666667e-01
   1.5290520e-02   6.5277778e-01   6.8055556e-01   1.6666667e-01
   1.6309888e-02   6.5277778e-01   6.8055556e-01   1.6666667e-01
   1.9513616e-02   6.5277778e-01   6.8055556e-01   1.6666667e-01
   2.4610456e-02   6.2500000e-01   6.6666667e-01   3.3333333e-01
   3.0289792e-02   6.2500000e-01   6.5277778e-01   1.6666667e-01
   6.8443279e-02   5.5555556e-01   6.3888889e-01   3.3333333e-01
   1.4460463e-01   4.8611111e-01   6.3888889e-01   1.6666667e-01
   2.6343381e-01   4.3055556e-01   6.2500000e-01   3.3333333e-01
   3.8299112e-01   3.8888889e-01   6.1111111e-01   1.6666667e-01
   4.6570555e-01   3.4722222e-01   5.9722222e-01   1.6666667e-01
   5.1405272e-01   3.3333333e-01   5.9722222e-01   1.6666667e-01
   5.6065240e-01   3.1944444e-01   6.1111111e-01   1.6666667e-01
   6.2662007e-01   3.1944444e-01   6.3888889e-01   1.6666667e-01
   6.8690840e-01   3.1944444e-01   6.9444444e-01   1.6666667e-01
   6.9535459e-01   3.1944444e-01   7.0833333e-01   1.6666667e-01
   6.4103684e-01   3.3333333e-01   7.0833333e-01   1.6666667e-01
   5.3662444e-01   3.7500000e-01   7.2222222e-01   3.3333333e-01
   3.9231105e-01   4.7222222e-01   7.2222222e-01   1.6666667e-01
   2.7100626e-01   5.2777778e-01   7.2222222e-01   1.6666667e-01
   1.7547692e-01   5.6944444e-01   7.2222222e-01   1.6666667e-01
   9.0432503e-02   6.3888889e-01   7.2222222e-01   1.6666667e-01
   1.8494248e-02   6.3888889e-01   7.2222222e-01   0.0000000e+00
