   1.6500000e+02
   1.9459318e-02   5.1851852e-01   5.9259259e-01   0.0000000e+00
   9.1419616e-02   5.1851852e-01   5.9259259e-01   1.6666667e-01
   1.9367899e-01   4.8148148e-01   6.2962963e-01   1.6666667e-01
   2.7922163e-01   4.4444444e-01   6.2962963e-01   1.6666667e-01
   3.3407340e-01   4.2592593e-01   6.4814815e-01   1.6666667e-01
   3.6972705e-01   4.2592593e-01   6.6666667e-01   1.6666667e-01
   3.9467154e-01   4.2592593e-01   6.6666667e-01   1.6666667e-01
   4.2209743e-01   4.0740741e-01   6.6666667e-01   1.6666667e-01
   4.3776936e-01   4.0740741e-01   6.8518519e-01   1.6666667e-01
   4.3554917e-01   3.8888889e-01   6.8518519e-01   1.6666667e-01
   4.1674285e-01   3.8888889e-01   6.8518519e-01   1.6666667e-01
   3.8931696e-01   3.8888889e-01   7.0370370e-01   1.6666667e-01
   3.5314092e-01   3.8888889e-01   7.0370370e-01   3.3333333e-01
   3.1134909e-01   3.8888889e-01   7.0370370e-01   3.3333333e-01
   2.7412825e-01   3.8888889e-01   7.0370370e-01   3.3333333e-01
   2.5963171e-01   4.0740741e-01   7.0370370e-01   3.3333333e-01
   2.5937051e-01   4.0740741e-01   7.0370370e-01   3.3333333e-01
   2.5610552e-01   4.0740741e-01   7.0370370e-01   3.3333333e-01
   2.6733708e-01   4.0740741e-01   7.0370370e-01   3.3333333e-01
   3.0077054e-01   4.2592593e-01   7.0370370e-01   3.3333333e-01
   3.3407340e-01   4.2592593e-01   6.8518519e-01   1.6666667e-01
   3.3080841e-01   4.4444444e-01   6.8518519e-01   1.6666667e-01
   2.9528536e-01   4.4444444e-01   6.6666667e-01   1.6666667e-01
   2.6955727e-01   4.4444444e-01   6.4814815e-01   1.6666667e-01
   2.5257934e-01   4.6296296e-01   6.2962963e-01   1.6666667e-01
   2.4539637e-01   4.6296296e-01   6.1111111e-01   1.6666667e-01
   2.4813896e-01   4.6296296e-01   6.2962963e-01   1.6666667e-01
   2.4435157e-01   4.8148148e-01   6.2962963e-01   1.6666667e-01
   2.3638501e-01   4.8148148e-01   6.2962963e-01   1.6666667e-01
   2.1940708e-01   5.0000000e-01   6.4814815e-01   1.6666667e-01
   1.8688782e-01   5.1851852e-01   6.4814815e-01   1.6666667e-01
   1.5449915e-01   5.3703704e-01   6.4814815e-01   1.6666667e-01
   1.2589787e-01   5.7407407e-01   6.6666667e-01   1.6666667e-01
   1.0891994e-01   5.9259259e-01   6.6666667e-01   1.6666667e-01
   9.8994384e-02   6.1111111e-01   6.6666667e-01   1.6666667e-01
   8.9852423e-02   6.1111111e-01   6.6666667e-01   1.6666667e-01
   8.9852423e-02   6.1111111e-01   6.6666667e-01   1.6666667e-01
   8.8938226e-02   6.1111111e-01   6.6666667e-01   1.6666667e-01
   8.3975447e-02   6.1111111e-01   6.6666667e-01   1.6666667e-01
   7.6923077e-02   6.1111111e-01   6.6666667e-01   1.6666667e-01
   7.0915502e-02   6.1111111e-01   6.6666667e-01   1.6666667e-01
   6.4385530e-02   6.1111111e-01   6.6666667e-01   1.6666667e-01
   5.3284576e-02   6.1111111e-01   6.6666667e-01   1.6666667e-01
   3.3694658e-02   6.1111111e-01   6.4814815e-01   1.6666667e-01
   2.9254277e-02   6.2962963e-01   6.4814815e-01   1.6666667e-01
   2.3377302e-02   6.0185185e-01   6.1111111e-01   0.0000000e+00
   2.0112316e-02   5.7407407e-01   5.7407407e-01   1.6666667e-01
   1.7239128e-02   5.5555556e-01   5.7407407e-01   1.6666667e-01
   1.6847329e-02   5.5555556e-01   5.7407407e-01   1.6666667e-01
   2.0504114e-02   5.5555556e-01   5.5555556e-01   1.6666667e-01
   1.6716730e-02   5.5555556e-01   5.5555556e-01   1.6666667e-01
   1.7892125e-02   5.3703704e-01   5.5555556e-01   1.6666667e-01
   2.8209482e-02   5.1851852e-01   5.5555556e-01   1.6666667e-01
   3.6959645e-02   5.0000000e-01   5.3703704e-01   1.6666667e-01
   4.5318010e-02   5.0000000e-01   5.3703704e-01   1.6666667e-01
   5.6941361e-02   4.8148148e-01   5.3703704e-01   1.6666667e-01
   6.6736320e-02   4.8148148e-01   5.3703704e-01   1.6666667e-01
   7.4833486e-02   4.8148148e-01   5.3703704e-01   1.6666667e-01
   8.1232859e-02   4.8148148e-01   5.3703704e-01   1.6666667e-01
   9.0766619e-02   4.8148148e-01   5.3703704e-01   1.6666667e-01
   1.0238997e-01   4.8148148e-01   5.5555556e-01   1.6666667e-01
   1.6520831e-01   4.8148148e-01   5.9259259e-01   1.6666667e-01
   2.5871751e-01   5.0000000e-01   7.0370370e-01   1.6666667e-01
   3.1957686e-01   5.0000000e-01   7.2222222e-01   1.6666667e-01
   3.2336424e-01   5.1851852e-01   7.2222222e-01   1.6666667e-01
   3.0860650e-01   5.1851852e-01   7.2222222e-01   1.6666667e-01
   2.8705759e-01   5.3703704e-01   7.4074074e-01   1.6666667e-01
   2.5950111e-01   5.3703704e-01   7.4074074e-01   1.6666667e-01
   2.2554525e-01   5.5555556e-01   7.2222222e-01   1.6666667e-01
   1.8205564e-01   5.5555556e-01   7.2222222e-01   1.6666667e-01
   1.3882722e-01   5.5555556e-01   6.8518519e-01   1.6666667e-01
   9.3770406e-02   5.7407407e-01   6.6666667e-01   1.6666667e-01
   5.3284576e-02   5.7407407e-01   6.2962963e-01   1.6666667e-01
   2.8340081e-02   5.9259259e-01   6.1111111e-01   1.6666667e-01
   6.2687737e-03   5.7936508e-01   5.9523810e-01   0.0000000e+00
   0.0000000e+00   5.6613757e-01   5.7936508e-01   0.0000000e+00
   5.2239781e-03   5.5291005e-01   5.6349206e-01   0.0000000e+00
   5.0933786e-03   5.3968254e-01   5.4761905e-01   0.0000000e+00
   7.8359671e-03   5.2645503e-01   5.3174603e-01   0.0000000e+00
   1.0578556e-02   5.1322751e-01   5.1587302e-01   0.0000000e+00
   1.6063733e-02   5.0000000e-01   5.0000000e-01   1.6666667e-01
   2.6119890e-02   5.0000000e-01   5.0000000e-01   1.6666667e-01
   3.7220844e-02   4.8148148e-01   5.1851852e-01   1.6666667e-01
   5.6288364e-02   4.8148148e-01   5.1851852e-01   1.6666667e-01
   7.2874494e-02   4.8148148e-01   5.3703704e-01   1.6666667e-01
   9.1680815e-02   4.8148148e-01   5.5555556e-01   1.6666667e-01
   1.1440512e-01   5.0000000e-01   5.7407407e-01   1.6666667e-01
   1.3295024e-01   5.0000000e-01   5.9259259e-01   1.6666667e-01
   1.4418179e-01   5.0000000e-01   6.1111111e-01   1.6666667e-01
   1.4300640e-01   5.1851852e-01   6.1111111e-01   1.6666667e-01
   1.3281964e-01   5.3703704e-01   6.2962963e-01   1.6666667e-01
   1.2250229e-01   5.5555556e-01   6.2962963e-01   1.6666667e-01
   1.1244613e-01   5.7407407e-01   6.4814815e-01   1.6666667e-01
   1.0134517e-01   5.7407407e-01   6.4814815e-01   1.6666667e-01
   9.5598798e-02   5.9259259e-01   6.4814815e-01   1.6666667e-01
   8.8154630e-02   6.1111111e-01   6.6666667e-01   1.6666667e-01
   8.2016456e-02   6.1111111e-01   6.6666667e-01   1.6666667e-01
   8.3061251e-02   6.2962963e-01   6.6666667e-01   1.6666667e-01
   8.2277654e-02   6.2962963e-01   6.8518519e-01   1.6666667e-01
   9.0897218e-02   6.2962963e-01   6.8518519e-01   1.6666667e-01
   1.0265117e-01   6.1111111e-01   6.8518519e-01   1.6666667e-01
   1.0696095e-01   6.1111111e-01   6.8518519e-01   1.6666667e-01
   1.0722215e-01   6.1111111e-01   6.8518519e-01   1.6666667e-01
   1.0931174e-01   6.1111111e-01   6.8518519e-01   1.6666667e-01
   1.0852814e-01   5.9259259e-01   6.8518519e-01   1.6666667e-01
   1.0474076e-01   5.9259259e-01   6.8518519e-01   1.6666667e-01
   9.4815202e-02   5.9259259e-01   6.6666667e-01   1.6666667e-01
   8.5281442e-02   5.9259259e-01   6.6666667e-01   1.6666667e-01
   7.4180488e-02   5.9259259e-01   6.6666667e-01   1.6666667e-01
   5.9161552e-02   5.9259259e-01   6.4814815e-01   1.6666667e-01
   4.7407601e-02   5.7407407e-01   6.2962963e-01   1.6666667e-01
   3.9441034e-02   5.5555556e-01   5.9259259e-01   1.6666667e-01
   3.6567846e-02   5.5555556e-01   5.9259259e-01   1.6666667e-01
   3.5653650e-02   5.5555556e-01   5.9259259e-01   1.6666667e-01
   2.7817683e-02   5.5555556e-01   5.7407407e-01   1.6666667e-01
   3.3955857e-02   5.3703704e-01   5.7407407e-01   1.6666667e-01
   8.2538853e-02   5.0000000e-01   5.7407407e-01   1.6666667e-01
   1.5880893e-01   4.8148148e-01   5.9259259e-01   1.6666667e-01
   2.3037743e-01   4.6296296e-01   6.1111111e-01   1.6666667e-01
   2.8666580e-01   4.4444444e-01   6.2962963e-01   1.6666667e-01
   3.2845762e-01   4.2592593e-01   6.2962963e-01   1.6666667e-01
   3.4726394e-01   4.2592593e-01   6.4814815e-01   1.6666667e-01
   3.5366331e-01   4.2592593e-01   6.4814815e-01   1.6666667e-01
   3.4935353e-01   4.0740741e-01   6.6666667e-01   1.6666667e-01
   3.2623743e-01   4.0740741e-01   6.6666667e-01   1.6666667e-01
   2.9763615e-01   4.0740741e-01   6.8518519e-01   1.6666667e-01
   2.6368029e-01   4.0740741e-01   6.8518519e-01   3.3333333e-01
   2.3834400e-01   4.0740741e-01   6.8518519e-01   3.3333333e-01
   2.3351182e-01   4.2592593e-01   6.8518519e-01   3.3333333e-01
   2.3103043e-01   4.2592593e-01   7.0370370e-01   3.3333333e-01
   2.2802664e-01   4.2592593e-01   7.0370370e-01   3.3333333e-01
   2.2828784e-01   4.2592593e-01   7.0370370e-01   3.3333333e-01
   2.4435157e-01   4.4444444e-01   7.0370370e-01   3.3333333e-01
   2.6524749e-01   4.4444444e-01   6.8518519e-01   1.6666667e-01
   2.7256106e-01   4.6296296e-01   6.8518519e-01   1.6666667e-01
   2.6851247e-01   4.6296296e-01   6.4814815e-01   1.6666667e-01
   2.8731879e-01   4.2592593e-01   6.2962963e-01   1.6666667e-01
   3.4896173e-01   3.7037037e-01   6.1111111e-01   1.6666667e-01
   4.5043751e-01   2.9629630e-01   6.1111111e-01   1.6666667e-01
   5.7738018e-01   2.2222222e-01   6.2962963e-01   1.6666667e-01
   7.5643202e-01   3.7037037e-02   6.2962963e-01   1.6666667e-01
   9.1994254e-01   1.8518519e-02   6.4814815e-01   1.6666667e-01
   1.0000000e+00   0.0000000e+00   6.4814815e-01   1.6666667e-01
   9.7531670e-01   0.0000000e+00   6.6666667e-01   1.6666667e-01
   8.8807627e-01   0.0000000e+00   6.6666667e-01   1.6666667e-01
   7.5081625e-01   1.8518519e-02   6.6666667e-01   1.6666667e-01
   5.7672718e-01   1.8518519e-02   6.8518519e-01   3.3333333e-01
   4.1804884e-01   3.7037037e-02   6.8518519e-01   3.3333333e-01
   2.7556484e-01   1.2962963e-01   6.8518519e-01   3.3333333e-01
   1.4143921e-01   6.2962963e-01   6.8518519e-01   1.6666667e-01
   7.9665665e-02   6.2962963e-01   7.0370370e-01   1.6666667e-01
   7.4833486e-02   6.4814815e-01   7.0370370e-01   1.6666667e-01
   6.6605720e-02   6.4814815e-01   7.0370370e-01   1.6666667e-01
   6.0206347e-02   6.4814815e-01   6.8518519e-01   1.6666667e-01
   5.0541988e-02   6.4814815e-01   6.8518519e-01   1.6666667e-01
   5.1586783e-02   6.2962963e-01   6.8518519e-01   1.6666667e-01
   5.7202560e-02   6.1111111e-01   6.6666667e-01   1.6666667e-01
   6.0859344e-02   6.1111111e-01   6.6666667e-01   1.6666667e-01
   6.5299726e-02   5.9259259e-01   6.6666667e-01   1.6666667e-01
   6.5822124e-02   5.9259259e-01   6.4814815e-01   1.6666667e-01
   6.4124331e-02   5.9259259e-01   6.4814815e-01   1.6666667e-01
   5.7986156e-02   5.9259259e-01   6.4814815e-01   1.6666667e-01
   4.7015803e-02   5.9259259e-01   6.2962963e-01   1.6666667e-01
   3.6045449e-02   5.9259259e-01   6.1111111e-01   1.6666667e-01
   2.6511689e-02   5.9259259e-01   6.1111111e-01   1.6666667e-01
