   2.2600000e+02
   6.3534083e-02   6.1363636e-01   6.3636364e-01   1.6666667e-01
   1.4956982e-01   5.6818182e-01   6.5909091e-01   1.6666667e-01
   2.9560997e-01   2.5000000e-01   6.8181818e-01   3.3333333e-01
   4.9680124e-01   2.5000000e-01   6.8181818e-01   3.3333333e-01
   7.1166998e-01   2.5000000e-01   7.0454545e-01   1.6666667e-01
   8.1138319e-01   2.7272727e-01   7.0454545e-01   1.6666667e-01
   7.9836753e-01   2.9545455e-01   7.0454545e-01   1.6666667e-01
   7.3814251e-01   2.9545455e-01   7.0454545e-01   1.6666667e-01
   6.5784249e-01   3.1818182e-01   6.8181818e-01   1.6666667e-01
   5.4533422e-01   3.6363636e-01   6.8181818e-01   1.6666667e-01
   4.2775204e-01   3.8636364e-01   6.8181818e-01   1.6666667e-01
   3.2142069e-01   4.0909091e-01   6.5909091e-01   1.6666667e-01
   2.2325171e-01   4.0909091e-01   5.9090909e-01   1.6666667e-01
   1.3831899e-01   4.3181818e-01   5.0000000e-01   1.6666667e-01
   8.0741231e-02   4.3181818e-01   4.7727273e-01   1.6666667e-01
   4.2576660e-02   4.2500000e-01   4.6590909e-01   0.0000000e+00
   9.0447827e-03   4.1818182e-01   4.5454545e-01   0.0000000e+00
   1.9854401e-03   4.1136364e-01   4.4318182e-01   0.0000000e+00
   2.4266490e-03   4.0454545e-01   4.3181818e-01   0.0000000e+00
   2.4266490e-03   3.9772727e-01   4.2045455e-01   0.0000000e+00
   2.4266490e-03   3.9090909e-01   4.0909091e-01   0.0000000e+00
   3.3090668e-03   3.8409091e-01   3.9772727e-01   0.0000000e+00
   1.5221707e-02   3.7727273e-01   3.8636364e-01   0.0000000e+00
   3.7502758e-02   3.7045455e-01   3.7500000e-01   0.0000000e+00
   4.3238473e-02   3.6363636e-01   3.6363636e-01   1.6666667e-01
   5.2724465e-02   3.4090909e-01   3.6363636e-01   1.6666667e-01
   7.5667328e-02   3.4090909e-01   3.6363636e-01   1.6666667e-01
   8.9344805e-02   3.4090909e-01   3.8636364e-01   1.6666667e-01
   1.0986102e-01   3.4090909e-01   3.8636364e-01   1.6666667e-01
   1.7714538e-01   3.4090909e-01   6.3636364e-01   3.3333333e-01
   3.2825943e-01   3.4090909e-01   6.5909091e-01   3.3333333e-01
   5.0408118e-01   3.6363636e-01   6.8181818e-01   1.6666667e-01
   6.0202956e-01   3.6363636e-01   6.8181818e-01   1.6666667e-01
   6.2342819e-01   3.8636364e-01   7.0454545e-01   1.6666667e-01
   5.7158615e-01   3.8636364e-01   7.0454545e-01   1.6666667e-01
   5.1753805e-01   4.0909091e-01   7.0454545e-01   1.6666667e-01
   4.4363556e-01   4.3181818e-01   7.0454545e-01   1.6666667e-01
   3.6554158e-01   4.3181818e-01   6.8181818e-01   1.6666667e-01
   2.8457975e-01   4.3181818e-01   6.1363636e-01   1.6666667e-01
   2.1155967e-01   4.3181818e-01   5.9090909e-01   1.6666667e-01
   1.4537834e-01   4.3181818e-01   5.4545455e-01   1.6666667e-01
   9.5742334e-02   4.5454545e-01   5.0000000e-01   1.6666667e-01
   6.2431061e-02   4.5454545e-01   4.7727273e-01   1.6666667e-01
   2.7354953e-02   4.4949495e-01   4.6969697e-01   0.0000000e+00
   8.8241782e-04   4.4444444e-01   4.6212121e-01   0.0000000e+00
   2.4266490e-03   4.3939394e-01   4.5454545e-01   0.0000000e+00
   2.4266490e-03   4.3434343e-01   4.4696970e-01   0.0000000e+00
   2.4266490e-03   4.2929293e-01   4.3939394e-01   0.0000000e+00
   2.4266490e-03   4.2424242e-01   4.3181818e-01   0.0000000e+00
   2.4266490e-03   4.1919192e-01   4.2424242e-01   0.0000000e+00
   5.0739025e-03   4.1414141e-01   4.1666667e-01   0.0000000e+00
   4.9194794e-02   4.0909091e-01   4.0909091e-01   1.6666667e-01
   1.2353850e-01   3.8636364e-01   4.7727273e-01   1.6666667e-01
   2.0229429e-01   3.8636364e-01   5.2272727e-01   1.6666667e-01
   2.7046106e-01   4.0909091e-01   5.4545455e-01   1.6666667e-01
   2.7575557e-01   4.0909091e-01   5.6818182e-01   1.6666667e-01
   2.7134348e-01   4.3181818e-01   5.9090909e-01   1.6666667e-01
   2.4200309e-01   4.5454545e-01   6.1363636e-01   1.6666667e-01
   2.0516214e-01   4.7727273e-01   6.1363636e-01   1.6666667e-01
   1.6964483e-01   5.0000000e-01   6.3636364e-01   1.6666667e-01
   1.3037723e-01   5.6818182e-01   6.3636364e-01   1.6666667e-01
   9.7065961e-02   5.9090909e-01   6.3636364e-01   1.6666667e-01
   8.5373925e-02   6.1363636e-01   6.5909091e-01   1.6666667e-01
   7.6329142e-02   6.1363636e-01   6.5909091e-01   1.6666667e-01
   8.4491507e-02   6.1363636e-01   6.5909091e-01   1.6666667e-01
   8.2285462e-02   6.3636364e-01   6.8181818e-01   1.6666667e-01
   7.8535186e-02   6.3636364e-01   6.8181818e-01   1.6666667e-01
   7.0372822e-02   6.3636364e-01   6.8181818e-01   1.6666667e-01
   6.1107434e-02   6.3636364e-01   6.8181818e-01   1.6666667e-01
   5.4930510e-02   6.3636364e-01   6.5909091e-01   1.6666667e-01
   4.8753585e-02   6.3636364e-01   6.3636364e-01   1.6666667e-01
   3.7943966e-02   6.2575758e-01   6.2727273e-01   0.0000000e+00
   3.4634900e-02   6.1515152e-01   6.1818182e-01   0.0000000e+00
   2.1619237e-02   6.0454545e-01   6.0909091e-01   0.0000000e+00
   1.0147805e-02   5.9393939e-01   6.0000000e-01   0.0000000e+00
   1.7648356e-03   5.8333333e-01   5.9090909e-01   0.0000000e+00
   2.4266490e-03   5.7272727e-01   5.8181818e-01   0.0000000e+00
   2.4266490e-03   5.6212121e-01   5.7272727e-01   0.0000000e+00
   2.4266490e-03   5.5151515e-01   5.6363636e-01   0.0000000e+00
   2.4266490e-03   5.4090909e-01   5.5454545e-01   0.0000000e+00
   2.4266490e-03   5.3030303e-01   5.4545455e-01   0.0000000e+00
   2.4266490e-03   5.1969697e-01   5.3636364e-01   0.0000000e+00
   2.4266490e-03   5.0909091e-01   5.2727273e-01   0.0000000e+00
   1.9854401e-03   4.9848485e-01   5.1818182e-01   0.0000000e+00
   6.1769248e-03   4.8787879e-01   5.0909091e-01   0.0000000e+00
   6.1107434e-02   4.7727273e-01   5.0000000e-01   1.6666667e-01
   1.8001324e-01   4.3181818e-01   5.4545455e-01   1.6666667e-01
   3.1634679e-01   4.0909091e-01   5.6818182e-01   1.6666667e-01
   4.0370615e-01   3.8636364e-01   5.9090909e-01   1.6666667e-01
   4.4672402e-01   3.8636364e-01   5.9090909e-01   1.6666667e-01
   4.4054710e-01   3.6363636e-01   6.1363636e-01   1.6666667e-01
   4.0966248e-01   3.6363636e-01   6.1363636e-01   1.6666667e-01
   3.8936687e-01   3.6363636e-01   6.3636364e-01   1.6666667e-01
   3.5208471e-01   3.6363636e-01   6.3636364e-01   1.6666667e-01
   3.0024266e-01   3.6363636e-01   6.3636364e-01   3.3333333e-01
   2.1906023e-01   3.6363636e-01   6.5909091e-01   3.3333333e-01
   1.6743878e-01   3.6363636e-01   6.5909091e-01   3.3333333e-01
   1.3920141e-01   3.8636364e-01   6.5909091e-01   3.3333333e-01
   1.3170086e-01   3.8636364e-01   6.5909091e-01   3.3333333e-01
   1.1824399e-01   3.8636364e-01   6.5909091e-01   3.3333333e-01
   1.4802559e-01   4.0909091e-01   6.3636364e-01   3.3333333e-01
   2.1508934e-01   4.0909091e-01   6.1363636e-01   3.3333333e-01
   2.7906464e-01   4.3181818e-01   6.1363636e-01   3.3333333e-01
   3.1722921e-01   4.3181818e-01   5.9090909e-01   1.6666667e-01
   3.0840503e-01   4.3181818e-01   5.9090909e-01   1.6666667e-01
   3.0178690e-01   4.3181818e-01   5.6818182e-01   1.6666667e-01
   3.0156629e-01   4.5454545e-01   5.9090909e-01   1.6666667e-01
   2.8788882e-01   4.5454545e-01   5.9090909e-01   1.6666667e-01
   2.8193250e-01   4.7727273e-01   6.1363636e-01   1.6666667e-01
   2.4950364e-01   4.7727273e-01   6.1363636e-01   1.6666667e-01
   2.2391352e-01   5.0000000e-01   6.3636364e-01   1.6666667e-01
   1.8243989e-01   5.2272727e-01   6.3636364e-01   1.6666667e-01
   1.4361350e-01   5.6818182e-01   6.3636364e-01   1.6666667e-01
   1.1250827e-01   5.9090909e-01   6.5909091e-01   1.6666667e-01
   9.0227223e-02   5.9090909e-01   6.5909091e-01   1.6666667e-01
   8.1844253e-02   6.1363636e-01   6.5909091e-01   1.6666667e-01
   8.4491507e-02   6.1363636e-01   6.5909091e-01   1.6666667e-01
   8.4932716e-02   6.1363636e-01   6.5909091e-01   1.6666667e-01
   9.5521730e-02   5.9090909e-01   6.5909091e-01   1.6666667e-01
   9.0227223e-02   5.6818182e-01   6.3636364e-01   1.6666667e-01
   1.0191926e-01   5.6818182e-01   6.3636364e-01   1.6666667e-01
   1.0434591e-01   5.6818182e-01   6.1363636e-01   1.6666667e-01
   9.8389587e-02   5.2272727e-01   5.9090909e-01   1.6666667e-01
   7.8976395e-02   5.2272727e-01   5.2272727e-01   1.6666667e-01
   6.2872270e-02   5.0000000e-01   5.0000000e-01   0.0000000e+00
   4.3459078e-02   4.7727273e-01   4.7727273e-01   0.0000000e+00
   4.8753585e-02   4.5454545e-01   4.5454545e-01   0.0000000e+00
   4.0811824e-02   4.3181818e-01   4.3181818e-01   1.6666667e-01
   3.4855504e-02   4.3506494e-01   4.4480519e-01   0.0000000e+00
   1.1030223e-02   4.3831169e-01   4.5779221e-01   0.0000000e+00
   1.9854401e-03   4.4155844e-01   4.7077922e-01   0.0000000e+00
   2.2060446e-03   4.4480519e-01   4.8376623e-01   0.0000000e+00
   5.0739025e-03   4.4805195e-01   4.9675325e-01   0.0000000e+00
   4.2135451e-02   4.5129870e-01   5.0974026e-01   0.0000000e+00
   9.3315685e-02   4.5454545e-01   5.2272727e-01   1.6666667e-01
   1.4251048e-01   4.5454545e-01   5.6818182e-01   1.6666667e-01
   1.7163027e-01   4.7727273e-01   5.9090909e-01   1.6666667e-01
   1.6699757e-01   4.7727273e-01   5.9090909e-01   1.6666667e-01
   1.6192367e-01   5.0000000e-01   6.1363636e-01   1.6666667e-01
   1.3170086e-01   5.4545455e-01   6.1363636e-01   1.6666667e-01
   1.0500772e-01   5.6818182e-01   6.3636364e-01   1.6666667e-01
   8.0741231e-02   5.9090909e-01   6.3636364e-01   1.6666667e-01
   5.7577763e-02   6.1363636e-01   6.3636364e-01   1.6666667e-01
   4.7871167e-02   6.1363636e-01   6.3636364e-01   1.6666667e-01
   4.3238473e-02   6.3636364e-01   6.3636364e-01   1.6666667e-01
   4.0811824e-02   6.3636364e-01   6.3636364e-01   1.6666667e-01
   3.9488198e-02   6.3636364e-01   6.3636364e-01   1.6666667e-01
   3.5737922e-02   6.1363636e-01   6.2190083e-01   0.0000000e+00
   2.2501655e-02   5.9090909e-01   6.0743802e-01   0.0000000e+00
   1.0589014e-02   5.6818182e-01   5.9297521e-01   0.0000000e+00
   1.7648356e-03   5.4545455e-01   5.7851240e-01   0.0000000e+00
   2.4266490e-03   5.2272727e-01   5.6404959e-01   0.0000000e+00
   2.4266490e-03   5.0000000e-01   5.4958678e-01   0.0000000e+00
   2.4266490e-03   4.7727273e-01   5.3512397e-01   0.0000000e+00
   2.4266490e-03   4.5454545e-01   5.2066116e-01   0.0000000e+00
   1.5442312e-03   4.3181818e-01   5.0619835e-01   0.0000000e+00
   9.7065961e-03   4.0909091e-01   4.9173554e-01   0.0000000e+00
   1.0566953e-01   3.8636364e-01   4.7727273e-01   1.6666667e-01
   2.0957423e-01   3.8636364e-01   5.0000000e-01   1.6666667e-01
   2.6472535e-01   3.6363636e-01   5.4545455e-01   1.6666667e-01
   2.6869623e-01   3.6363636e-01   5.4545455e-01   1.6666667e-01
   2.7222590e-01   3.6363636e-01   5.6818182e-01   1.6666667e-01
   2.6869623e-01   3.6363636e-01   5.6818182e-01   1.6666667e-01
   2.4310611e-01   3.6363636e-01   5.9090909e-01   1.6666667e-01
   2.0692698e-01   3.8636364e-01   5.9090909e-01   3.3333333e-01
   1.4030443e-01   3.8636364e-01   6.1363636e-01   3.3333333e-01
   9.8830796e-02   3.8636364e-01   6.1363636e-01   3.3333333e-01
   9.0668432e-02   4.0909091e-01   6.1363636e-01   3.3333333e-01
   8.3609089e-02   4.0909091e-01   6.1363636e-01   3.3333333e-01
   7.0372822e-02   4.3181818e-01   4.5454545e-01   1.6666667e-01
   5.5151114e-02   4.5454545e-01   4.5454545e-01   1.6666667e-01
   4.0150011e-02   4.3062201e-01   4.5574163e-01   0.0000000e+00
   0.0000000e+00   4.0669856e-01   4.5693780e-01   0.0000000e+00
   2.4266490e-03   3.8277512e-01   4.5813397e-01   0.0000000e+00
   2.4266490e-03   3.5885167e-01   4.5933014e-01   0.0000000e+00
   2.4266490e-03   3.3492823e-01   4.6052632e-01   0.0000000e+00
   2.4266490e-03   3.1100478e-01   4.6172249e-01   0.0000000e+00
   2.4266490e-03   2.8708134e-01   4.6291866e-01   0.0000000e+00
   2.4266490e-03   2.6315789e-01   4.6411483e-01   0.0000000e+00
   2.4266490e-03   2.3923445e-01   4.6531100e-01   0.0000000e+00
   2.4266490e-03   2.1531100e-01   4.6650718e-01   0.0000000e+00
   2.4266490e-03   1.9138756e-01   4.6770335e-01   0.0000000e+00
   2.2060446e-03   1.6746411e-01   4.6889952e-01   0.0000000e+00
   4.8532980e-03   1.4354067e-01   4.7009569e-01   0.0000000e+00
   2.4266490e-02   1.1961722e-01   4.7129187e-01   0.0000000e+00
   2.3163468e-02   9.5693780e-02   4.7248804e-01   0.0000000e+00
   1.8310170e-02   7.1770335e-02   4.7368421e-01   0.0000000e+00
   4.4120891e-03   4.7846890e-02   4.7488038e-01   0.0000000e+00
   5.3165674e-02   2.3923445e-02   4.7607656e-01   0.0000000e+00
   2.3406133e-01   0.0000000e+00   4.7727273e-01   6.6666667e-01
   5.5173174e-01   0.0000000e+00   4.7727273e-01   1.6666667e-01
   8.2175160e-01   0.0000000e+00   5.0000000e-01   1.6666667e-01
   9.5543790e-01   0.0000000e+00   5.4545455e-01   1.6666667e-01
   1.0000000e+00   4.5454545e-02   5.6818182e-01   1.6666667e-01
   9.7573351e-01   9.0909091e-02   5.9090909e-01   1.6666667e-01
   9.0072799e-01   1.3636364e-01   6.1363636e-01   1.6666667e-01
   8.1844253e-01   1.5909091e-01   6.1363636e-01   1.6666667e-01
   7.2270020e-01   1.8181818e-01   6.1363636e-01   1.6666667e-01
   5.9519082e-01   2.0454545e-01   6.3636364e-01   1.6666667e-01
   4.6657842e-01   2.5000000e-01   6.3636364e-01   3.3333333e-01
   3.2031767e-01   3.8636364e-01   6.3636364e-01   1.6666667e-01
   2.2501655e-01   4.0909091e-01   5.6818182e-01   1.6666667e-01
   1.4890801e-01   4.0909091e-01   5.0000000e-01   1.6666667e-01
   8.1403044e-02   4.3181818e-01   4.5454545e-01   1.6666667e-01
   4.9856607e-02   4.3181818e-01   4.5454545e-01   0.0000000e+00
   3.0002206e-02   4.3181818e-01   4.5454545e-01   0.0000000e+00
   3.2428855e-02   4.3181818e-01   4.5454545e-01   0.0000000e+00
   3.7943966e-02   4.3181818e-01   4.5454545e-01   0.0000000e+00
   5.9342599e-02   4.3181818e-01   4.5454545e-01   1.6666667e-01
   8.3829693e-02   4.3181818e-01   4.7727273e-01   1.6666667e-01
   9.4639312e-02   4.3181818e-01   5.0000000e-01   1.6666667e-01
   9.7727774e-02   4.5454545e-01   5.0000000e-01   1.6666667e-01
   9.8610192e-02   4.5454545e-01   5.2272727e-01   1.6666667e-01
   1.0213986e-01   4.7727273e-01   5.2272727e-01   1.6666667e-01
   8.8903596e-02   5.0000000e-01   5.4545455e-01   1.6666667e-01
   8.1182440e-02   5.2272727e-01   5.4545455e-01   1.6666667e-01
   6.7284359e-02   5.4545455e-01   5.6818182e-01   1.6666667e-01
   6.4195897e-02   5.4545455e-01   5.6818182e-01   1.6666667e-01
   6.4195897e-02   5.6818182e-01   5.9090909e-01   1.6666667e-01
   6.4857710e-02   5.6818182e-01   5.9090909e-01   1.6666667e-01
   7.1696448e-02   5.6818182e-01   5.9090909e-01   1.6666667e-01
   8.8241782e-02   5.6818182e-01   5.9090909e-01   1.6666667e-01
   9.1992058e-02   5.6818182e-01   6.1363636e-01   1.6666667e-01
   7.8976395e-02   5.6818182e-01   6.1363636e-01   1.6666667e-01
   5.7136554e-02   5.9090909e-01   5.9090909e-01   1.6666667e-01
   3.5958526e-02   5.9090909e-01   5.9090909e-01   0.0000000e+00
