   1.7200000e+02
   7.2582781e-02   6.0563380e-01   6.6197183e-01   1.6666667e-01
   1.9761589e-01   5.3521127e-01   6.7605634e-01   1.6666667e-01
   2.9615894e-01   5.2112676e-01   6.9014085e-01   1.6666667e-01
   3.2807947e-01   5.0704225e-01   6.9014085e-01   1.6666667e-01
   3.2304636e-01   5.0704225e-01   7.0422535e-01   1.6666667e-01
   2.9841060e-01   5.0704225e-01   7.0422535e-01   1.6666667e-01
   2.7046358e-01   5.0704225e-01   7.0422535e-01   1.6666667e-01
   2.2198675e-01   5.2112676e-01   7.1830986e-01   1.6666667e-01
   1.6278146e-01   5.6338028e-01   7.1830986e-01   1.6666667e-01
   9.9470199e-02   6.6197183e-01   7.1830986e-01   1.6666667e-01
   7.8940397e-02   6.6197183e-01   7.1830986e-01   1.6666667e-01
   8.7019868e-02   6.4788732e-01   7.1830986e-01   1.6666667e-01
   8.9139073e-02   6.3380282e-01   7.1830986e-01   1.6666667e-01
   9.2980132e-02   6.3380282e-01   7.0422535e-01   1.6666667e-01
   8.9271523e-02   6.1971831e-01   6.9014085e-01   1.6666667e-01
   8.5695364e-02   6.1971831e-01   6.9014085e-01   1.6666667e-01
   7.6688742e-02   6.0563380e-01   6.7605634e-01   1.6666667e-01
   8.1324503e-02   6.0563380e-01   6.7605634e-01   1.6666667e-01
   9.1523179e-02   5.6338028e-01   6.6197183e-01   1.6666667e-01
   1.1986755e-01   5.3521127e-01   6.3380282e-01   1.6666667e-01
   1.5112583e-01   5.3521127e-01   6.3380282e-01   1.6666667e-01
   1.6596026e-01   5.2112676e-01   6.1971831e-01   1.6666667e-01
   1.8264901e-01   5.2112676e-01   6.1971831e-01   1.6666667e-01
   1.9086093e-01   5.0704225e-01   6.1971831e-01   1.6666667e-01
   2.0582781e-01   5.0704225e-01   6.1971831e-01   1.6666667e-01
   2.0966887e-01   5.2112676e-01   6.3380282e-01   1.6666667e-01
   1.9960265e-01   5.2112676e-01   6.4788732e-01   1.6666667e-01
   1.7827815e-01   5.3521127e-01   6.4788732e-01   1.6666667e-01
   1.5337748e-01   5.4929577e-01   6.6197183e-01   1.6666667e-01
   1.1947020e-01   5.7746479e-01   6.6197183e-01   1.6666667e-01
   9.5629139e-02   6.0563380e-01   6.7605634e-01   1.6666667e-01
   7.5496689e-02   6.3380282e-01   6.7605634e-01   1.6666667e-01
   6.5562914e-02   6.3380282e-01   6.7605634e-01   1.6666667e-01
   7.0463576e-02   6.4788732e-01   6.9014085e-01   1.6666667e-01
   7.2715232e-02   6.4788732e-01   6.9014085e-01   1.6666667e-01
   7.6158940e-02   6.4788732e-01   6.9014085e-01   1.6666667e-01
   7.6821192e-02   6.3380282e-01   6.9014085e-01   1.6666667e-01
   7.3642384e-02   6.3380282e-01   6.9014085e-01   1.6666667e-01
   1.0370861e-01   5.0704225e-01   6.9014085e-01   3.3333333e-01
   1.6344371e-01   4.9295775e-01   6.9014085e-01   5.0000000e-01
   1.9417219e-01   4.9295775e-01   6.9014085e-01   1.6666667e-01
   1.9907285e-01   4.9295775e-01   6.7605634e-01   1.6666667e-01
   1.7947020e-01   4.9295775e-01   6.6197183e-01   1.6666667e-01
   1.4715232e-01   4.9295775e-01   6.4788732e-01   1.6666667e-01
   1.1496689e-01   4.9295775e-01   6.4788732e-01   3.3333333e-01
   6.3708609e-02   4.9295775e-01   6.0563380e-01   3.3333333e-01
   2.8079470e-02   4.9295775e-01   5.0704225e-01   1.6666667e-01
   1.5496689e-02   4.9295775e-01   5.0704225e-01   1.6666667e-01
   1.4172185e-02   4.9295775e-01   5.0704225e-01   1.6666667e-01
   1.2847682e-02   4.9295775e-01   5.0704225e-01   1.6666667e-01
   1.1125828e-02   4.9295775e-01   5.0704225e-01   1.6666667e-01
   2.5165563e-03   4.8239437e-01   4.9647887e-01   0.0000000e+00
   0.0000000e+00   4.7183099e-01   4.8591549e-01   0.0000000e+00
   5.2980132e-04   4.6126761e-01   4.7535211e-01   0.0000000e+00
   1.6423841e-02   4.5070423e-01   4.6478873e-01   1.6666667e-01
   7.9205298e-02   4.3661972e-01   7.0422535e-01   3.3333333e-01
   1.9205298e-01   4.3661972e-01   7.1830986e-01   3.3333333e-01
   3.1933775e-01   4.2253521e-01   7.3239437e-01   3.3333333e-01
   4.7854305e-01   4.0845070e-01   7.3239437e-01   3.3333333e-01
   6.2913907e-01   3.9436620e-01   7.3239437e-01   1.6666667e-01
   7.1761589e-01   3.8028169e-01   7.4647887e-01   1.6666667e-01
   7.8423841e-01   3.3802817e-01   7.4647887e-01   1.6666667e-01
   8.6410596e-01   2.6760563e-01   7.4647887e-01   1.6666667e-01
   9.2688742e-01   2.2535211e-01   7.4647887e-01   1.6666667e-01
   9.4556291e-01   2.1126761e-01   7.3239437e-01   1.6666667e-01
   9.2715232e-01   1.5492958e-01   7.1830986e-01   1.6666667e-01
   8.7178808e-01   1.2676056e-01   6.9014085e-01   1.6666667e-01
   7.9125828e-01   1.1267606e-01   6.6197183e-01   1.6666667e-01
   6.9377483e-01   9.8591549e-02   6.1971831e-01   1.6666667e-01
   5.9615894e-01   8.4507042e-02   5.7746479e-01   3.3333333e-01
   4.9456954e-01   7.0422535e-02   5.7746479e-01   5.0000000e-01
   4.1920530e-01   5.6338028e-02   5.9154930e-01   5.0000000e-01
   3.7112583e-01   5.6338028e-02   5.9154930e-01   5.0000000e-01
   3.2807947e-01   4.2253521e-02   6.0563380e-01   5.0000000e-01
   2.8688742e-01   4.2253521e-02   6.1971831e-01   3.3333333e-01
   2.6622517e-01   1.4084507e-02   6.3380282e-01   3.3333333e-01
   2.3721854e-01   0.0000000e+00   6.3380282e-01   3.3333333e-01
   1.9562914e-01   0.0000000e+00   6.4788732e-01   3.3333333e-01
   1.6463576e-01   0.0000000e+00   6.4788732e-01   3.3333333e-01
   1.5231788e-01   0.0000000e+00   6.6197183e-01   3.3333333e-01
   1.3615894e-01   0.0000000e+00   6.6197183e-01   3.3333333e-01
   1.2384106e-01   0.0000000e+00   6.6197183e-01   3.3333333e-01
   1.1258278e-01   6.1971831e-01   6.7605634e-01   1.6666667e-01
   1.1496689e-01   2.5352113e-01   6.7605634e-01   3.3333333e-01
   1.1589404e-01   6.1971831e-01   6.7605634e-01   1.6666667e-01
   1.2066225e-01   6.1971831e-01   6.7605634e-01   1.6666667e-01
   1.2860927e-01   6.1971831e-01   6.7605634e-01   1.6666667e-01
   1.2847682e-01   2.1126761e-01   6.7605634e-01   3.3333333e-01
   1.2728477e-01   1.9718310e-01   6.7605634e-01   3.3333333e-01
   1.1602649e-01   1.9718310e-01   6.7605634e-01   3.3333333e-01
   1.0119205e-01   1.9718310e-01   6.7605634e-01   3.3333333e-01
   9.0066225e-02   6.0563380e-01   6.6197183e-01   1.6666667e-01
   7.8278146e-02   6.0563380e-01   6.4788732e-01   1.6666667e-01
   7.8145695e-02   1.2676056e-01   6.3380282e-01   3.3333333e-01
   7.7086093e-02   9.8591549e-02   6.3380282e-01   3.3333333e-01
   1.0317881e-01   9.8591549e-02   6.0563380e-01   3.3333333e-01
   1.5536424e-01   8.4507042e-02   5.9154930e-01   3.3333333e-01
   2.1761589e-01   2.8169014e-02   6.0563380e-01   5.0000000e-01
   2.8172185e-01   1.4084507e-02   6.0563380e-01   3.3333333e-01
   3.4052980e-01   1.4084507e-02   6.1971831e-01   3.3333333e-01
   3.8000000e-01   1.4084507e-02   6.3380282e-01   3.3333333e-01
   4.0821192e-01   2.8169014e-02   6.3380282e-01   3.3333333e-01
   4.1218543e-01   5.6338028e-02   6.4788732e-01   3.3333333e-01
   3.9801325e-01   4.5070423e-01   6.4788732e-01   1.6666667e-01
   3.7854305e-01   4.5070423e-01   6.6197183e-01   1.6666667e-01
   3.5311258e-01   4.5070423e-01   6.6197183e-01   1.6666667e-01
   3.2807947e-01   4.5070423e-01   6.6197183e-01   1.6666667e-01
   2.9827815e-01   4.5070423e-01   6.7605634e-01   3.3333333e-01
   2.6132450e-01   4.5070423e-01   6.7605634e-01   3.3333333e-01
   2.4490066e-01   4.6478873e-01   6.7605634e-01   3.3333333e-01
   2.1258278e-01   4.6478873e-01   6.7605634e-01   3.3333333e-01
   1.9284768e-01   4.6478873e-01   6.7605634e-01   3.3333333e-01
   1.7509934e-01   4.7887324e-01   6.6197183e-01   3.3333333e-01
   1.6927152e-01   4.9295775e-01   6.6197183e-01   3.3333333e-01
   1.6304636e-01   5.0704225e-01   6.4788732e-01   1.6666667e-01
   1.5788079e-01   5.0704225e-01   6.4788732e-01   1.6666667e-01
   1.4172185e-01   5.2112676e-01   6.1971831e-01   1.6666667e-01
   1.1748344e-01   5.2112676e-01   5.9154930e-01   1.6666667e-01
   9.6026490e-02   5.2112676e-01   5.9154930e-01   1.6666667e-01
   8.1721854e-02   5.3521127e-01   5.9154930e-01   1.6666667e-01
   7.4172185e-02   5.4929577e-01   6.0563380e-01   1.6666667e-01
   6.2119205e-02   5.6338028e-01   6.0563380e-01   1.6666667e-01
   5.4966887e-02   5.7746479e-01   6.1971831e-01   1.6666667e-01
   4.4900662e-02   5.7746479e-01   6.1971831e-01   1.6666667e-01
   4.7814570e-02   5.9154930e-01   6.3380282e-01   1.6666667e-01
   4.3443709e-02   5.9154930e-01   6.3380282e-01   1.6666667e-01
   3.6158940e-02   6.0563380e-01   6.3380282e-01   1.6666667e-01
   4.1589404e-02   6.0563380e-01   6.4788732e-01   1.6666667e-01
   4.2913907e-02   6.1971831e-01   6.4788732e-01   1.6666667e-01
   4.3311258e-02   6.1971831e-01   6.4788732e-01   1.6666667e-01
   4.2781457e-02   6.1971831e-01   6.4788732e-01   1.6666667e-01
   4.7814570e-02   6.1971831e-01   6.4788732e-01   1.6666667e-01
   4.9006623e-02   6.0563380e-01   6.4788732e-01   1.6666667e-01
   5.5231788e-02   6.0563380e-01   6.4788732e-01   1.6666667e-01
   5.6821192e-02   5.9154930e-01   6.4788732e-01   1.6666667e-01
   6.2251656e-02   5.9154930e-01   6.4788732e-01   1.6666667e-01
   6.7417219e-02   5.7746479e-01   6.3380282e-01   1.6666667e-01
   7.6556291e-02   5.6338028e-01   6.3380282e-01   1.6666667e-01
   8.5298013e-02   5.6338028e-01   6.3380282e-01   1.6666667e-01
   9.7350993e-02   5.4929577e-01   6.1971831e-01   1.6666667e-01
   9.3377483e-02   5.3521127e-01   6.1971831e-01   1.6666667e-01
   8.6225166e-02   5.3521127e-01   6.1971831e-01   1.6666667e-01
   8.8874172e-02   5.2112676e-01   6.0563380e-01   1.6666667e-01
   8.6357616e-02   5.0704225e-01   5.9154930e-01   1.6666667e-01
   8.1986755e-02   5.0704225e-01   5.9154930e-01   1.6666667e-01
   8.8211921e-02   4.9295775e-01   5.6338028e-01   1.6666667e-01
   1.5708609e-01   1.8309859e-01   5.3521127e-01   5.0000000e-01
   3.4463576e-01   1.5492958e-01   5.3521127e-01   3.3333333e-01
   5.5589404e-01   1.4084507e-01   5.2112676e-01   1.6666667e-01
   6.8331126e-01   1.4084507e-01   5.0704225e-01   1.6666667e-01
   7.3562914e-01   1.4084507e-01   5.0704225e-01   1.6666667e-01
   7.8635762e-01   1.4084507e-01   5.4929577e-01   1.6666667e-01
   8.8344371e-01   1.4084507e-01   6.1971831e-01   1.6666667e-01
   9.8013245e-01   1.4084507e-01   6.4788732e-01   1.6666667e-01
   1.0000000e+00   1.5492958e-01   6.6197183e-01   1.6666667e-01
   9.5284768e-01   1.6901408e-01   6.7605634e-01   1.6666667e-01
   8.6556291e-01   1.8309859e-01   6.7605634e-01   1.6666667e-01
   7.5523179e-01   1.9718310e-01   6.9014085e-01   1.6666667e-01
   6.2132450e-01   2.1126761e-01   6.9014085e-01   3.3333333e-01
   4.6940397e-01   2.2535211e-01   6.9014085e-01   3.3333333e-01
   3.4649007e-01   4.7887324e-01   6.9014085e-01   1.6666667e-01
   2.7112583e-01   5.0704225e-01   7.0422535e-01   1.6666667e-01
   2.0437086e-01   5.2112676e-01   6.9014085e-01   1.6666667e-01
   1.5403974e-01   5.2112676e-01   6.0563380e-01   1.6666667e-01
   1.0000000e-01   5.3521127e-01   5.9154930e-01   1.6666667e-01
   8.1059603e-02   5.3521127e-01   5.9154930e-01   1.6666667e-01
   6.3443709e-02   5.3521127e-01   5.7746479e-01   1.6666667e-01
   5.1390728e-02   5.3521127e-01   5.7746479e-01   1.6666667e-01
   3.7086093e-02   5.3521127e-01   5.7746479e-01   1.6666667e-01
   2.9536424e-02   5.3521127e-01   5.6338028e-01   1.6666667e-01
   1.8013245e-02   5.4929577e-01   5.4929577e-01   1.6666667e-01
   8.8741722e-03   5.4929577e-01   5.4929577e-01   0.0000000e+00
