   2.5800000e+02
   7.8754890e-02   5.8974359e-01   5.9829060e-01   1.6666667e-01
   1.6040143e-01   5.7264957e-01   6.1538462e-01   1.6666667e-01
   2.5191359e-01   5.6410256e-01   6.2393162e-01   1.6666667e-01
   3.2590577e-01   5.6410256e-01   6.3247863e-01   1.6666667e-01
   3.8118728e-01   5.5555556e-01   6.3247863e-01   1.6666667e-01
   4.0261949e-01   5.5555556e-01   6.4102564e-01   1.6666667e-01
   4.0381017e-01   5.4700855e-01   6.4957265e-01   1.6666667e-01
   3.9870726e-01   5.4700855e-01   6.4957265e-01   1.6666667e-01
   3.8952203e-01   5.4700855e-01   6.4957265e-01   1.6666667e-01
   3.7217214e-01   5.3846154e-01   6.5811966e-01   1.6666667e-01
   3.4546692e-01   5.3846154e-01   6.5811966e-01   3.3333333e-01
   3.0906617e-01   5.3846154e-01   6.5811966e-01   3.3333333e-01
   2.7759823e-01   5.3846154e-01   6.6666667e-01   3.3333333e-01
   2.5259398e-01   5.3846154e-01   6.6666667e-01   3.3333333e-01
   2.3779554e-01   5.3846154e-01   6.6666667e-01   3.3333333e-01
   2.2231672e-01   5.3846154e-01   6.6666667e-01   3.3333333e-01
   2.0156489e-01   5.3846154e-01   6.7521368e-01   3.3333333e-01
   1.8914781e-01   5.4700855e-01   6.7521368e-01   3.3333333e-01
   1.7996258e-01   5.4700855e-01   6.7521368e-01   3.3333333e-01
   1.8030277e-01   5.5555556e-01   6.7521368e-01   3.3333333e-01
   1.7554006e-01   5.5555556e-01   6.7521368e-01   3.3333333e-01
   1.6924647e-01   5.6410256e-01   6.7521368e-01   3.3333333e-01
   1.5921075e-01   5.6410256e-01   6.7521368e-01   3.3333333e-01
   1.6295288e-01   5.7264957e-01   6.7521368e-01   3.3333333e-01
   1.6125191e-01   5.8119658e-01   6.7521368e-01   3.3333333e-01
   1.4764416e-01   5.8974359e-01   6.7521368e-01   3.3333333e-01
   1.3233543e-01   6.4957265e-01   6.7521368e-01   1.6666667e-01
   1.2110903e-01   6.4102564e-01   6.7521368e-01   1.6666667e-01
   1.2944378e-01   6.4102564e-01   6.7521368e-01   1.6666667e-01
   1.4118047e-01   6.4102564e-01   6.7521368e-01   1.6666667e-01
   1.3556727e-01   6.4102564e-01   6.7521368e-01   1.6666667e-01
   1.3403640e-01   6.3247863e-01   6.6666667e-01   1.6666667e-01
   1.3352611e-01   6.3247863e-01   6.6666667e-01   1.6666667e-01
   1.3930941e-01   6.3247863e-01   6.6666667e-01   1.6666667e-01
   1.3573737e-01   6.3247863e-01   6.6666667e-01   1.6666667e-01
   1.2740262e-01   6.3247863e-01   6.6666667e-01   1.6666667e-01
   1.1804729e-01   6.3247863e-01   6.6666667e-01   1.6666667e-01
   1.1906787e-01   6.2393162e-01   6.5811966e-01   1.6666667e-01
   1.3216533e-01   6.1538462e-01   6.5811966e-01   1.6666667e-01
   1.9237966e-01   5.9829060e-01   6.5811966e-01   1.6666667e-01
   2.7793842e-01   5.7264957e-01   6.4957265e-01   1.6666667e-01
   3.5448205e-01   5.6410256e-01   6.4957265e-01   1.6666667e-01
   3.9054261e-01   5.6410256e-01   6.4957265e-01   1.6666667e-01
   4.2013948e-01   5.5555556e-01   6.5811966e-01   1.6666667e-01
   4.3391733e-01   5.5555556e-01   6.5811966e-01   1.6666667e-01
   4.4701480e-01   5.5555556e-01   6.5811966e-01   1.6666667e-01
   4.5279809e-01   5.6410256e-01   6.6666667e-01   1.6666667e-01
   4.4259228e-01   5.6410256e-01   6.6666667e-01   1.6666667e-01
   3.9020242e-01   5.6410256e-01   6.6666667e-01   1.6666667e-01
   3.2012247e-01   5.7264957e-01   6.7521368e-01   1.6666667e-01
   2.5905766e-01   5.7264957e-01   6.7521368e-01   1.6666667e-01
   2.0853887e-01   5.8119658e-01   6.7521368e-01   1.6666667e-01
   1.5529852e-01   6.4957265e-01   6.7521368e-01   1.6666667e-01
   9.1682259e-02   6.5811966e-01   6.8376068e-01   1.6666667e-01
   7.5352951e-02   6.5811966e-01   6.8376068e-01   1.6666667e-01
   7.2971594e-02   6.5811966e-01   6.8376068e-01   1.6666667e-01
   7.1100527e-02   6.5811966e-01   6.8376068e-01   1.6666667e-01
   6.8719170e-02   6.5811966e-01   6.8376068e-01   1.6666667e-01
   6.5827522e-02   6.5811966e-01   6.7521368e-01   1.6666667e-01
   6.3786358e-02   6.5811966e-01   6.7521368e-01   1.6666667e-01
   6.2935873e-02   6.4957265e-01   6.7521368e-01   1.6666667e-01
   6.8549073e-02   6.4957265e-01   6.7521368e-01   1.6666667e-01
   7.1440721e-02   6.4102564e-01   6.6666667e-01   1.6666667e-01
   9.2702841e-02   6.2393162e-01   6.5811966e-01   1.6666667e-01
   1.3131485e-01   6.1538462e-01   6.5811966e-01   1.6666667e-01
   1.9612179e-01   5.9829060e-01   6.5811966e-01   1.6666667e-01
   2.7538697e-01   5.8119658e-01   6.5811966e-01   1.6666667e-01
   3.3066848e-01   5.7264957e-01   6.4957265e-01   1.6666667e-01
   3.5567273e-01   5.7264957e-01   6.4957265e-01   1.6666667e-01
   3.6349719e-01   5.7264957e-01   6.4957265e-01   1.6666667e-01
   3.6740942e-01   5.7264957e-01   6.5811966e-01   1.6666667e-01
   3.6945059e-01   5.7264957e-01   6.5811966e-01   1.6666667e-01
   3.5516244e-01   5.7264957e-01   6.5811966e-01   1.6666667e-01
   3.1621024e-01   5.8119658e-01   6.6666667e-01   1.6666667e-01
   2.6518115e-01   5.8119658e-01   6.6666667e-01   1.6666667e-01
   2.2997108e-01   5.8974359e-01   6.6666667e-01   1.6666667e-01
   1.8438510e-01   6.0683761e-01   6.7521368e-01   1.6666667e-01
   1.4407212e-01   6.4102564e-01   6.7521368e-01   1.6666667e-01
   9.7295458e-02   6.5811966e-01   6.7521368e-01   1.6666667e-01
   8.3347508e-02   6.5811966e-01   6.8376068e-01   1.6666667e-01
   7.1780915e-02   6.5811966e-01   6.8376068e-01   1.6666667e-01
   6.8549073e-02   6.6666667e-01   6.8376068e-01   1.6666667e-01
   7.3992176e-02   6.6666667e-01   6.8376068e-01   1.6666667e-01
   7.2631400e-02   6.6666667e-01   6.8376068e-01   1.6666667e-01
   6.9399558e-02   6.5811966e-01   6.8376068e-01   1.6666667e-01
   6.5147134e-02   6.6666667e-01   6.8376068e-01   1.6666667e-01
   6.7868685e-02   6.6666667e-01   6.8376068e-01   1.6666667e-01
   7.0079946e-02   6.4102564e-01   6.7521368e-01   1.6666667e-01
   8.4368090e-02   6.4102564e-01   6.5811966e-01   1.6666667e-01
   8.8960708e-02   6.3247863e-01   6.5811966e-01   1.6666667e-01
   8.8110223e-02   6.3247863e-01   6.5811966e-01   1.6666667e-01
   9.8996428e-02   6.2393162e-01   6.5811966e-01   1.6666667e-01
   1.1753700e-01   6.1538462e-01   6.5811966e-01   1.6666667e-01
   1.4050009e-01   5.9829060e-01   6.4957265e-01   1.6666667e-01
   1.6057153e-01   5.8974359e-01   6.4957265e-01   1.6666667e-01
   2.2180643e-01   5.5555556e-01   6.4102564e-01   1.6666667e-01
   2.6245960e-01   5.4700855e-01   6.3247863e-01   1.6666667e-01
   2.7521687e-01   5.4700855e-01   6.3247863e-01   1.6666667e-01
   2.6058854e-01   5.4700855e-01   6.2393162e-01   1.6666667e-01
   2.2997108e-01   5.4700855e-01   6.2393162e-01   1.6666667e-01
   1.9782276e-01   5.4700855e-01   6.0683761e-01   1.6666667e-01
   1.6873618e-01   5.5555556e-01   5.9829060e-01   1.6666667e-01
   1.4560299e-01   5.6410256e-01   5.9829060e-01   1.6666667e-01
   1.4696377e-01   5.6410256e-01   6.0683761e-01   1.6666667e-01
   1.8047287e-01   5.7264957e-01   6.2393162e-01   1.6666667e-01
   2.4306855e-01   5.8119658e-01   6.4957265e-01   1.6666667e-01
   3.0311277e-01   5.8119658e-01   6.5811966e-01   1.6666667e-01
   3.2845722e-01   5.8974359e-01   6.6666667e-01   1.6666667e-01
   3.2284402e-01   5.8974359e-01   6.7521368e-01   1.6666667e-01
   3.1604014e-01   5.9829060e-01   6.7521368e-01   1.6666667e-01
   2.8933492e-01   6.0683761e-01   6.8376068e-01   1.6666667e-01
   2.5786698e-01   6.1538462e-01   6.8376068e-01   1.6666667e-01
   2.2248682e-01   6.2393162e-01   6.9230769e-01   1.6666667e-01
   1.8557578e-01   6.4102564e-01   6.9230769e-01   1.6666667e-01
   1.5972104e-01   6.5811966e-01   7.0085470e-01   1.6666667e-01
   1.2808301e-01   6.6666667e-01   7.0085470e-01   1.6666667e-01
   1.1090321e-01   6.7521368e-01   7.0085470e-01   1.6666667e-01
   1.0971254e-01   6.7521368e-01   7.0085470e-01   1.6666667e-01
   1.0511992e-01   6.8376068e-01   7.0085470e-01   1.6666667e-01
   1.0239837e-01   6.8376068e-01   7.0940171e-01   1.6666667e-01
   9.4744004e-02   6.8376068e-01   7.0940171e-01   1.6666667e-01
   9.3723422e-02   6.8376068e-01   7.0940171e-01   1.6666667e-01
   9.2362647e-02   6.8376068e-01   7.0940171e-01   1.6666667e-01
   8.8280320e-02   6.8376068e-01   7.0940171e-01   1.6666667e-01
   8.0625957e-02   6.7521368e-01   7.0085470e-01   1.6666667e-01
   6.8719170e-02   6.7521368e-01   7.0085470e-01   1.6666667e-01
   6.2255486e-02   6.8376068e-01   7.0085470e-01   1.6666667e-01
   5.2900153e-02   6.8376068e-01   6.9230769e-01   1.6666667e-01
   6.4126552e-02   6.6239316e-01   6.7521368e-01   0.0000000e+00
   9.6785168e-02   6.4102564e-01   6.5811966e-01   1.6666667e-01
   1.6023133e-01   6.3247863e-01   6.6666667e-01   1.6666667e-01
   2.5378466e-01   5.9829060e-01   6.6666667e-01   1.6666667e-01
   3.2760674e-01   5.9829060e-01   6.7521368e-01   1.6666667e-01
   3.7574417e-01   5.8974359e-01   6.7521368e-01   1.6666667e-01
   3.9479503e-01   5.8974359e-01   6.8376068e-01   1.6666667e-01
   4.1010376e-01   5.8974359e-01   6.8376068e-01   1.6666667e-01
   4.1418609e-01   5.9829060e-01   6.9230769e-01   1.6666667e-01
   3.8458922e-01   5.9829060e-01   6.9230769e-01   1.6666667e-01
   3.3083858e-01   5.9829060e-01   7.0085470e-01   1.6666667e-01
   2.7776833e-01   6.0683761e-01   7.0085470e-01   1.6666667e-01
   2.3252254e-01   6.1538462e-01   7.0085470e-01   1.6666667e-01
   1.8149345e-01   6.3247863e-01   7.0940171e-01   1.6666667e-01
   1.4288144e-01   6.8376068e-01   7.0940171e-01   1.6666667e-01
   1.0920225e-01   6.9230769e-01   7.1794872e-01   1.6666667e-01
   1.0682089e-01   6.9230769e-01   7.1794872e-01   1.6666667e-01
   1.1328457e-01   6.9230769e-01   7.1794872e-01   1.6666667e-01
   1.3012417e-01   6.8376068e-01   7.1794872e-01   1.6666667e-01
   1.4050009e-01   6.8376068e-01   7.1794872e-01   1.6666667e-01
   1.4849464e-01   6.7521368e-01   7.1794872e-01   1.6666667e-01
   1.5325736e-01   6.6666667e-01   7.1794872e-01   1.6666667e-01
   1.5376765e-01   6.6666667e-01   7.1794872e-01   1.6666667e-01
   1.5870046e-01   6.5811966e-01   7.1794872e-01   1.6666667e-01
   1.5240687e-01   6.5811966e-01   7.0940171e-01   1.6666667e-01
   1.3335601e-01   6.4957265e-01   7.0085470e-01   1.6666667e-01
   1.1940806e-01   6.4957265e-01   6.9230769e-01   1.6666667e-01
   1.0988263e-01   6.4957265e-01   6.8376068e-01   1.6666667e-01
   9.7805749e-02   6.4102564e-01   6.7521368e-01   1.6666667e-01
   8.3857799e-02   6.4102564e-01   6.6666667e-01   1.6666667e-01
   7.6203436e-02   6.4102564e-01   6.5811966e-01   1.6666667e-01
   6.6678006e-02   6.3247863e-01   6.4957265e-01   1.6666667e-01
   6.8378976e-02   6.2393162e-01   6.4957265e-01   1.6666667e-01
   6.9229461e-02   6.2393162e-01   6.4102564e-01   1.6666667e-01
   6.1915292e-02   6.1538462e-01   6.4102564e-01   1.6666667e-01
   5.7832965e-02   6.1538462e-01   6.3247863e-01   1.6666667e-01
   4.8477632e-02   6.1538462e-01   6.3247863e-01   1.6666667e-01
   4.3885014e-02   6.2393162e-01   6.3247863e-01   1.6666667e-01
   7.1780915e-02   6.2393162e-01   6.3247863e-01   1.6666667e-01
   1.8965811e-01   6.1538462e-01   7.0085470e-01   1.6666667e-01
   3.3747236e-01   6.1538462e-01   7.0940171e-01   1.6666667e-01
   4.2524239e-01   6.1538462e-01   7.1794872e-01   1.6666667e-01
   4.4106141e-01   6.1538462e-01   7.1794872e-01   1.6666667e-01
   4.4157170e-01   6.1538462e-01   7.2649573e-01   1.6666667e-01
   4.2949481e-01   6.2393162e-01   7.2649573e-01   1.6666667e-01
   4.0449056e-01   6.3247863e-01   7.2649573e-01   1.6666667e-01
   3.6536826e-01   6.3247863e-01   7.3504274e-01   1.6666667e-01
   3.0770539e-01   6.4102564e-01   7.3504274e-01   1.6666667e-01
   2.4817146e-01   6.4957265e-01   7.3504274e-01   1.6666667e-01
   2.0088450e-01   6.4957265e-01   7.2649573e-01   1.6666667e-01
   1.6210240e-01   6.4957265e-01   7.0940171e-01   1.6666667e-01
   1.2042864e-01   6.4957265e-01   6.9230769e-01   1.6666667e-01
   7.4502466e-02   6.6666667e-01   6.7521368e-01   1.6666667e-01
   5.2049668e-02   6.5527066e-01   6.6096866e-01   0.0000000e+00
   3.0617452e-02   6.4387464e-01   6.4672365e-01   0.0000000e+00
   3.9122300e-02   6.3247863e-01   6.3247863e-01   1.6666667e-01
   4.3885014e-02   6.2393162e-01   6.3247863e-01   1.6666667e-01
   6.3276067e-02   6.2393162e-01   6.4102564e-01   1.6666667e-01
   8.0455860e-02   6.2393162e-01   6.4102564e-01   1.6666667e-01
   1.0971254e-01   6.2393162e-01   6.4957265e-01   1.6666667e-01
   1.5393774e-01   6.2393162e-01   6.6666667e-01   1.6666667e-01
   1.9561150e-01   6.3247863e-01   6.8376068e-01   1.6666667e-01
   2.2248682e-01   6.3247863e-01   6.8376068e-01   1.6666667e-01
   2.1670352e-01   6.3247863e-01   6.9230769e-01   1.6666667e-01
   2.0853887e-01   6.4102564e-01   7.0085470e-01   1.6666667e-01
   1.8251403e-01   6.4957265e-01   7.0085470e-01   1.6666667e-01
   1.6312298e-01   6.5811966e-01   7.0940171e-01   1.6666667e-01
   1.4169076e-01   6.6666667e-01   7.0940171e-01   1.6666667e-01
   1.1821738e-01   6.8376068e-01   7.1794872e-01   1.6666667e-01
   1.0188808e-01   6.9230769e-01   7.1794872e-01   1.6666667e-01
   8.0796054e-02   7.0085470e-01   7.1794872e-01   1.6666667e-01
   8.1476442e-02   7.0085470e-01   7.2649573e-01   1.6666667e-01
   7.3651982e-02   7.0085470e-01   7.2649573e-01   1.6666667e-01
   7.3141691e-02   7.0940171e-01   7.2649573e-01   1.6666667e-01
   8.0796054e-02   7.0940171e-01   7.2649573e-01   1.6666667e-01
   8.1136248e-02   7.0940171e-01   7.2649573e-01   1.6666667e-01
   7.9945569e-02   7.0940171e-01   7.3504274e-01   1.6666667e-01
   7.8754890e-02   7.0940171e-01   7.3504274e-01   1.6666667e-01
   7.8244599e-02   7.0085470e-01   7.3504274e-01   1.6666667e-01
   7.6713727e-02   7.0085470e-01   7.3504274e-01   1.6666667e-01
   7.9095084e-02   7.0085470e-01   7.2649573e-01   1.6666667e-01
   7.3992176e-02   7.0085470e-01   7.2649573e-01   1.6666667e-01
   6.8378976e-02   7.0085470e-01   7.1794872e-01   1.6666667e-01
   5.8173159e-02   7.0085470e-01   7.1794872e-01   1.6666667e-01
   5.3410444e-02   7.0085470e-01   7.1794872e-01   1.6666667e-01
   4.2694336e-02   7.0085470e-01   7.0940171e-01   1.6666667e-01
   3.9972784e-02   7.0085470e-01   7.0085470e-01   1.6666667e-01
   3.7761524e-02   7.0085470e-01   7.0085470e-01   1.6666667e-01
   3.5720361e-02   6.9610636e-01   6.9800570e-01   0.0000000e+00
   3.3339003e-02   6.9135802e-01   6.9515670e-01   0.0000000e+00
   2.5854737e-02   6.8660969e-01   6.9230769e-01   0.0000000e+00
   2.2963089e-02   6.8186135e-01   6.8945869e-01   0.0000000e+00
   1.2417078e-02   6.7711301e-01   6.8660969e-01   0.0000000e+00
   0.0000000e+00   6.7236467e-01   6.8376068e-01   0.0000000e+00
   1.7009696e-04   6.6761633e-01   6.8091168e-01   0.0000000e+00
   6.9739752e-03   6.6286800e-01   6.7806268e-01   0.0000000e+00
   5.8513353e-02   6.5811966e-01   6.7521368e-01   1.6666667e-01
   1.2706243e-01   6.4957265e-01   6.9230769e-01   1.6666667e-01
   2.0768838e-01   6.4102564e-01   7.0085470e-01   1.6666667e-01
   2.7181493e-01   6.3247863e-01   7.0085470e-01   1.6666667e-01
   2.9358734e-01   6.3247863e-01   7.0940171e-01   1.6666667e-01
   2.9103589e-01   6.2393162e-01   7.0940171e-01   1.6666667e-01
   2.9307705e-01   6.2393162e-01   7.0940171e-01   1.6666667e-01
   2.9001531e-01   6.2393162e-01   7.1794872e-01   1.6666667e-01
   2.7912910e-01   6.2393162e-01   7.1794872e-01   1.6666667e-01
   2.8117027e-01   6.2393162e-01   7.1794872e-01   3.3333333e-01
   3.2913761e-01   6.2393162e-01   9.5726496e-01   5.0000000e-01
   3.7234224e-01   6.2393162e-01   9.6581197e-01   5.0000000e-01
   4.4089131e-01   6.2393162e-01   9.7435897e-01   5.0000000e-01
   5.0314679e-01   6.3247863e-01   9.8290598e-01   5.0000000e-01
   5.8105120e-01   6.3247863e-01   9.9145299e-01   3.3333333e-01
   6.1217894e-01   6.3247863e-01   9.9145299e-01   3.3333333e-01
   6.1200885e-01   6.4102564e-01   9.9145299e-01   3.3333333e-01
   6.0350400e-01   6.4102564e-01   1.0000000e+00   3.3333333e-01
   6.0979758e-01   6.4957265e-01   1.0000000e+00   3.3333333e-01
   6.7579520e-01   6.4957265e-01   1.0000000e+00   3.3333333e-01
   7.8295629e-01   6.5811966e-01   9.9145299e-01   3.3333333e-01
   9.0287464e-01   6.6666667e-01   9.6581197e-01   3.3333333e-01
   9.8145943e-01   6.7521368e-01   9.5726496e-01   1.6666667e-01
   1.0000000e+00   6.7521368e-01   9.5726496e-01   1.6666667e-01
   9.1001871e-01   6.8376068e-01   9.4871795e-01   1.6666667e-01
   7.6934853e-01   6.9230769e-01   9.4017094e-01   1.6666667e-01
   6.3871407e-01   7.0085470e-01   9.3162393e-01   1.6666667e-01
   5.2202756e-01   7.1794872e-01   8.9743590e-01   1.6666667e-01
   3.9190338e-01   7.4358974e-01   8.8034188e-01   1.6666667e-01
   2.5191359e-01   7.8632479e-01   8.4615385e-01   1.6666667e-01
   1.4424222e-01   7.9487179e-01   8.3760684e-01   1.6666667e-01
   1.0597040e-01   8.0341880e-01   8.2905983e-01   1.6666667e-01
   7.0079946e-02   8.1196581e-01   8.2051282e-01   1.6666667e-01
   4.2013948e-02   8.1196581e-01   8.2051282e-01   0.0000000e+00
