   1.2400000e+02
   6.6592428e-02   5.5555556e-01   6.1111111e-01   0.0000000e+00
   1.7082405e-01   5.5555556e-01   6.1111111e-01   1.6666667e-01
   2.9109131e-01   5.4166667e-01   6.2500000e-01   1.6666667e-01
   3.8552339e-01   5.2777778e-01   6.3888889e-01   1.6666667e-01
   4.5590200e-01   5.2777778e-01   6.3888889e-01   1.6666667e-01
   4.9465479e-01   5.1388889e-01   6.5277778e-01   1.6666667e-01
   4.9198218e-01   5.1388889e-01   6.5277778e-01   1.6666667e-01
   4.7527840e-01   5.1388889e-01   6.6666667e-01   1.6666667e-01
   4.4187082e-01   5.1388889e-01   6.6666667e-01   1.6666667e-01
   3.9042316e-01   5.1388889e-01   6.6666667e-01   1.6666667e-01
   3.2717149e-01   5.0000000e-01   6.6666667e-01   3.3333333e-01
   2.8173719e-01   5.1388889e-01   6.6666667e-01   3.3333333e-01
   2.4810690e-01   5.1388889e-01   6.8055556e-01   3.3333333e-01
   2.2227171e-01   5.1388889e-01   6.8055556e-01   3.3333333e-01
   2.0378619e-01   5.1388889e-01   6.8055556e-01   3.3333333e-01
   1.9688196e-01   5.1388889e-01   6.8055556e-01   3.3333333e-01
   1.9198218e-01   5.1388889e-01   6.6666667e-01   3.3333333e-01
   2.0601336e-01   5.1388889e-01   6.6666667e-01   3.3333333e-01
   2.3853007e-01   5.1388889e-01   6.6666667e-01   3.3333333e-01
   2.7750557e-01   5.2777778e-01   6.5277778e-01   1.6666667e-01
   2.9086860e-01   5.2777778e-01   6.5277778e-01   1.6666667e-01
   2.7728285e-01   5.4166667e-01   6.3888889e-01   1.6666667e-01
   2.5345212e-01   5.4166667e-01   6.3888889e-01   1.6666667e-01
   2.8440980e-01   5.2777778e-01   6.2500000e-01   1.6666667e-01
   4.1559020e-01   4.1666667e-01   6.2500000e-01   3.3333333e-01
   6.3808463e-01   3.7500000e-01   6.1111111e-01   1.6666667e-01
   8.0200445e-01   3.6111111e-01   5.9722222e-01   1.6666667e-01
   8.9109131e-01   3.3333333e-01   5.9722222e-01   1.6666667e-01
   9.5968820e-01   3.1944444e-01   5.9722222e-01   1.6666667e-01
   1.0000000e+00   3.0555556e-01   5.9722222e-01   1.6666667e-01
   9.8908686e-01   2.6388889e-01   6.1111111e-01   1.6666667e-01
   8.8708241e-01   2.3611111e-01   6.1111111e-01   1.6666667e-01
   7.5634744e-01   2.3611111e-01   6.1111111e-01   1.6666667e-01
   5.7349666e-01   2.3611111e-01   6.2500000e-01   3.3333333e-01
   3.3630290e-01   3.6111111e-01   6.2500000e-01   3.3333333e-01
   1.1180401e-01   5.9722222e-01   6.2500000e-01   1.6666667e-01
   8.5968820e-02   5.9722222e-01   6.2500000e-01   1.6666667e-01
   7.5946548e-02   6.1111111e-01   6.3888889e-01   1.6666667e-01
   6.6369710e-02   6.1111111e-01   6.3888889e-01   1.6666667e-01
   5.9465479e-02   6.2500000e-01   6.3888889e-01   1.6666667e-01
   4.6325167e-02   6.2500000e-01   6.3888889e-01   1.6666667e-01
   3.6748330e-02   6.2500000e-01   6.3888889e-01   1.6666667e-01
   3.1180401e-02   6.3888889e-01   6.3888889e-01   1.6666667e-01
   2.0489978e-02   6.3095238e-01   6.3591270e-01   0.0000000e+00
   9.3541203e-03   6.2301587e-01   6.3293651e-01   0.0000000e+00
   6.6815145e-03   6.1507937e-01   6.2996032e-01   0.0000000e+00
   7.1269488e-03   6.0714286e-01   6.2698413e-01   0.0000000e+00
   7.1269488e-03   5.9920635e-01   6.2400794e-01   0.0000000e+00
   7.1269488e-03   5.9126984e-01   6.2103175e-01   0.0000000e+00
   7.1269488e-03   5.8333333e-01   6.1805556e-01   0.0000000e+00
   7.1269488e-03   5.7539683e-01   6.1507937e-01   0.0000000e+00
   7.1269488e-03   5.6746032e-01   6.1210317e-01   0.0000000e+00
   7.1269488e-03   5.5952381e-01   6.0912698e-01   0.0000000e+00
   7.1269488e-03   5.5158730e-01   6.0615079e-01   0.0000000e+00
   0.0000000e+00   5.4365079e-01   6.0317460e-01   0.0000000e+00
   5.6570156e-02   5.3571429e-01   6.0019841e-01   0.0000000e+00
   1.9354120e-01   5.2777778e-01   5.9722222e-01   1.6666667e-01
   3.2449889e-01   5.1388889e-01   6.1111111e-01   1.6666667e-01
   4.0022272e-01   5.1388889e-01   6.2500000e-01   1.6666667e-01
   4.5367483e-01   5.0000000e-01   6.3888889e-01   1.6666667e-01
   4.6592428e-01   5.0000000e-01   6.3888889e-01   1.6666667e-01
   4.4543430e-01   5.0000000e-01   6.5277778e-01   1.6666667e-01
   4.0645880e-01   5.0000000e-01   6.5277778e-01   1.6666667e-01
   3.5322940e-01   5.1388889e-01   6.5277778e-01   1.6666667e-01
   3.0601336e-01   5.0000000e-01   6.5277778e-01   1.6666667e-01
   2.6013363e-01   5.0000000e-01   6.6666667e-01   3.3333333e-01
   2.2538976e-01   4.8611111e-01   6.6666667e-01   3.3333333e-01
   2.1403118e-01   4.8611111e-01   6.6666667e-01   3.3333333e-01
   2.2806236e-01   4.8611111e-01   6.6666667e-01   3.3333333e-01
   2.5968820e-01   5.0000000e-01   6.6666667e-01   3.3333333e-01
   2.8619154e-01   5.0000000e-01   6.6666667e-01   3.3333333e-01
   3.1514477e-01   5.0000000e-01   6.6666667e-01   3.3333333e-01
   3.6458797e-01   5.0000000e-01   6.5277778e-01   1.6666667e-01
   3.9532294e-01   5.1388889e-01   6.5277778e-01   1.6666667e-01
   3.9086860e-01   5.1388889e-01   6.3888889e-01   1.6666667e-01
   3.7327394e-01   5.1388889e-01   6.2500000e-01   1.6666667e-01
   3.5657016e-01   5.1388889e-01   6.2500000e-01   1.6666667e-01
   3.4899777e-01   5.1388889e-01   6.2500000e-01   1.6666667e-01
   3.5211581e-01   5.2777778e-01   6.2500000e-01   1.6666667e-01
   3.6057906e-01   5.2777778e-01   6.2500000e-01   1.6666667e-01
   3.6547884e-01   5.2777778e-01   6.3888889e-01   1.6666667e-01
   3.5367483e-01   5.4166667e-01   6.3888889e-01   1.6666667e-01
   3.0311804e-01   5.5555556e-01   6.5277778e-01   1.6666667e-01
   2.5233853e-01   5.6944444e-01   6.5277778e-01   1.6666667e-01
   2.0133630e-01   5.9722222e-01   6.6666667e-01   1.6666667e-01
   1.4988864e-01   6.2500000e-01   6.6666667e-01   1.6666667e-01
   1.1113586e-01   6.3888889e-01   6.6666667e-01   1.6666667e-01
   9.0200445e-02   6.3888889e-01   6.6666667e-01   1.6666667e-01
   7.0601336e-02   6.5277778e-01   6.6666667e-01   1.6666667e-01
   5.9242762e-02   6.5277778e-01   6.8055556e-01   1.6666667e-01
   4.8329621e-02   6.6666667e-01   6.6666667e-01   1.6666667e-01
   3.7861915e-02   6.6666667e-01   6.6666667e-01   1.6666667e-01
   3.4966592e-02   8.3333333e-01   8.3333333e-01   0.0000000e+00
   5.4788419e-02   1.0000000e+00   1.0000000e+00   1.6666667e-01
   1.0556793e-01   6.3888889e-01   1.0000000e+00   3.3333333e-01
   1.8530067e-01   6.2500000e-01   1.0000000e+00   3.3333333e-01
   2.8307350e-01   5.8333333e-01   1.0000000e+00   3.3333333e-01
   3.7305122e-01   5.6944444e-01   1.0000000e+00   3.3333333e-01
   4.3630290e-01   5.5555556e-01   1.0000000e+00   3.3333333e-01
   4.7639198e-01   5.4166667e-01   1.0000000e+00   3.3333333e-01
   4.8953229e-01   5.4166667e-01   9.7222222e-01   3.3333333e-01
   4.9265033e-01   5.4166667e-01   9.5833333e-01   3.3333333e-01
   4.9621381e-01   5.5555556e-01   9.4444444e-01   3.3333333e-01
   4.9064588e-01   5.5555556e-01   9.3055556e-01   3.3333333e-01
   4.7438753e-01   5.6944444e-01   9.3055556e-01   3.3333333e-01
   4.3919822e-01   5.8333333e-01   9.1666667e-01   3.3333333e-01
   3.9643653e-01   6.1111111e-01   9.1666667e-01   3.3333333e-01
   3.5523385e-01   6.2500000e-01   9.0277778e-01   3.3333333e-01
   3.1893096e-01   6.2500000e-01   9.0277778e-01   3.3333333e-01
   3.2561247e-01   6.3888889e-01   1.0000000e+00   5.0000000e-01
   3.5055679e-01   6.3888889e-01   1.0000000e+00   5.0000000e-01
   4.4632517e-01   6.3888889e-01   1.0000000e+00   5.0000000e-01
   5.8374165e-01   6.3888889e-01   1.0000000e+00   3.3333333e-01
   7.5211581e-01   6.2500000e-01   9.8611111e-01   5.0000000e-01
   8.9420935e-01   6.1111111e-01   9.4444444e-01   1.6666667e-01
   9.3964365e-01   5.9722222e-01   9.3055556e-01   3.3333333e-01
   9.0022272e-01   5.8333333e-01   8.8888889e-01   1.6666667e-01
   8.3652561e-01   5.6944444e-01   8.6111111e-01   1.6666667e-01
   7.7416481e-01   5.4166667e-01   8.4722222e-01   1.6666667e-01
   6.6792873e-01   5.4166667e-01   8.3333333e-01   1.6666667e-01
   5.2138085e-01   5.4166667e-01   8.0555556e-01   1.6666667e-01
   3.7416481e-01   5.4166667e-01   7.9166667e-01   3.3333333e-01
   2.4565702e-01   5.5555556e-01   7.9166667e-01   3.3333333e-01
   1.3541203e-01   5.6944444e-01   7.7777778e-01   3.3333333e-01
