   2.2100000e+02
   3.5814214e-02   5.2631579e-01   5.2631579e-01   1.6666667e-01
   5.5400112e-02   5.0877193e-01   5.4385965e-01   1.6666667e-01
   8.1001679e-02   5.0877193e-01   5.4385965e-01   1.6666667e-01
   1.0310576e-01   5.0877193e-01   5.6140351e-01   1.6666667e-01
   1.5039172e-01   5.0877193e-01   5.7894737e-01   1.6666667e-01
   2.4846111e-01   5.0877193e-01   7.0175439e-01   1.6666667e-01
   3.3058198e-01   5.0877193e-01   7.1929825e-01   1.6666667e-01
   3.6135982e-01   5.0877193e-01   7.1929825e-01   1.6666667e-01
   3.5506435e-01   5.2631579e-01   7.3684211e-01   1.6666667e-01
   3.3268047e-01   5.2631579e-01   7.3684211e-01   1.6666667e-01
   3.0665921e-01   5.4385965e-01   7.5438596e-01   1.6666667e-01
   2.7196419e-01   5.6140351e-01   7.3684211e-01   1.6666667e-01
   2.3531058e-01   5.7894737e-01   7.3684211e-01   1.6666667e-01
   2.0201455e-01   5.7894737e-01   7.3684211e-01   1.6666667e-01
   1.7095691e-01   5.9649123e-01   7.1929825e-01   1.6666667e-01
   1.4241746e-01   5.9649123e-01   7.0175439e-01   1.6666667e-01
   1.1779519e-01   5.9649123e-01   6.8421053e-01   1.6666667e-01
   1.0016788e-01   5.7894737e-01   6.6666667e-01   1.6666667e-01
   8.7297146e-02   5.7894737e-01   6.6666667e-01   1.6666667e-01
   7.3447118e-02   5.6140351e-01   6.3157895e-01   1.6666667e-01
   6.7571349e-02   5.4385965e-01   6.1403509e-01   1.6666667e-01
   6.8830442e-02   5.2631579e-01   5.7894737e-01   1.6666667e-01
   7.4846111e-02   5.2631579e-01   5.7894737e-01   1.6666667e-01
   8.3240067e-02   5.2631579e-01   5.7894737e-01   1.6666667e-01
   9.7929491e-02   5.2631579e-01   5.7894737e-01   1.6666667e-01
   1.1611640e-01   5.2631579e-01   6.1403509e-01   1.6666667e-01
   1.4423615e-01   5.2631579e-01   6.4912281e-01   1.6666667e-01
   1.6004477e-01   5.4385965e-01   6.6666667e-01   1.6666667e-01
   1.5430890e-01   5.6140351e-01   6.8421053e-01   1.6666667e-01
   1.4017907e-01   5.6140351e-01   6.8421053e-01   1.6666667e-01
   1.2618914e-01   5.9649123e-01   7.0175439e-01   1.6666667e-01
   1.0422496e-01   6.1403509e-01   7.0175439e-01   1.6666667e-01
   8.2260772e-02   6.3157895e-01   7.1929825e-01   1.6666667e-01
   6.2395076e-02   6.6666667e-01   7.1929825e-01   1.6666667e-01
   4.8964745e-02   6.8421053e-01   7.1929825e-01   1.6666667e-01
   4.3508674e-02   7.0175439e-01   7.3684211e-01   1.6666667e-01
   3.5954113e-02   7.0175439e-01   7.3684211e-01   1.6666667e-01
   3.1477336e-02   7.1929825e-01   7.3684211e-01   1.6666667e-01
   2.3922776e-02   7.1929825e-01   7.3684211e-01   1.6666667e-01
   1.7207611e-02   7.1177945e-01   7.2932331e-01   0.0000000e+00
   1.4549524e-02   7.0426065e-01   7.2180451e-01   0.0000000e+00
   7.9742585e-03   6.9674185e-01   7.1428571e-01   0.0000000e+00
   8.3939564e-04   6.8922306e-01   7.0676692e-01   0.0000000e+00
   9.5131505e-03   6.8170426e-01   6.9924812e-01   0.0000000e+00
   2.6301063e-02   6.7418546e-01   6.9172932e-01   0.0000000e+00
   3.3575825e-02   6.6666667e-01   6.8421053e-01   1.6666667e-01
   3.6653609e-02   6.6666667e-01   6.8421053e-01   1.6666667e-01
   3.9731393e-02   6.4912281e-01   6.8421053e-01   1.6666667e-01
   3.9451595e-02   6.4912281e-01   6.8421053e-01   1.6666667e-01
   3.3435926e-02   6.4912281e-01   6.4912281e-01   1.6666667e-01
   3.2596530e-02   6.4912281e-01   6.4912281e-01   1.6666667e-01
   3.1617236e-02   6.4912281e-01   6.4912281e-01   1.6666667e-01
   3.2736430e-02   6.3157895e-01   6.3742690e-01   0.0000000e+00
   3.3855624e-02   6.1403509e-01   6.2573099e-01   0.0000000e+00
   5.1622832e-02   5.9649123e-01   6.1403509e-01   1.6666667e-01
   1.7529379e-01   3.8596491e-01   6.1403509e-01   3.3333333e-01
   4.2767208e-01   2.4561404e-01   6.1403509e-01   1.6666667e-01
   6.2115277e-01   2.1052632e-01   6.1403509e-01   1.6666667e-01
   7.2999440e-01   1.5789474e-01   6.1403509e-01   1.6666667e-01
   8.0484051e-01   1.0526316e-01   6.1403509e-01   1.6666667e-01
   8.7171237e-01   7.0175439e-02   6.1403509e-01   1.6666667e-01
   8.7870733e-01   0.0000000e+00   6.3157895e-01   1.6666667e-01
   8.4247342e-01   0.0000000e+00   6.3157895e-01   1.6666667e-01
   7.9490767e-01   0.0000000e+00   6.4912281e-01   1.6666667e-01
   7.1180750e-01   0.0000000e+00   6.4912281e-01   1.6666667e-01
   5.9653050e-01   0.0000000e+00   6.6666667e-01   3.3333333e-01
   4.7271964e-01   0.0000000e+00   6.6666667e-01   3.3333333e-01
   3.7101287e-01   3.3333333e-01   6.6666667e-01   1.6666667e-01
   3.2386682e-01   3.3333333e-01   6.8421053e-01   3.3333333e-01
   2.9448797e-01   3.1578947e-01   6.8421053e-01   3.3333333e-01
   2.8665361e-01   2.8070175e-01   6.8421053e-01   3.3333333e-01
   2.8609401e-01   2.4561404e-01   6.8421053e-01   3.3333333e-01
   2.8133744e-01   2.2807018e-01   7.0175439e-01   5.0000000e-01
   3.0428092e-01   1.5789474e-01   7.0175439e-01   3.3333333e-01
   3.0679910e-01   1.4035088e-01   7.0175439e-01   3.3333333e-01
   3.0134303e-01   1.2280702e-01   7.0175439e-01   3.3333333e-01
   2.9560716e-01   1.0526316e-01   7.0175439e-01   3.3333333e-01
   3.2008954e-01   0.0000000e+00   6.8421053e-01   5.0000000e-01
   3.1855064e-01   0.0000000e+00   6.8421053e-01   3.3333333e-01
   2.8847230e-01   0.0000000e+00   6.6666667e-01   3.3333333e-01
   2.7825965e-01   0.0000000e+00   6.4912281e-01   3.3333333e-01
   2.7518187e-01   0.0000000e+00   6.3157895e-01   3.3333333e-01
   3.0176273e-01   3.5087719e-02   6.3157895e-01   3.3333333e-01
   3.0917739e-01   4.3859649e-01   6.3157895e-01   1.6666667e-01
   2.9854505e-01   4.3859649e-01   6.1403509e-01   1.6666667e-01
   3.0595971e-01   4.3859649e-01   6.1403509e-01   1.6666667e-01
   3.0847790e-01   4.3859649e-01   6.1403509e-01   1.6666667e-01
   2.9280918e-01   4.3859649e-01   6.3157895e-01   1.6666667e-01
   2.6594852e-01   4.5614035e-01   6.3157895e-01   1.6666667e-01
   2.5685506e-01   1.4035088e-01   6.3157895e-01   3.3333333e-01
   2.4622272e-01   1.4035088e-01   6.4912281e-01   3.3333333e-01
   2.1768327e-01   1.4035088e-01   6.4912281e-01   5.0000000e-01
   1.7907107e-01   1.4035088e-01   6.4912281e-01   3.3333333e-01
   1.4689424e-01   1.5789474e-01   6.4912281e-01   3.3333333e-01
   1.3290431e-01   1.5789474e-01   6.6666667e-01   3.3333333e-01
   1.1737549e-01   1.7543860e-01   6.6666667e-01   3.3333333e-01
   9.8489088e-02   1.9298246e-01   6.6666667e-01   3.3333333e-01
   8.5618355e-02   5.9649123e-01   6.6666667e-01   1.6666667e-01
   8.4918858e-02   5.7894737e-01   6.6666667e-01   1.6666667e-01
   9.3312815e-02   5.6140351e-01   6.4912281e-01   1.6666667e-01
   9.8768886e-02   5.6140351e-01   6.3157895e-01   1.6666667e-01
   1.0128707e-01   5.4385965e-01   6.3157895e-01   1.6666667e-01
   1.0338556e-01   5.2631579e-01   6.1403509e-01   1.6666667e-01
   1.1359821e-01   5.0877193e-01   6.1403509e-01   1.6666667e-01
   1.3626189e-01   4.9122807e-01   5.9649123e-01   1.6666667e-01
   1.5780638e-01   4.5614035e-01   5.9649123e-01   1.6666667e-01
   1.7655288e-01   4.3859649e-01   5.7894737e-01   1.6666667e-01
   1.8368774e-01   4.3859649e-01   5.6140351e-01   1.6666667e-01
   1.8676553e-01   4.3859649e-01   5.6140351e-01   1.6666667e-01
   2.0411304e-01   4.3859649e-01   5.6140351e-01   1.6666667e-01
   2.6315053e-01   4.3859649e-01   8.0701754e-01   3.3333333e-01
   3.6052043e-01   4.5614035e-01   8.0701754e-01   1.6666667e-01
   4.5299384e-01   4.5614035e-01   8.2456140e-01   1.6666667e-01
   4.9440403e-01   4.7368421e-01   8.2456140e-01   1.6666667e-01
   4.6824287e-01   5.0877193e-01   8.2456140e-01   1.6666667e-01
   4.1983772e-01   5.2631579e-01   8.2456140e-01   1.6666667e-01
   3.6415781e-01   5.4385965e-01   7.8947368e-01   1.6666667e-01
   2.9588696e-01   5.4385965e-01   7.7192982e-01   1.6666667e-01
   2.2216004e-01   5.6140351e-01   7.5438596e-01   1.6666667e-01
   1.6018467e-01   5.7894737e-01   7.3684211e-01   1.6666667e-01
   1.0548405e-01   6.1403509e-01   7.1929825e-01   1.6666667e-01
   5.6519306e-02   6.6666667e-01   6.8421053e-01   1.6666667e-01
   1.9026301e-02   6.2807018e-01   6.4561404e-01   0.0000000e+00
   0.0000000e+00   5.8947368e-01   6.0701754e-01   0.0000000e+00
   2.3782876e-03   5.5087719e-01   5.6842105e-01   0.0000000e+00
   2.3782876e-03   5.1228070e-01   5.2982456e-01   0.0000000e+00
   2.3782876e-03   4.7368421e-01   4.9122807e-01   0.0000000e+00
   2.2383884e-03   4.3508772e-01   4.5263158e-01   0.0000000e+00
   3.7772804e-03   3.9649123e-01   4.1403509e-01   0.0000000e+00
   1.3570229e-02   3.5789474e-01   3.7543860e-01   0.0000000e+00
   1.6368215e-02   3.1929825e-01   3.3684211e-01   0.0000000e+00
   2.4202574e-02   2.8070175e-01   2.9824561e-01   1.6666667e-01
   7.8763290e-02   2.6315789e-01   3.1578947e-01   1.6666667e-01
   2.9378847e-01   2.4561404e-01   5.9649123e-01   3.3333333e-01
   6.5081142e-01   1.0526316e-01   6.3157895e-01   1.6666667e-01
   9.0514829e-01   8.7719298e-02   6.4912281e-01   1.6666667e-01
   9.9314494e-01   7.0175439e-02   6.6666667e-01   1.6666667e-01
   1.0000000e+00   7.0175439e-02   6.6666667e-01   1.6666667e-01
   9.2599328e-01   7.0175439e-02   6.8421053e-01   1.6666667e-01
   7.9378847e-01   8.7719298e-02   6.8421053e-01   1.6666667e-01
   6.8186905e-01   8.7719298e-02   7.0175439e-01   1.6666667e-01
   5.7204813e-01   1.0526316e-01   7.0175439e-01   1.6666667e-01
   4.3536654e-01   1.4035088e-01   7.0175439e-01   3.3333333e-01
   2.9672636e-01   2.2807018e-01   7.0175439e-01   3.3333333e-01
   1.6340235e-01   2.4561404e-01   7.0175439e-01   3.3333333e-01
   1.3486290e-01   2.4561404e-01   7.1929825e-01   3.3333333e-01
   1.2255176e-01   2.4561404e-01   7.0175439e-01   3.3333333e-01
   1.1177952e-01   2.4561404e-01   7.0175439e-01   3.3333333e-01
   9.6390599e-02   2.4561404e-01   7.0175439e-01   3.3333333e-01
   8.5058758e-02   2.4561404e-01   7.0175439e-01   3.3333333e-01
   7.9602686e-02   2.4561404e-01   6.8421053e-01   3.3333333e-01
   8.1281477e-02   2.4561404e-01   6.4912281e-01   3.3333333e-01
   1.0478456e-01   2.2807018e-01   6.4912281e-01   3.3333333e-01
   1.9236150e-01   2.2807018e-01   6.4912281e-01   3.3333333e-01
   2.9043089e-01   2.2807018e-01   6.4912281e-01   3.3333333e-01
   3.5422496e-01   2.2807018e-01   6.4912281e-01   3.3333333e-01
   3.7660884e-01   2.2807018e-01   6.4912281e-01   3.3333333e-01
   3.8024622e-01   2.2807018e-01   6.4912281e-01   3.3333333e-01
   3.8248461e-01   2.2807018e-01   6.4912281e-01   3.3333333e-01
   3.9395635e-01   4.2105263e-01   6.4912281e-01   1.6666667e-01
   3.9353665e-01   4.2105263e-01   6.6666667e-01   1.6666667e-01
   3.7786794e-01   4.2105263e-01   6.6666667e-01   1.6666667e-01
   3.6289871e-01   4.0350877e-01   6.6666667e-01   1.6666667e-01
   3.3869614e-01   4.0350877e-01   6.6666667e-01   1.6666667e-01
   3.1617236e-01   4.0350877e-01   6.8421053e-01   3.3333333e-01
   2.9141018e-01   4.0350877e-01   6.8421053e-01   3.3333333e-01
   2.7839955e-01   4.0350877e-01   6.8421053e-01   3.3333333e-01
   2.8287633e-01   4.0350877e-01   6.8421053e-01   3.3333333e-01
   3.0428092e-01   4.0350877e-01   7.0175439e-01   3.3333333e-01
   3.2442641e-01   4.2105263e-01   7.0175439e-01   1.6666667e-01
   3.2862339e-01   4.2105263e-01   7.0175439e-01   1.6666667e-01
   3.1015669e-01   4.2105263e-01   7.0175439e-01   1.6666667e-01
   2.7420257e-01   4.3859649e-01   7.0175439e-01   1.6666667e-01
   2.2999440e-01   4.5614035e-01   7.0175439e-01   3.3333333e-01
   1.9893677e-01   4.5614035e-01   6.8421053e-01   3.3333333e-01
   1.6032457e-01   4.7368421e-01   6.8421053e-01   3.3333333e-01
   1.0394516e-01   5.0877193e-01   6.8421053e-01   3.3333333e-01
   6.0016788e-02   5.1754386e-01   6.6959064e-01   0.0000000e+00
   3.2456631e-02   5.2631579e-01   6.5497076e-01   0.0000000e+00
   2.0565193e-02   5.3508772e-01   6.4035088e-01   0.0000000e+00
   2.0984891e-02   5.4385965e-01   6.2573099e-01   0.0000000e+00
   2.4902071e-02   5.5263158e-01   6.1111111e-01   0.0000000e+00
   4.7285954e-02   5.6140351e-01   5.9649123e-01   1.6666667e-01
   8.3379966e-02   5.6140351e-01   6.1403509e-01   1.6666667e-01
   1.3164522e-01   5.4385965e-01   6.3157895e-01   1.6666667e-01
   1.8158926e-01   5.2631579e-01   6.3157895e-01   1.6666667e-01
   2.2803581e-01   5.0877193e-01   6.4912281e-01   1.6666667e-01
   2.6622832e-01   4.9122807e-01   6.6666667e-01   1.6666667e-01
   2.8833240e-01   4.7368421e-01   6.6666667e-01   1.6666667e-01
   3.0036374e-01   4.5614035e-01   6.6666667e-01   1.6666667e-01
   3.0889759e-01   4.5614035e-01   6.8421053e-01   1.6666667e-01
   3.0442082e-01   4.5614035e-01   6.8421053e-01   1.6666667e-01
   2.9826525e-01   4.3859649e-01   6.8421053e-01   3.3333333e-01
   2.9266928e-01   4.3859649e-01   6.8421053e-01   3.3333333e-01
   2.8497482e-01   4.3859649e-01   7.0175439e-01   3.3333333e-01
   2.7825965e-01   4.3859649e-01   7.0175439e-01   3.3333333e-01
   2.7644096e-01   4.5614035e-01   7.0175439e-01   3.3333333e-01
   2.7434247e-01   4.5614035e-01   6.8421053e-01   3.3333333e-01
   2.7182429e-01   4.7368421e-01   6.8421053e-01   1.6666667e-01
   2.8749301e-01   4.7368421e-01   6.8421053e-01   1.6666667e-01
   3.8822048e-01   3.6842105e-01   6.6666667e-01   1.6666667e-01
   5.2154449e-01   2.8070175e-01   6.6666667e-01   1.6666667e-01
   6.2506995e-01   2.4561404e-01   6.4912281e-01   1.6666667e-01
   7.1110800e-01   1.7543860e-01   6.3157895e-01   1.6666667e-01
   7.7979855e-01   1.5789474e-01   6.1403509e-01   1.6666667e-01
   8.1561276e-01   1.4035088e-01   6.3157895e-01   1.6666667e-01
   8.1883044e-01   1.4035088e-01   6.3157895e-01   1.6666667e-01
   7.6426973e-01   1.4035088e-01   6.3157895e-01   1.6666667e-01
   6.4829323e-01   1.5789474e-01   6.3157895e-01   1.6666667e-01
   5.2979855e-01   1.5789474e-01   6.4912281e-01   1.6666667e-01
   4.2501399e-01   1.7543860e-01   6.4912281e-01   1.6666667e-01
   3.0442082e-01   1.9298246e-01   6.4912281e-01   3.3333333e-01
   1.8984331e-01   5.9649123e-01   6.6666667e-01   1.6666667e-01
   5.8477896e-02   6.1403509e-01   6.6666667e-01   1.6666667e-01
   5.4280918e-02   6.3157895e-01   6.6666667e-01   1.6666667e-01
   4.7425853e-02   6.3157895e-01   6.6666667e-01   1.6666667e-01
   3.9031897e-02   6.4912281e-01   6.6666667e-01   1.6666667e-01
   3.5254617e-02   6.4912281e-01   6.4912281e-01   1.6666667e-01
   3.3016228e-02   6.4912281e-01   6.4912281e-01   0.0000000e+00
   2.9938444e-02   6.4912281e-01   6.4912281e-01   0.0000000e+00
   2.6440963e-02   6.4912281e-01   6.4912281e-01   0.0000000e+00
