   2.5700000e+02
   4.0259333e-02   5.5208333e-01   5.6250000e-01   1.6666667e-01
   1.2851616e-01   2.7083333e-01   5.8333333e-01   3.3333333e-01
   2.7104465e-01   1.8750000e-01   5.9375000e-01   3.3333333e-01
   3.8314337e-01   1.5625000e-01   6.0416667e-01   3.3333333e-01
   4.5425076e-01   1.3541667e-01   6.1458333e-01   3.3333333e-01
   5.1239151e-01   1.2500000e-01   6.2500000e-01   3.3333333e-01
   5.4177559e-01   1.1458333e-01   6.2500000e-01   3.3333333e-01
   5.4041619e-01   1.0416667e-01   6.3541667e-01   5.0000000e-01
   5.1103210e-01   9.3750000e-02   6.3541667e-01   5.0000000e-01
   4.6293004e-01   8.3333333e-02   6.4583333e-01   5.0000000e-01
   4.4609432e-01   7.2916667e-02   6.4583333e-01   5.0000000e-01
   4.1859249e-01   6.2500000e-02   6.4583333e-01   5.0000000e-01
   3.8868556e-01   5.2083333e-02   6.4583333e-01   5.0000000e-01
   3.5794207e-01   5.2083333e-02   6.5625000e-01   5.0000000e-01
   3.3849210e-01   3.1250000e-02   6.5625000e-01   5.0000000e-01
   3.2280665e-01   3.1250000e-02   6.5625000e-01   6.6666667e-01
   3.0984001e-01   2.0833333e-02   6.5625000e-01   6.6666667e-01
   2.9624595e-01   0.0000000e+00   6.5625000e-01   6.6666667e-01
   2.8997177e-01   0.0000000e+00   6.5625000e-01   6.6666667e-01
   3.0450695e-01   0.0000000e+00   6.5625000e-01   8.3333333e-01
   3.2029698e-01   0.0000000e+00   6.4583333e-01   8.3333333e-01
   3.2165638e-01   0.0000000e+00   6.4583333e-01   5.0000000e-01
   3.1067657e-01   0.0000000e+00   6.3541667e-01   5.0000000e-01
   2.7146293e-01   0.0000000e+00   6.2500000e-01   5.0000000e-01
   2.5598662e-01   0.0000000e+00   6.1458333e-01   6.6666667e-01
   3.7415037e-01   0.0000000e+00   6.1458333e-01   1.0000000e+00
   6.7886646e-01   0.0000000e+00   6.0416667e-01   3.3333333e-01
   9.3903587e-01   0.0000000e+00   5.8333333e-01   1.6666667e-01
   1.0000000e+00   0.0000000e+00   5.8333333e-01   1.6666667e-01
   9.4698316e-01   0.0000000e+00   5.6250000e-01   1.6666667e-01
   8.5558925e-01   0.0000000e+00   5.3125000e-01   1.6666667e-01
   7.1954408e-01   0.0000000e+00   5.1041667e-01   1.6666667e-01
   5.5610164e-01   0.0000000e+00   4.8958333e-01   5.0000000e-01
   3.7028129e-01   2.2916667e-01   4.6875000e-01   1.6666667e-01
   2.2210603e-01   2.7083333e-01   4.3750000e-01   1.6666667e-01
   1.2088257e-01   3.0208333e-01   3.8541667e-01   1.6666667e-01
   5.0925442e-02   3.3333333e-01   3.6458333e-01   1.6666667e-01
   1.4639757e-02   3.6111111e-01   3.8888889e-01   0.0000000e+00
   0.0000000e+00   3.8888889e-01   4.1319444e-01   0.0000000e+00
   1.8822545e-03   4.1666667e-01   4.3750000e-01   0.0000000e+00
   1.8822545e-03   4.4444444e-01   4.6180556e-01   0.0000000e+00
   1.8822545e-03   4.7222222e-01   4.8611111e-01   0.0000000e+00
   1.2548363e-03   5.0000000e-01   5.1041667e-01   0.0000000e+00
   6.7970302e-03   5.2777778e-01   5.3472222e-01   0.0000000e+00
   1.4221479e-02   5.5555556e-01   5.5902778e-01   0.0000000e+00
   2.1541357e-02   5.8333333e-01   5.8333333e-01   1.6666667e-01
   2.6246994e-02   5.7291667e-01   5.8333333e-01   1.6666667e-01
   2.6246994e-02   5.7291667e-01   5.8333333e-01   1.6666667e-01
   2.5096727e-02   5.8333333e-01   5.8333333e-01   1.6666667e-01
   2.1750497e-02   5.5729167e-01   5.6250000e-01   0.0000000e+00
   2.4469309e-02   5.3125000e-01   5.4166667e-01   1.6666667e-01
   3.3462303e-02   5.2083333e-01   5.4166667e-01   1.6666667e-01
   4.3500993e-02   5.1041667e-01   5.4166667e-01   1.6666667e-01
   5.0611733e-02   5.1041667e-01   5.4166667e-01   1.6666667e-01
   5.2284848e-02   5.0000000e-01   5.4166667e-01   1.6666667e-01
   4.9461466e-02   4.8958333e-01   5.3125000e-01   1.6666667e-01
   5.0298024e-02   4.8958333e-01   5.1041667e-01   1.6666667e-01
   5.6153927e-02   4.6875000e-01   5.1041667e-01   1.6666667e-01
   6.0232145e-02   4.5833333e-01   5.1041667e-01   1.6666667e-01
   6.3996654e-02   4.4791667e-01   4.8958333e-01   1.6666667e-01
   6.8911429e-02   4.3750000e-01   4.8958333e-01   1.6666667e-01
   7.0689114e-02   4.3750000e-01   4.8958333e-01   1.6666667e-01
   7.3826205e-02   4.3750000e-01   4.7916667e-01   1.6666667e-01
   8.5224302e-02   3.9583333e-01   4.7916667e-01   3.3333333e-01
   1.0153717e-01   3.9583333e-01   4.6875000e-01   1.6666667e-01
   2.2430200e-01   3.8541667e-01   4.8958333e-01   1.6666667e-01
   4.4536233e-01   3.7500000e-01   6.5625000e-01   1.6666667e-01
   6.2428108e-01   3.5416667e-01   6.5625000e-01   1.6666667e-01
   7.3637980e-01   2.6041667e-01   6.6666667e-01   3.3333333e-01
   8.4795566e-01   1.8750000e-01   6.6666667e-01   3.3333333e-01
   9.2261843e-01   1.2500000e-01   6.6666667e-01   3.3333333e-01
   9.4332322e-01   1.0416667e-01   6.7708333e-01   1.6666667e-01
   9.3474851e-01   6.2500000e-02   6.7708333e-01   1.6666667e-01
   8.5590296e-01   5.2083333e-02   6.7708333e-01   1.6666667e-01
   7.1776639e-01   4.1666667e-02   6.7708333e-01   5.0000000e-01
   5.6980027e-01   0.0000000e+00   6.7708333e-01   6.6666667e-01
   4.2695807e-01   0.0000000e+00   6.4583333e-01   6.6666667e-01
   3.2772143e-01   0.0000000e+00   5.8333333e-01   3.3333333e-01
   2.5975112e-01   0.0000000e+00   5.6250000e-01   3.3333333e-01
   2.1907351e-01   0.0000000e+00   5.5208333e-01   3.3333333e-01
   1.9010771e-01   0.0000000e+00   5.5208333e-01   5.0000000e-01
   1.7201715e-01   0.0000000e+00   5.4166667e-01   5.0000000e-01
   1.6051448e-01   0.0000000e+00   5.3125000e-01   3.3333333e-01
   1.4556102e-01   0.0000000e+00   5.2083333e-01   3.3333333e-01
   1.4963923e-01   0.0000000e+00   5.2083333e-01   3.3333333e-01
   1.7891875e-01   0.0000000e+00   5.4166667e-01   5.0000000e-01
   2.1938722e-01   0.0000000e+00   5.6250000e-01   5.0000000e-01
   2.7543658e-01   0.0000000e+00   5.7291667e-01   5.0000000e-01
   3.2092440e-01   0.0000000e+00   6.0416667e-01   5.0000000e-01
   3.3901495e-01   0.0000000e+00   6.2500000e-01   5.0000000e-01
   3.3504131e-01   0.0000000e+00   6.2500000e-01   5.0000000e-01
   3.1799644e-01   0.0000000e+00   6.3541667e-01   5.0000000e-01
   3.1193140e-01   0.0000000e+00   6.4583333e-01   5.0000000e-01
   3.0346126e-01   1.0416667e-02   6.4583333e-01   5.0000000e-01
   2.9980132e-01   2.0833333e-02   6.4583333e-01   3.3333333e-01
   2.7083551e-01   2.0833333e-02   6.5625000e-01   3.3333333e-01
   2.2628882e-01   3.1250000e-02   6.5625000e-01   3.3333333e-01
   1.8467008e-01   4.1666667e-02   6.5625000e-01   3.3333333e-01
   1.5068493e-01   5.2083333e-02   6.5625000e-01   3.3333333e-01
   1.2077800e-01   6.2500000e-02   6.6666667e-01   3.3333333e-01
   9.4008156e-02   8.3333333e-02   6.6666667e-01   3.3333333e-01
   8.0623235e-02   6.2500000e-01   6.6666667e-01   1.6666667e-01
   7.8636411e-02   6.2500000e-01   6.6666667e-01   1.6666667e-01
   7.1734811e-02   6.2500000e-01   6.6666667e-01   1.6666667e-01
   6.8911429e-02   6.2500000e-01   6.6666667e-01   1.6666667e-01
   6.6297187e-02   6.2500000e-01   6.6666667e-01   1.6666667e-01
   6.0859563e-02   6.2500000e-01   6.5625000e-01   1.6666667e-01
   5.0925442e-02   6.2500000e-01   6.5625000e-01   1.6666667e-01
   4.3605563e-02   6.2500000e-01   6.4583333e-01   1.6666667e-01
   4.0886751e-02   6.1458333e-01   6.4583333e-01   1.6666667e-01
   3.5344557e-02   6.1458333e-01   6.3541667e-01   1.6666667e-01
   2.8442957e-02   6.1458333e-01   6.2500000e-01   1.6666667e-01
   2.7606400e-02   6.0416667e-01   6.1458333e-01   1.6666667e-01
   3.5030848e-02   5.9375000e-01   6.1458333e-01   1.6666667e-01
   4.1514169e-02   5.9375000e-01   6.1458333e-01   1.6666667e-01
   4.3291854e-02   5.9375000e-01   6.1458333e-01   1.6666667e-01
   4.5069539e-02   5.8333333e-01   6.1458333e-01   1.6666667e-01
   4.4442121e-02   5.8333333e-01   6.1458333e-01   1.6666667e-01
   4.2037018e-02   5.7291667e-01   6.0416667e-01   1.6666667e-01
   3.5449127e-02   5.7291667e-01   5.9375000e-01   1.6666667e-01
   2.9174945e-02   5.7291667e-01   5.8333333e-01   1.6666667e-01
   3.4926278e-02   5.7291667e-01   5.7291667e-01   1.6666667e-01
   6.4833211e-02   5.6250000e-01   6.1458333e-01   1.6666667e-01
   1.2496079e-01   5.5208333e-01   6.2500000e-01   1.6666667e-01
   1.8780717e-01   5.4166667e-01   6.3541667e-01   1.6666667e-01
   2.2179232e-01   5.3125000e-01   6.4583333e-01   1.6666667e-01
   2.3329499e-01   5.3125000e-01   6.5625000e-01   1.6666667e-01
   2.4082401e-01   5.2083333e-01   6.5625000e-01   1.6666667e-01
   2.3402698e-01   5.1041667e-01   6.6666667e-01   1.6666667e-01
   2.1625013e-01   5.1041667e-01   6.6666667e-01   1.6666667e-01
   1.9564990e-01   5.0000000e-01   6.7708333e-01   3.3333333e-01
   1.6082819e-01   5.0000000e-01   6.7708333e-01   3.3333333e-01
   1.4043710e-01   5.0000000e-01   6.7708333e-01   3.3333333e-01
   1.2548363e-01   5.0000000e-01   6.7708333e-01   3.3333333e-01
   1.1701349e-01   5.0000000e-01   6.8750000e-01   3.3333333e-01
   1.1523580e-01   5.1041667e-01   6.8750000e-01   3.3333333e-01
   1.1785005e-01   5.1041667e-01   6.8750000e-01   3.3333333e-01
   1.1962773e-01   5.1041667e-01   6.8750000e-01   3.3333333e-01
   1.2747046e-01   5.2083333e-01   6.8750000e-01   3.3333333e-01
   1.4022796e-01   5.3125000e-01   6.7708333e-01   3.3333333e-01
   1.5685454e-01   5.4166667e-01   6.7708333e-01   3.3333333e-01
   1.7003033e-01   5.7291667e-01   6.7708333e-01   1.6666667e-01
   1.8791174e-01   5.5208333e-01   6.6666667e-01   1.6666667e-01
   1.9711388e-01   5.5208333e-01   6.6666667e-01   1.6666667e-01
   2.0004183e-01   5.4166667e-01   6.4583333e-01   1.6666667e-01
   1.9178082e-01   5.4166667e-01   6.3541667e-01   1.6666667e-01
   1.8142842e-01   5.4166667e-01   6.2500000e-01   1.6666667e-01
   1.7379483e-01   5.4166667e-01   6.2500000e-01   1.6666667e-01
   1.6825264e-01   5.4166667e-01   6.2500000e-01   1.6666667e-01
   1.7044860e-01   5.5208333e-01   6.2500000e-01   1.6666667e-01
   1.6888006e-01   5.5208333e-01   6.3541667e-01   1.6666667e-01
   1.5612256e-01   5.6250000e-01   6.4583333e-01   1.6666667e-01
   1.3865942e-01   5.7291667e-01   6.5625000e-01   1.6666667e-01
   1.1889574e-01   5.8333333e-01   6.5625000e-01   1.6666667e-01
   9.6308690e-02   6.0416667e-01   6.6666667e-01   1.6666667e-01
   7.4976472e-02   6.3541667e-01   6.6666667e-01   1.6666667e-01
   6.2637248e-02   6.4583333e-01   6.7708333e-01   1.6666667e-01
   5.5526508e-02   6.4583333e-01   6.7708333e-01   1.6666667e-01
   5.1971139e-02   6.5625000e-01   6.7708333e-01   1.6666667e-01
   5.5212799e-02   6.5625000e-01   6.7708333e-01   1.6666667e-01
   5.7304193e-02   6.5625000e-01   6.8750000e-01   1.6666667e-01
   6.0232145e-02   6.5625000e-01   6.8750000e-01   1.6666667e-01
   6.6088048e-02   6.4583333e-01   6.8750000e-01   1.6666667e-01
   7.5917599e-02   6.4583333e-01   6.8750000e-01   1.6666667e-01
   8.2819199e-02   6.4583333e-01   6.8750000e-01   1.6666667e-01
   8.7106557e-02   6.3541667e-01   6.8750000e-01   1.6666667e-01
   9.5367562e-02   6.3541667e-01   6.7708333e-01   1.6666667e-01
   1.0802050e-01   6.2500000e-01   6.7708333e-01   1.6666667e-01
   1.1094845e-01   6.1458333e-01   6.7708333e-01   1.6666667e-01
   1.1126216e-01   6.1458333e-01   6.7708333e-01   1.6666667e-01
   1.0655652e-01   6.0416667e-01   6.6666667e-01   1.6666667e-01
   1.0436056e-01   5.9375000e-01   6.6666667e-01   1.6666667e-01
   1.1722263e-01   5.7291667e-01   6.5625000e-01   1.6666667e-01
   1.3813657e-01   5.6250000e-01   6.5625000e-01   1.6666667e-01
   1.5392659e-01   5.4166667e-01   6.4583333e-01   1.6666667e-01
   1.6229217e-01   5.4166667e-01   6.2500000e-01   1.6666667e-01
   1.6406985e-01   5.3125000e-01   6.1458333e-01   1.6666667e-01
   1.5873680e-01   5.3125000e-01   6.1458333e-01   1.6666667e-01
   1.5518143e-01   5.3125000e-01   6.0416667e-01   1.6666667e-01
   1.5267176e-01   5.4166667e-01   6.1458333e-01   1.6666667e-01
   1.4702499e-01   5.4166667e-01   6.1458333e-01   1.6666667e-01
   1.3374464e-01   5.5208333e-01   6.2500000e-01   1.6666667e-01
   1.1711806e-01   5.6250000e-01   6.2500000e-01   1.6666667e-01
   9.9132072e-02   5.7291667e-01   6.3541667e-01   1.6666667e-01
   8.6374569e-02   5.9375000e-01   6.3541667e-01   1.6666667e-01
   7.5499320e-02   6.0416667e-01   6.4583333e-01   1.6666667e-01
   7.0793684e-02   6.1458333e-01   6.4583333e-01   1.6666667e-01
   7.1107393e-02   6.2500000e-01   6.5625000e-01   1.6666667e-01
   6.7656593e-02   6.2500000e-01   6.5625000e-01   1.6666667e-01
   6.8806860e-02   6.3541667e-01   6.5625000e-01   1.6666667e-01
   6.6506326e-02   6.3541667e-01   6.6666667e-01   1.6666667e-01
   6.5565199e-02   6.3541667e-01   6.6666667e-01   1.6666667e-01
   7.1211963e-02   6.3541667e-01   6.6666667e-01   1.6666667e-01
   7.4139914e-02   6.3541667e-01   6.6666667e-01   1.6666667e-01
   8.6897417e-02   6.3541667e-01   6.7708333e-01   1.6666667e-01
   1.2276482e-01   5.0000000e-01   6.7708333e-01   3.3333333e-01
   1.7086688e-01   4.8958333e-01   6.7708333e-01   3.3333333e-01
   2.3360870e-01   4.8958333e-01   6.7708333e-01   3.3333333e-01
   2.7658685e-01   4.8958333e-01   6.7708333e-01   1.6666667e-01
   2.7899195e-01   4.8958333e-01   6.6666667e-01   1.6666667e-01
   2.5169926e-01   5.0000000e-01   6.5625000e-01   1.6666667e-01
   2.2262888e-01   5.1041667e-01   6.4583333e-01   1.6666667e-01
   1.9073512e-01   5.1041667e-01   6.4583333e-01   1.6666667e-01
   1.4807069e-01   5.2083333e-01   6.2500000e-01   1.6666667e-01
   1.1356269e-01   5.2083333e-01   5.6250000e-01   1.6666667e-01
   9.0243647e-02   5.3125000e-01   5.6250000e-01   1.6666667e-01
   7.9995817e-02   5.3125000e-01   5.6250000e-01   1.6666667e-01
   7.7067866e-02   5.4166667e-01   5.7291667e-01   1.6666667e-01
   7.4767332e-02   5.4166667e-01   5.7291667e-01   1.6666667e-01
   7.2466799e-02   5.4166667e-01   5.7291667e-01   1.6666667e-01
   7.5394751e-02   5.5208333e-01   5.7291667e-01   1.6666667e-01
   7.5185611e-02   5.5208333e-01   5.8333333e-01   1.6666667e-01
   7.3407926e-02   5.5208333e-01   5.8333333e-01   1.6666667e-01
   7.4871902e-02   5.5208333e-01   5.8333333e-01   1.6666667e-01
   7.1734811e-02   5.6250000e-01   5.9375000e-01   1.6666667e-01
   6.9643417e-02   5.6250000e-01   5.9375000e-01   1.6666667e-01
   7.0689114e-02   5.6250000e-01   5.9375000e-01   1.6666667e-01
   7.4976472e-02   5.7291667e-01   5.9375000e-01   1.6666667e-01
   7.5185611e-02   5.7291667e-01   6.0416667e-01   1.6666667e-01
   1.0310572e-01   5.3125000e-01   6.0416667e-01   3.3333333e-01
   1.5497229e-01   5.2083333e-01   6.0416667e-01   1.6666667e-01
   2.0098296e-01   5.1041667e-01   6.0416667e-01   1.6666667e-01
   2.3298128e-01   5.0000000e-01   6.1458333e-01   1.6666667e-01
   2.5734602e-01   5.0000000e-01   6.1458333e-01   1.6666667e-01
   2.6822127e-01   4.8958333e-01   6.2500000e-01   1.6666667e-01
   2.6686186e-01   4.8958333e-01   6.3541667e-01   1.6666667e-01
   2.6686186e-01   4.8958333e-01   6.4583333e-01   1.6666667e-01
   2.6215623e-01   4.8958333e-01   6.4583333e-01   3.3333333e-01
   2.5713688e-01   4.8958333e-01   6.5625000e-01   3.3333333e-01
   2.5138555e-01   4.8958333e-01   6.5625000e-01   3.3333333e-01
   2.4866674e-01   5.0000000e-01   6.5625000e-01   3.3333333e-01
   2.3622294e-01   5.0000000e-01   6.6666667e-01   3.3333333e-01
   2.1666841e-01   5.0000000e-01   6.6666667e-01   3.3333333e-01
   2.0391091e-01   5.1041667e-01   6.6666667e-01   3.3333333e-01
   1.8634320e-01   5.2083333e-01   6.7708333e-01   3.3333333e-01
   1.6386071e-01   5.2083333e-01   6.7708333e-01   3.3333333e-01
   1.4169194e-01   5.4166667e-01   6.7708333e-01   3.3333333e-01
   1.2088257e-01   5.5208333e-01   6.7708333e-01   3.3333333e-01
   1.0561539e-01   6.5625000e-01   6.7708333e-01   1.6666667e-01
   9.9550350e-02   6.4583333e-01   6.8750000e-01   1.6666667e-01
   1.0321029e-01   6.4583333e-01   6.8750000e-01   1.6666667e-01
   1.0802050e-01   6.4583333e-01   6.8750000e-01   1.6666667e-01
   1.1314441e-01   6.4583333e-01   6.8750000e-01   1.6666667e-01
   1.1366726e-01   6.4583333e-01   6.8750000e-01   1.6666667e-01
   1.0875248e-01   6.4583333e-01   6.8750000e-01   1.6666667e-01
   1.0090976e-01   6.3541667e-01   6.8750000e-01   1.6666667e-01
   9.2648750e-02   6.3541667e-01   6.7708333e-01   1.6666667e-01
   8.9616229e-02   6.3541667e-01   6.7708333e-01   1.6666667e-01
   8.4387744e-02   6.3541667e-01   6.7708333e-01   1.6666667e-01
   8.2610060e-02   6.2500000e-01   6.6666667e-01   1.6666667e-01
   8.3551187e-02   6.2500000e-01   6.5625000e-01   1.6666667e-01
   8.1459793e-02   6.2500000e-01   6.5625000e-01   1.6666667e-01
   7.9891248e-02   6.1458333e-01   6.4583333e-01   1.6666667e-01
   8.2714629e-02   6.1458333e-01   6.4583333e-01   1.6666667e-01
   7.9682108e-02   6.1458333e-01   6.4583333e-01   1.6666667e-01
   6.8284011e-02   6.2500000e-01   6.4583333e-01   1.6666667e-01
   4.7788351e-02   6.3541667e-01   6.4583333e-01   1.6666667e-01
