   1.2500000e+02
   0.0000000e+00   4.3396226e-01   5.4716981e-01   0.0000000e+00
   1.0430606e-01   4.3396226e-01   5.4716981e-01   1.6666667e-01
   2.5012867e-01   4.1509434e-01   5.6603774e-01   1.6666667e-01
   3.7176188e-01   3.7735849e-01   6.0377358e-01   1.6666667e-01
   4.4741808e-01   3.7735849e-01   6.0377358e-01   1.6666667e-01
   4.6731858e-01   3.5849057e-01   6.2264151e-01   1.6666667e-01
   4.2803225e-01   3.5849057e-01   6.2264151e-01   1.6666667e-01
   3.7519300e-01   3.5849057e-01   6.4150943e-01   1.6666667e-01
   3.1463373e-01   3.7735849e-01   6.4150943e-01   1.6666667e-01
   2.4583977e-01   3.7735849e-01   6.4150943e-01   1.6666667e-01
   1.4016126e-01   3.9622642e-01   6.6037736e-01   3.3333333e-01
   6.4676617e-02   6.0377358e-01   6.6037736e-01   1.6666667e-01
   4.5119231e-02   6.0377358e-01   6.6037736e-01   1.6666667e-01
   3.7227655e-02   6.0377358e-01   6.4150943e-01   1.6666667e-01
   3.0022302e-02   6.0377358e-01   6.4150943e-01   1.6666667e-01
   3.1566306e-02   5.6603774e-01   6.2264151e-01   1.6666667e-01
   2.8135186e-02   5.6603774e-01   6.0377358e-01   1.6666667e-01
   3.1566306e-02   5.4716981e-01   6.0377358e-01   1.6666667e-01
   3.3624979e-02   5.2830189e-01   5.8490566e-01   1.6666667e-01
   2.5218734e-02   5.2830189e-01   5.6603774e-01   1.6666667e-01
   2.7277406e-02   5.0943396e-01   5.4716981e-01   1.6666667e-01
   4.0487219e-02   5.0943396e-01   5.4716981e-01   1.6666667e-01
   5.7128152e-02   4.9056604e-01   5.4716981e-01   1.6666667e-01
   8.3204666e-02   4.7169811e-01   5.4716981e-01   1.6666667e-01
   1.1271230e-01   4.5283019e-01   5.4716981e-01   1.6666667e-01
   1.3312747e-01   4.5283019e-01   5.4716981e-01   1.6666667e-01
   1.5148396e-01   4.5283019e-01   5.2830189e-01   1.6666667e-01
   1.6915423e-01   4.3396226e-01   5.2830189e-01   1.6666667e-01
   1.8150626e-01   4.3396226e-01   5.4716981e-01   1.6666667e-01
   2.1221479e-01   4.3396226e-01   5.6603774e-01   1.6666667e-01
   2.6745582e-01   4.3396226e-01   6.0377358e-01   1.6666667e-01
   3.4139647e-01   4.5283019e-01   6.6037736e-01   1.6666667e-01
   3.9354949e-01   4.7169811e-01   6.9811321e-01   1.6666667e-01
   4.1447933e-01   4.7169811e-01   7.1698113e-01   1.6666667e-01
   3.9955395e-01   4.9056604e-01   7.1698113e-01   1.6666667e-01
   3.6678676e-01   5.0943396e-01   7.1698113e-01   1.6666667e-01
   3.4757248e-01   5.2830189e-01   7.1698113e-01   1.6666667e-01
   3.3024533e-01   5.2830189e-01   7.3584906e-01   1.6666667e-01
   3.1377595e-01   5.2830189e-01   7.1698113e-01   1.6666667e-01
   2.8975811e-01   5.2830189e-01   7.1698113e-01   1.6666667e-01
   2.6248070e-01   5.2830189e-01   6.9811321e-01   1.6666667e-01
   2.1324412e-01   5.0943396e-01   6.7924528e-01   1.6666667e-01
   1.7035512e-01   5.0943396e-01   6.4150943e-01   1.6666667e-01
   1.2849545e-01   5.0943396e-01   6.2264151e-01   1.6666667e-01
   9.9674044e-02   5.0943396e-01   6.0377358e-01   1.6666667e-01
   9.4012695e-02   5.0943396e-01   6.0377358e-01   1.6666667e-01
   8.7665123e-02   4.9056604e-01   5.8490566e-01   1.6666667e-01
   8.3376222e-02   4.9056604e-01   5.6603774e-01   1.6666667e-01
   1.0036027e-01   4.9056604e-01   5.4716981e-01   1.6666667e-01
   1.3055413e-01   4.9056604e-01   5.6603774e-01   1.6666667e-01
   1.6314977e-01   4.7169811e-01   5.6603774e-01   1.6666667e-01
   1.8562361e-01   4.9056604e-01   5.8490566e-01   1.6666667e-01
   1.9934809e-01   4.9056604e-01   6.0377358e-01   1.6666667e-01
   1.9711786e-01   4.9056604e-01   6.2264151e-01   1.6666667e-01
   1.8339338e-01   5.0943396e-01   6.2264151e-01   1.6666667e-01
   1.6229199e-01   5.2830189e-01   6.4150943e-01   1.6666667e-01
   1.3570081e-01   5.4716981e-01   6.4150943e-01   1.6666667e-01
   1.0430606e-01   5.8490566e-01   6.6037736e-01   1.6666667e-01
   8.6292675e-02   6.0377358e-01   6.6037736e-01   1.6666667e-01
   8.1145994e-02   6.0377358e-01   6.6037736e-01   1.6666667e-01
   8.0116658e-02   6.2264151e-01   6.6037736e-01   1.6666667e-01
   8.5091782e-02   6.2264151e-01   6.7924528e-01   1.6666667e-01
   1.0276205e-01   6.2264151e-01   6.7924528e-01   1.6666667e-01
   1.0653628e-01   2.4528302e-01   6.7924528e-01   3.3333333e-01
   1.1099674e-01   2.4528302e-01   6.7924528e-01   3.3333333e-01
   1.3089724e-01   2.4528302e-01   6.7924528e-01   3.3333333e-01
   1.3844570e-01   2.4528302e-01   6.7924528e-01   3.3333333e-01
   1.2746612e-01   2.4528302e-01   6.7924528e-01   3.3333333e-01
   1.2866701e-01   2.4528302e-01   6.7924528e-01   3.3333333e-01
   1.2266255e-01   2.4528302e-01   6.7924528e-01   3.3333333e-01
   1.0773718e-01   2.6415094e-01   6.7924528e-01   3.3333333e-01
   9.5385143e-02   5.8490566e-01   6.6037736e-01   1.6666667e-01
   8.9037571e-02   5.6603774e-01   6.4150943e-01   1.6666667e-01
   8.6807343e-02   2.4528302e-01   6.4150943e-01   3.3333333e-01
   1.2660834e-01   2.4528302e-01   6.2264151e-01   5.0000000e-01
   2.2816950e-01   2.4528302e-01   6.2264151e-01   3.3333333e-01
   3.8634414e-01   2.4528302e-01   6.0377358e-01   3.3333333e-01
   5.5000858e-01   2.0754717e-01   5.4716981e-01   1.6666667e-01
   7.1538857e-01   1.3207547e-01   5.4716981e-01   1.6666667e-01
   8.2604220e-01   1.1320755e-01   5.4716981e-01   1.6666667e-01
   9.2194201e-01   9.4339623e-02   5.6603774e-01   1.6666667e-01
   1.0000000e+00   3.7735849e-02   5.8490566e-01   1.6666667e-01
   9.8781952e-01   1.8867925e-02   6.0377358e-01   1.6666667e-01
   9.0993309e-01   1.8867925e-02   6.2264151e-01   1.6666667e-01
   7.8229542e-01   1.8867925e-02   6.4150943e-01   1.6666667e-01
   6.2171899e-01   5.6603774e-02   6.6037736e-01   1.6666667e-01
   3.9903929e-01   2.2641509e-01   6.6037736e-01   3.3333333e-01
   2.1633213e-01   2.2641509e-01   6.7924528e-01   3.3333333e-01
   1.7207068e-01   2.4528302e-01   6.7924528e-01   3.3333333e-01
   1.5182707e-01   2.4528302e-01   6.7924528e-01   3.3333333e-01
   1.2677989e-01   2.4528302e-01   6.9811321e-01   3.3333333e-01
   9.8644707e-02   2.4528302e-01   6.9811321e-01   3.3333333e-01
   8.4234002e-02   6.4150943e-01   6.9811321e-01   1.6666667e-01
   8.9209127e-02   6.4150943e-01   6.9811321e-01   1.6666667e-01
   1.0173272e-01   2.4528302e-01   6.9811321e-01   3.3333333e-01
   9.8473151e-02   2.4528302e-01   6.9811321e-01   3.3333333e-01
   1.0121805e-01   2.4528302e-01   6.9811321e-01   3.3333333e-01
   8.8179791e-02   6.4150943e-01   6.9811321e-01   1.6666667e-01
   7.4798422e-02   6.4150943e-01   6.9811321e-01   1.6666667e-01
   7.0681077e-02   6.2264151e-01   6.9811321e-01   1.6666667e-01
   7.2739750e-02   6.2264151e-01   6.9811321e-01   1.6666667e-01
   8.6807343e-02   6.0377358e-01   6.7924528e-01   1.6666667e-01
   1.0790873e-01   5.8490566e-01   6.7924528e-01   1.6666667e-01
   1.2506433e-01   5.6603774e-01   6.6037736e-01   1.6666667e-01
   1.4719506e-01   5.4716981e-01   6.6037736e-01   1.6666667e-01
   1.9197118e-01   5.2830189e-01   6.6037736e-01   1.6666667e-01
   2.5802024e-01   4.9056604e-01   6.4150943e-01   1.6666667e-01
   3.2098130e-01   4.5283019e-01   6.4150943e-01   1.6666667e-01
   3.4877337e-01   4.3396226e-01   6.4150943e-01   1.6666667e-01
   3.4173958e-01   4.3396226e-01   6.2264151e-01   1.6666667e-01
   3.2664265e-01   4.1509434e-01   6.2264151e-01   1.6666667e-01
   3.1154572e-01   4.1509434e-01   6.2264151e-01   1.6666667e-01
   2.7826385e-01   4.3396226e-01   6.4150943e-01   1.6666667e-01
   2.3245840e-01   4.3396226e-01   6.6037736e-01   3.3333333e-01
   1.7258535e-01   4.3396226e-01   6.6037736e-01   3.3333333e-01
   1.2454967e-01   4.5283019e-01   6.6037736e-01   3.3333333e-01
   1.0310516e-01   4.7169811e-01   6.6037736e-01   3.3333333e-01
   1.0156116e-01   4.7169811e-01   6.7924528e-01   3.3333333e-01
   1.3673014e-01   4.9056604e-01   6.7924528e-01   3.3333333e-01
   1.6469377e-01   5.0943396e-01   6.7924528e-01   1.6666667e-01
   1.6675244e-01   5.2830189e-01   6.7924528e-01   1.6666667e-01
   1.5062618e-01   5.4716981e-01   6.7924528e-01   1.6666667e-01
   1.2334877e-01   5.6603774e-01   6.7924528e-01   1.6666667e-01
   8.6807343e-02   5.8490566e-01   6.7924528e-01   1.6666667e-01
   4.6491680e-02   6.2264151e-01   6.6037736e-01   1.6666667e-01
