   2.1000000e+02
   0.0000000e+00   6.4367816e-01   6.4367816e-01   1.6666667e-01
   2.7141533e-02   6.2068966e-01   6.4367816e-01   1.6666667e-01
   2.0654045e-01   2.4137931e-01   6.4367816e-01   5.0000000e-01
   3.7415596e-01   2.4137931e-01   6.4367816e-01   3.3333333e-01
   5.2257381e-01   2.4137931e-01   6.4367816e-01   3.3333333e-01
   6.4239375e-01   2.4137931e-01   6.3218391e-01   3.3333333e-01
   7.1931683e-01   2.4137931e-01   6.3218391e-01   1.6666667e-01
   7.2646630e-01   2.4137931e-01   6.4367816e-01   1.6666667e-01
   7.0978419e-01   2.4137931e-01   6.6666667e-01   3.3333333e-01
   6.9853039e-01   3.4482759e-01   7.0114943e-01   1.6666667e-01
   7.3030584e-01   3.9080460e-01   7.5862069e-01   1.6666667e-01
   8.1636436e-01   4.1379310e-01   9.1954023e-01   3.3333333e-01
   9.3366874e-01   4.5977011e-01   9.5402299e-01   1.6666667e-01
   9.9735205e-01   4.7126437e-01   9.6551724e-01   1.6666667e-01
   1.0000000e+00   4.7126437e-01   9.7701149e-01   1.6666667e-01
   9.4095062e-01   4.7126437e-01   9.8850575e-01   1.6666667e-01
   8.4125513e-01   4.8275862e-01   9.8850575e-01   5.0000000e-01
   7.2037601e-01   5.8620690e-01   9.8850575e-01   3.3333333e-01
   6.0307163e-01   5.8620690e-01   1.0000000e+00   3.3333333e-01
   4.9132795e-01   5.8620690e-01   1.0000000e+00   3.3333333e-01
   3.6753608e-01   5.9770115e-01   1.0000000e+00   3.3333333e-01
   2.5936714e-01   5.9770115e-01   1.0000000e+00   3.3333333e-01
   1.7052827e-01   5.9770115e-01   1.0000000e+00   3.3333333e-01
   1.0552099e-01   5.9770115e-01   1.0000000e+00   3.3333333e-01
   3.5085397e-02   5.9770115e-01   6.0919540e-01   1.6666667e-01
   3.5747385e-03   5.9770115e-01   6.0919540e-01   1.6666667e-01
   8.3410565e-03   5.8620690e-01   6.0919540e-01   1.6666667e-01
   7.6790679e-03   5.8620690e-01   6.0919540e-01   1.6666667e-01
   7.6790679e-03   5.8620690e-01   6.0919540e-01   1.6666667e-01
   1.4696147e-02   5.7471264e-01   6.0919540e-01   1.6666667e-01
   3.5085397e-02   5.7471264e-01   6.0919540e-01   1.6666667e-01
   7.3215941e-02   5.7471264e-01   6.2068966e-01   1.6666667e-01
   1.1942275e-01   5.6321839e-01   6.3218391e-01   1.6666667e-01
   1.7357341e-01   5.6321839e-01   6.4367816e-01   1.6666667e-01
   2.0799682e-01   5.5172414e-01   6.5517241e-01   1.6666667e-01
   2.2547332e-01   5.5172414e-01   6.5517241e-01   1.6666667e-01
   2.3010724e-01   5.5172414e-01   6.6666667e-01   1.6666667e-01
   2.0892361e-01   5.6321839e-01   6.6666667e-01   1.6666667e-01
   1.7900172e-01   5.6321839e-01   6.6666667e-01   1.6666667e-01
   1.6364359e-01   5.7471264e-01   6.7816092e-01   1.6666667e-01
   1.3862042e-01   5.7471264e-01   6.7816092e-01   1.6666667e-01
   1.2220310e-01   5.8620690e-01   6.7816092e-01   1.6666667e-01
   1.0724216e-01   6.3218391e-01   6.7816092e-01   1.6666667e-01
   8.9898054e-02   6.3218391e-01   6.8965517e-01   1.6666667e-01
   9.1884020e-02   6.3218391e-01   6.8965517e-01   1.6666667e-01
   9.9430690e-02   6.2068966e-01   6.8965517e-01   1.6666667e-01
   1.1809877e-01   6.0919540e-01   6.8965517e-01   1.6666667e-01
   1.4590229e-01   5.8620690e-01   6.7816092e-01   1.6666667e-01
   1.8125248e-01   5.6321839e-01   6.7816092e-01   1.6666667e-01
   2.1514630e-01   5.5172414e-01   6.6666667e-01   1.6666667e-01
   2.3540315e-01   5.4022989e-01   6.6666667e-01   1.6666667e-01
   2.3129882e-01   5.4022989e-01   6.6666667e-01   1.6666667e-01
   2.1673507e-01   5.4022989e-01   6.6666667e-01   1.6666667e-01
   1.9899378e-01   5.4022989e-01   6.4367816e-01   1.6666667e-01
   1.8588640e-01   5.4022989e-01   6.3218391e-01   1.6666667e-01
   1.7251423e-01   5.5172414e-01   6.3218391e-01   1.6666667e-01
   1.5358136e-01   5.5172414e-01   6.3218391e-01   1.6666667e-01
   1.3650205e-01   5.6321839e-01   6.4367816e-01   1.6666667e-01
   1.0803654e-01   5.6321839e-01   6.4367816e-01   1.6666667e-01
   9.1222031e-02   5.7471264e-01   6.4367816e-01   1.6666667e-01
   7.9703429e-02   5.9770115e-01   6.5517241e-01   1.6666667e-01
   6.7125645e-02   6.0919540e-01   6.5517241e-01   1.6666667e-01
   6.8714418e-02   6.2068966e-01   6.5517241e-01   1.6666667e-01
   8.2748577e-02   6.2068966e-01   6.6666667e-01   1.6666667e-01
   9.2943201e-02   6.0919540e-01   6.6666667e-01   1.6666667e-01
   1.0115186e-01   6.0919540e-01   6.6666667e-01   1.6666667e-01
   1.1187608e-01   6.0919540e-01   6.6666667e-01   1.6666667e-01
   1.1902555e-01   5.9770115e-01   6.6666667e-01   1.6666667e-01
   1.2233550e-01   5.8620690e-01   6.6666667e-01   1.6666667e-01
   1.2432146e-01   5.8620690e-01   6.6666667e-01   1.6666667e-01
   1.2749901e-01   5.7471264e-01   6.6666667e-01   1.6666667e-01
   1.3809082e-01   5.6321839e-01   6.5517241e-01   1.6666667e-01
   1.3967960e-01   5.6321839e-01   6.5517241e-01   1.6666667e-01
   1.4643188e-01   5.5172414e-01   6.3218391e-01   1.6666667e-01
   1.4232755e-01   5.5172414e-01   6.3218391e-01   1.6666667e-01
   1.4219515e-01   5.5172414e-01   6.2068966e-01   1.6666667e-01
   1.5225738e-01   5.5172414e-01   6.2068966e-01   1.6666667e-01
   1.5821528e-01   5.5172414e-01   6.2068966e-01   1.6666667e-01
   1.6615914e-01   5.5172414e-01   6.3218391e-01   1.6666667e-01
   1.8376804e-01   5.5172414e-01   6.4367816e-01   1.6666667e-01
   1.9012313e-01   5.6321839e-01   6.5517241e-01   1.6666667e-01
   1.7357341e-01   5.6321839e-01   6.5517241e-01   1.6666667e-01
   1.5172779e-01   5.7471264e-01   6.5517241e-01   1.6666667e-01
   1.3027936e-01   5.7471264e-01   6.6666667e-01   1.6666667e-01
   1.0843373e-01   5.8620690e-01   6.6666667e-01   1.6666667e-01
   8.4734543e-02   6.0919540e-01   6.6666667e-01   1.6666667e-01
   7.1229975e-02   6.3218391e-01   6.7816092e-01   1.6666667e-01
   6.3948100e-02   6.3218391e-01   6.7816092e-01   1.6666667e-01
   6.4874884e-02   6.3218391e-01   6.7816092e-01   1.6666667e-01
   7.8511850e-02   6.3218391e-01   6.7816092e-01   1.6666667e-01
   8.6588111e-02   6.2068966e-01   6.7816092e-01   1.6666667e-01
   9.5988349e-02   6.2068966e-01   6.7816092e-01   1.6666667e-01
   1.0075467e-01   6.0919540e-01   6.7816092e-01   1.6666667e-01
   1.0658017e-01   5.9770115e-01   6.7816092e-01   1.6666667e-01
   1.0366742e-01   5.9770115e-01   6.7816092e-01   1.6666667e-01
   9.7974315e-02   5.7471264e-01   6.6666667e-01   1.6666667e-01
   1.1425923e-01   5.6321839e-01   6.5517241e-01   1.6666667e-01
   1.5172779e-01   4.5977011e-01   6.5517241e-01   3.3333333e-01
   1.8323845e-01   4.4827586e-01   6.4367816e-01   3.3333333e-01
   2.4837813e-01   4.4827586e-01   6.3218391e-01   3.3333333e-01
   3.5297233e-01   4.2528736e-01   6.0919540e-01   1.6666667e-01
   4.7279227e-01   3.9080460e-01   6.2068966e-01   1.6666667e-01
   5.6772144e-01   3.7931034e-01   6.3218391e-01   1.6666667e-01
   6.3087515e-01   3.7931034e-01   6.4367816e-01   1.6666667e-01
   6.5934066e-01   3.7931034e-01   6.5517241e-01   1.6666667e-01
   6.5801668e-01   3.7931034e-01   6.5517241e-01   1.6666667e-01
   6.2624123e-01   3.7931034e-01   6.6666667e-01   1.6666667e-01
   5.6374950e-01   3.7931034e-01   6.6666667e-01   1.6666667e-01
   4.9808023e-01   3.9080460e-01   6.7816092e-01   1.6666667e-01
   4.2949821e-01   4.0229885e-01   6.7816092e-01   1.6666667e-01
   3.5098636e-01   4.1379310e-01   6.7816092e-01   3.3333333e-01
   2.6506024e-01   4.2528736e-01   6.8965517e-01   3.3333333e-01
   1.8707798e-01   4.3678161e-01   6.8965517e-01   3.3333333e-01
   1.4855024e-01   4.4827586e-01   6.8965517e-01   3.3333333e-01
   1.2935258e-01   4.4827586e-01   6.8965517e-01   3.3333333e-01
   1.1584801e-01   4.4827586e-01   6.8965517e-01   3.3333333e-01
   1.0419701e-01   4.4827586e-01   6.8965517e-01   3.3333333e-01
   9.6385542e-02   4.4827586e-01   6.7816092e-01   3.3333333e-01
   8.2880974e-02   4.4827586e-01   6.7816092e-01   3.3333333e-01
   7.5996293e-02   4.5977011e-01   6.6666667e-01   3.3333333e-01
   6.2756521e-02   4.5977011e-01   6.5517241e-01   3.3333333e-01
   5.7195816e-02   4.5977011e-01   6.4367816e-01   3.3333333e-01
   6.2226930e-02   4.4827586e-01   6.3218391e-01   3.3333333e-01
   8.2748577e-02   4.4827586e-01   6.3218391e-01   3.3333333e-01
   1.1571561e-01   4.4827586e-01   6.3218391e-01   3.3333333e-01
   2.2123659e-01   3.9080460e-01   6.0919540e-01   3.3333333e-01
   4.3664769e-01   2.4137931e-01   6.0919540e-01   3.3333333e-01
   6.1326625e-01   2.4137931e-01   6.2068966e-01   3.3333333e-01
   7.0713624e-01   2.4137931e-01   6.3218391e-01   1.6666667e-01
   7.4606117e-01   2.4137931e-01   6.4367816e-01   3.3333333e-01
   7.4791474e-01   2.4137931e-01   6.5517241e-01   3.3333333e-01
   7.0978419e-01   2.4137931e-01   6.6666667e-01   3.3333333e-01
   6.5457434e-01   2.4137931e-01   6.6666667e-01   3.3333333e-01
   5.9367139e-01   2.4137931e-01   6.7816092e-01   3.3333333e-01
   5.4746458e-01   2.4137931e-01   6.7816092e-01   3.3333333e-01
   5.4812657e-01   2.4137931e-01   6.7816092e-01   3.3333333e-01
   6.2094532e-01   2.4137931e-01   6.7816092e-01   3.3333333e-01
   6.3802463e-01   2.4137931e-01   6.8965517e-01   3.3333333e-01
   5.7354693e-01   2.4137931e-01   6.8965517e-01   3.3333333e-01
   4.8960678e-01   2.4137931e-01   6.8965517e-01   3.3333333e-01
   4.2049517e-01   2.4137931e-01   6.7816092e-01   3.3333333e-01
   3.3324507e-01   2.4137931e-01   6.6666667e-01   3.3333333e-01
   2.4639216e-01   2.6436782e-01   6.5517241e-01   5.0000000e-01
   1.5093340e-01   4.0229885e-01   6.0919540e-01   3.3333333e-01
   6.2226930e-02   5.7471264e-01   5.9770115e-01   1.6666667e-01
   4.2234874e-02   5.7471264e-01   6.0919540e-01   1.6666667e-01
   4.3691249e-02   5.7471264e-01   6.0919540e-01   1.6666667e-01
   5.0973123e-02   5.7471264e-01   6.2068966e-01   1.6666667e-01
   5.1899907e-02   5.7471264e-01   6.2068966e-01   1.6666667e-01
   4.9781544e-02   5.8620690e-01   6.3218391e-01   1.6666667e-01
   3.6938965e-02   5.9770115e-01   6.3218391e-01   1.6666667e-01
   2.8597908e-02   5.9770115e-01   6.4367816e-01   1.6666667e-01
   2.1580829e-02   6.0919540e-01   6.4367816e-01   1.6666667e-01
   1.2974977e-02   6.2068966e-01   6.4367816e-01   1.6666667e-01
   4.3691249e-03   6.3218391e-01   6.5517241e-01   1.6666667e-01
   1.8535681e-03   6.4367816e-01   6.5517241e-01   1.6666667e-01
   4.8987157e-03   6.4367816e-01   6.6666667e-01   1.6666667e-01
   1.0591818e-03   6.4367816e-01   6.6666667e-01   1.6666667e-01
   3.3099431e-03   6.5517241e-01   6.6666667e-01   1.6666667e-01
   1.0062227e-02   6.5517241e-01   6.6666667e-01   1.6666667e-01
   3.4026215e-02   6.5517241e-01   6.6666667e-01   1.6666667e-01
   8.5926122e-02   5.1724138e-01   6.6666667e-01   3.3333333e-01
   1.3756123e-01   5.0574713e-01   6.6666667e-01   3.3333333e-01
   1.8800477e-01   4.9425287e-01   6.6666667e-01   3.3333333e-01
   2.1302794e-01   4.9425287e-01   6.5517241e-01   1.6666667e-01
   2.2904806e-01   4.9425287e-01   6.5517241e-01   1.6666667e-01
   2.5499801e-01   5.0574713e-01   6.5517241e-01   1.6666667e-01
   2.7896200e-01   5.0574713e-01   6.5517241e-01   1.6666667e-01
   2.8756785e-01   5.1724138e-01   6.5517241e-01   1.6666667e-01
   2.6347147e-01   5.1724138e-01   6.5517241e-01   1.6666667e-01
   2.2785648e-01   5.2873563e-01   6.5517241e-01   1.6666667e-01
   1.8628360e-01   5.4022989e-01   6.5517241e-01   1.6666667e-01
   1.5490534e-01   5.5172414e-01   6.5517241e-01   1.6666667e-01
   1.2683702e-01   5.6321839e-01   6.5517241e-01   1.6666667e-01
   9.8636303e-02   5.7471264e-01   6.5517241e-01   1.6666667e-01
   7.4407520e-02   5.9770115e-01   6.5517241e-01   1.6666667e-01
   5.2561896e-02   6.0919540e-01   6.5517241e-01   1.6666667e-01
   4.1970078e-02   6.0919540e-01   6.5517241e-01   1.6666667e-01
   3.8660135e-02   6.0919540e-01   6.5517241e-01   1.6666667e-01
   3.7203760e-02   6.0919540e-01   6.5517241e-01   1.6666667e-01
   4.2367271e-02   6.0919540e-01   6.4367816e-01   1.6666667e-01
   5.7063419e-02   5.8620690e-01   6.4367816e-01   1.6666667e-01
   8.4469747e-02   5.6321839e-01   6.4367816e-01   1.6666667e-01
   1.1240567e-01   5.5172414e-01   6.4367816e-01   1.6666667e-01
   1.3782603e-01   5.5172414e-01   6.3218391e-01   1.6666667e-01
   1.4497551e-01   5.4022989e-01   6.2068966e-01   1.6666667e-01
   1.5013902e-01   5.4022989e-01   6.2068966e-01   1.6666667e-01
   1.5199259e-01   5.4022989e-01   6.2068966e-01   1.6666667e-01
   1.6126043e-01   5.4022989e-01   6.3218391e-01   1.6666667e-01
   1.6179002e-01   5.5172414e-01   6.3218391e-01   1.6666667e-01
   1.5530253e-01   5.5172414e-01   6.4367816e-01   1.6666667e-01
   1.4643188e-01   5.6321839e-01   6.5517241e-01   1.6666667e-01
   1.3133854e-01   5.7471264e-01   6.6666667e-01   1.6666667e-01
   1.1465643e-01   5.8620690e-01   6.6666667e-01   1.6666667e-01
   9.8768701e-02   6.0919540e-01   6.7816092e-01   1.6666667e-01
   7.8909043e-02   6.3218391e-01   6.7816092e-01   1.6666667e-01
   6.6198861e-02   6.4367816e-01   6.7816092e-01   1.6666667e-01
   6.4610089e-02   6.5517241e-01   6.8965517e-01   1.6666667e-01
   6.2094532e-02   6.5517241e-01   6.8965517e-01   1.6666667e-01
   6.6331259e-02   6.6666667e-01   7.0114943e-01   1.6666667e-01
   6.4212896e-02   6.6666667e-01   7.0114943e-01   1.6666667e-01
   5.6533828e-02   6.6666667e-01   7.0114943e-01   1.6666667e-01
   5.1899907e-02   6.6666667e-01   7.0114943e-01   1.6666667e-01
   5.0046339e-02   6.6666667e-01   7.0114943e-01   1.6666667e-01
   4.5280021e-02   6.6666667e-01   7.0114943e-01   1.6666667e-01
   3.9586919e-02   6.6666667e-01   7.0114943e-01   1.6666667e-01
   3.0186681e-02   6.6666667e-01   7.0114943e-01   1.6666667e-01
   1.9197670e-02   6.7816092e-01   6.8965517e-01   1.6666667e-01
   1.2842579e-02   6.7816092e-01   6.7816092e-01   1.6666667e-01
   1.8535681e-03   6.7816092e-01   6.7816092e-01   0.0000000e+00
