   3.0800000e+02
   2.8835300e-02   6.2068966e-01   6.2068966e-01   1.6666667e-01
   3.7147255e-02   6.2068966e-01   6.3218391e-01   1.6666667e-01
   3.9302206e-02   6.2068966e-01   6.3218391e-01   1.6666667e-01
   3.3350436e-02   6.2068966e-01   6.2068966e-01   1.6666667e-01
   2.5962032e-02   6.0919540e-01   6.0919540e-01   0.0000000e+00
   2.7193433e-02   5.9770115e-01   5.9770115e-01   0.0000000e+00
   2.8835300e-02   5.8620690e-01   5.8620690e-01   1.6666667e-01
   2.7398666e-02   5.7909141e-01   5.8675424e-01   0.0000000e+00
   2.1857363e-02   5.7197592e-01   5.8730159e-01   0.0000000e+00
   9.1328887e-03   5.6486043e-01   5.8784893e-01   0.0000000e+00
   9.6459723e-03   5.5774494e-01   5.8839628e-01   0.0000000e+00
   9.2355054e-03   5.5062945e-01   5.8894362e-01   0.0000000e+00
   8.8250385e-03   5.4351396e-01   5.8949097e-01   0.0000000e+00
   8.4145716e-03   5.3639847e-01   5.9003831e-01   0.0000000e+00
   8.0041047e-03   5.2928298e-01   5.9058566e-01   0.0000000e+00
   7.5936378e-03   5.2216749e-01   5.9113300e-01   0.0000000e+00
   7.1831709e-03   5.1505200e-01   5.9168035e-01   0.0000000e+00
   6.7727040e-03   5.0793651e-01   5.9222770e-01   0.0000000e+00
   6.3622370e-03   5.0082102e-01   5.9277504e-01   0.0000000e+00
   5.9517701e-03   4.9370553e-01   5.9332239e-01   0.0000000e+00
   5.5413032e-03   4.8659004e-01   5.9386973e-01   0.0000000e+00
   5.1308363e-03   4.7947455e-01   5.9441708e-01   0.0000000e+00
   4.7203694e-03   4.7235906e-01   5.9496442e-01   0.0000000e+00
   4.3099025e-03   4.6524357e-01   5.9551177e-01   0.0000000e+00
   3.8994356e-03   4.5812808e-01   5.9605911e-01   0.0000000e+00
   1.9497178e-03   4.5101259e-01   5.9660646e-01   0.0000000e+00
   1.8471011e-02   4.4389710e-01   5.9715380e-01   0.0000000e+00
   1.7065162e-01   4.3678161e-01   5.9770115e-01   1.6666667e-01
   3.1595690e-01   4.2528736e-01   6.0919540e-01   1.6666667e-01
   3.9620318e-01   4.2528736e-01   6.3218391e-01   1.6666667e-01
   4.3335044e-01   4.2528736e-01   6.5517241e-01   1.6666667e-01
   5.2406362e-01   4.2528736e-01   7.3563218e-01   1.6666667e-01
   7.0785018e-01   4.2528736e-01   9.6551724e-01   3.3333333e-01
   9.0928681e-01   4.3678161e-01   9.7701149e-01   1.6666667e-01
   1.0000000e+00   4.3678161e-01   9.8850575e-01   1.6666667e-01
   9.9476655e-01   4.4827586e-01   9.8850575e-01   1.6666667e-01
   9.3134941e-01   4.5977011e-01   1.0000000e+00   1.6666667e-01
   8.2514110e-01   5.0574713e-01   1.0000000e+00   1.6666667e-01
   6.9256029e-01   5.0574713e-01   1.0000000e+00   1.6666667e-01
   5.8881478e-01   5.1724138e-01   1.0000000e+00   1.6666667e-01
   4.9964084e-01   5.1724138e-01   1.0000000e+00   3.3333333e-01
   4.1385326e-01   5.2873563e-01   1.0000000e+00   3.3333333e-01
   3.0908158e-01   5.2873563e-01   1.0000000e+00   3.3333333e-01
   2.1303232e-01   5.4022989e-01   6.5517241e-01   1.6666667e-01
   1.7783479e-01   5.5172414e-01   6.5517241e-01   1.6666667e-01
   1.6439200e-01   5.6321839e-01   6.6666667e-01   1.6666667e-01
   1.4232940e-01   5.7471264e-01   6.6666667e-01   1.6666667e-01
   1.2067727e-01   5.8620690e-01   6.6666667e-01   1.6666667e-01
   1.0323243e-01   6.0919540e-01   6.7816092e-01   1.6666667e-01
   8.0348897e-02   6.2068966e-01   6.7816092e-01   1.6666667e-01
   6.3417137e-02   6.3218391e-01   6.7816092e-01   1.6666667e-01
   5.1924064e-02   6.4367816e-01   6.7816092e-01   1.6666667e-01
   4.8024628e-02   6.4367816e-01   6.7816092e-01   1.6666667e-01
   4.7614161e-02   6.4367816e-01   6.7816092e-01   1.6666667e-01
   4.9256029e-02   6.4367816e-01   6.7816092e-01   1.6666667e-01
   5.2539764e-02   6.4367816e-01   6.7816092e-01   1.6666667e-01
   8.9276552e-02   5.7471264e-01   6.7816092e-01   3.3333333e-01
   1.5074397e-01   5.4022989e-01   6.6666667e-01   1.6666667e-01
   2.0328374e-01   5.2873563e-01   6.6666667e-01   1.6666667e-01
   2.2308876e-01   5.2873563e-01   6.4367816e-01   1.6666667e-01
   2.2298615e-01   5.2873563e-01   6.4367816e-01   1.6666667e-01
   2.2052335e-01   5.2873563e-01   6.4367816e-01   1.6666667e-01
   2.1570036e-01   5.2873563e-01   6.4367816e-01   1.6666667e-01
   2.1087737e-01   5.4022989e-01   6.4367816e-01   1.6666667e-01
   1.9127758e-01   5.4022989e-01   6.5517241e-01   1.6666667e-01
   1.7352488e-01   5.5172414e-01   6.5517241e-01   1.6666667e-01
   1.5341201e-01   5.6321839e-01   6.5517241e-01   1.6666667e-01
   1.3114418e-01   5.7471264e-01   6.6666667e-01   1.6666667e-01
   1.1328887e-01   5.9770115e-01   6.6666667e-01   1.6666667e-01
   9.9743458e-02   6.2068966e-01   6.6666667e-01   1.6666667e-01
   9.9435608e-02   6.2068966e-01   6.7816092e-01   1.6666667e-01
   1.0384813e-01   6.0919540e-01   6.7816092e-01   1.6666667e-01
   1.1790662e-01   6.0919540e-01   6.7816092e-01   1.6666667e-01
   1.3514623e-01   5.8620690e-01   6.7816092e-01   1.6666667e-01
   1.5720883e-01   5.7471264e-01   6.7816092e-01   1.6666667e-01
   1.8286301e-01   5.6321839e-01   6.6666667e-01   1.6666667e-01
   2.0759364e-01   5.4022989e-01   6.6666667e-01   1.6666667e-01
   2.3170857e-01   5.2873563e-01   6.5517241e-01   1.6666667e-01
   2.4905080e-01   5.2873563e-01   6.5517241e-01   1.6666667e-01
   2.5325808e-01   5.2873563e-01   6.5517241e-01   1.6666667e-01
   2.5684967e-01   5.2873563e-01   6.5517241e-01   1.6666667e-01
   2.5859415e-01   5.2873563e-01   6.5517241e-01   1.6666667e-01
   2.5305285e-01   5.2873563e-01   6.6666667e-01   1.6666667e-01
   2.4545921e-01   5.4022989e-01   6.6666667e-01   1.6666667e-01
   2.2247306e-01   5.4022989e-01   6.7816092e-01   1.6666667e-01
   1.9148281e-01   5.5172414e-01   6.7816092e-01   1.6666667e-01
   1.5761929e-01   5.6321839e-01   6.7816092e-01   1.6666667e-01
   1.2744997e-01   5.7471264e-01   6.7816092e-01   1.6666667e-01
   9.8922524e-02   6.0919540e-01   6.7816092e-01   1.6666667e-01
   8.0246280e-02   6.3218391e-01   6.8965517e-01   1.6666667e-01
   7.6038994e-02   6.3218391e-01   6.8965517e-01   1.6666667e-01
   8.6608517e-02   6.2068966e-01   6.8965517e-01   1.6666667e-01
   9.8512057e-02   6.2068966e-01   6.8965517e-01   1.6666667e-01
   1.0302719e-01   6.0919540e-01   6.8965517e-01   1.6666667e-01
   1.0918420e-01   6.0919540e-01   6.7816092e-01   1.6666667e-01
   1.1195485e-01   5.9770115e-01   6.6666667e-01   1.6666667e-01
   1.1390457e-01   5.8620690e-01   6.6666667e-01   1.6666667e-01
   1.0887635e-01   5.8620690e-01   6.6666667e-01   1.6666667e-01
   1.0169318e-01   5.8620690e-01   6.5517241e-01   1.6666667e-01
   9.3381221e-02   5.7471264e-01   6.5517241e-01   1.6666667e-01
   8.6505900e-02   5.7471264e-01   6.4367816e-01   1.6666667e-01
   7.9835813e-02   5.7471264e-01   6.3218391e-01   1.6666667e-01
   7.0292458e-02   5.6321839e-01   6.3218391e-01   1.6666667e-01
   6.5572088e-02   5.6321839e-01   6.0919540e-01   1.6666667e-01
   5.9722935e-02   5.5172414e-01   5.9770115e-01   1.6666667e-01
   5.8491534e-02   5.5172414e-01   5.9770115e-01   1.6666667e-01
   6.6906106e-02   5.5172414e-01   5.9770115e-01   1.6666667e-01
   1.1051821e-01   5.5172414e-01   6.0919540e-01   1.6666667e-01
   1.7516675e-01   5.5172414e-01   6.7816092e-01   1.6666667e-01
   2.2770652e-01   5.6321839e-01   6.8965517e-01   1.6666667e-01
   2.3837866e-01   5.6321839e-01   6.8965517e-01   1.6666667e-01
   2.3458184e-01   5.6321839e-01   6.8965517e-01   1.6666667e-01
   2.2575680e-01   5.7471264e-01   7.0114943e-01   1.6666667e-01
   2.0872242e-01   5.7471264e-01   7.0114943e-01   1.6666667e-01
   1.9620318e-01   5.8620690e-01   7.0114943e-01   1.6666667e-01
   1.8029759e-01   5.8620690e-01   7.0114943e-01   1.6666667e-01
   1.6788096e-01   5.8620690e-01   7.0114943e-01   1.6666667e-01
   1.5330939e-01   5.8620690e-01   6.8965517e-01   1.6666667e-01
   1.3165726e-01   5.8620690e-01   6.7816092e-01   1.6666667e-01
   1.1893279e-01   5.7471264e-01   6.6666667e-01   1.6666667e-01
   1.1985634e-01   5.6321839e-01   6.5517241e-01   1.6666667e-01
   1.1831709e-01   5.6321839e-01   6.4367816e-01   1.6666667e-01
   1.1564905e-01   5.6321839e-01   6.3218391e-01   1.6666667e-01
   1.1400718e-01   5.5172414e-01   6.2068966e-01   1.6666667e-01
   1.1575167e-01   5.5172414e-01   6.2068966e-01   1.6666667e-01
   1.2591072e-01   5.5172414e-01   6.2068966e-01   1.6666667e-01
   1.3812211e-01   5.6321839e-01   6.3218391e-01   1.6666667e-01
   1.4787070e-01   5.6321839e-01   6.4367816e-01   1.6666667e-01
   1.5731144e-01   5.6321839e-01   6.5517241e-01   1.6666667e-01
   1.5772191e-01   5.7471264e-01   6.5517241e-01   1.6666667e-01
   1.5002565e-01   5.7471264e-01   6.6666667e-01   1.6666667e-01
   1.3730118e-01   5.8620690e-01   6.6666667e-01   1.6666667e-01
   1.2231914e-01   5.9770115e-01   6.7816092e-01   1.6666667e-01
   1.0333504e-01   6.0919540e-01   6.7816092e-01   1.6666667e-01
   8.5274500e-02   6.2068966e-01   6.7816092e-01   1.6666667e-01
   7.4602360e-02   6.4367816e-01   6.7816092e-01   1.6666667e-01
   6.4648538e-02   6.4367816e-01   6.8965517e-01   1.6666667e-01
   5.8081067e-02   6.5517241e-01   6.8965517e-01   1.6666667e-01
   5.5926116e-02   6.5517241e-01   6.8965517e-01   1.6666667e-01
   5.3463315e-02   6.5517241e-01   6.8965517e-01   1.6666667e-01
   4.9769112e-02   6.5517241e-01   6.8965517e-01   1.6666667e-01
   4.6280144e-02   6.5517241e-01   6.8965517e-01   1.6666667e-01
   4.2585942e-02   6.5517241e-01   6.8965517e-01   1.6666667e-01
   3.8070806e-02   6.5517241e-01   6.7816092e-01   1.6666667e-01
   4.5356593e-02   6.4367816e-01   6.6666667e-01   1.6666667e-01
   1.0025654e-01   5.4022989e-01   6.6666667e-01   1.6666667e-01
   1.6921498e-01   5.4022989e-01   6.5517241e-01   1.6666667e-01
   2.2349923e-01   5.4022989e-01   6.5517241e-01   1.6666667e-01
   2.3478707e-01   5.4022989e-01   6.5517241e-01   1.6666667e-01
   2.3468445e-01   5.4022989e-01   6.6666667e-01   1.6666667e-01
   2.3581324e-01   5.4022989e-01   6.6666667e-01   1.6666667e-01
   2.2134428e-01   5.5172414e-01   6.7816092e-01   1.6666667e-01
   1.9343253e-01   5.6321839e-01   6.7816092e-01   1.6666667e-01
   1.6613648e-01   5.7471264e-01   6.8965517e-01   1.6666667e-01
   1.3524885e-01   5.8620690e-01   6.8965517e-01   1.6666667e-01
   1.0466906e-01   6.0919540e-01   6.8965517e-01   1.6666667e-01
   7.8912263e-02   6.4367816e-01   6.8965517e-01   1.6666667e-01
   5.7670600e-02   6.6666667e-01   6.8965517e-01   1.6666667e-01
   4.3919959e-02   6.6666667e-01   7.0114943e-01   1.6666667e-01
   3.6531555e-02   6.6666667e-01   7.0114943e-01   1.6666667e-01
   3.3145203e-02   6.7816092e-01   7.0114943e-01   1.6666667e-01
   3.0682401e-02   6.7816092e-01   7.0114943e-01   1.6666667e-01
   3.1811185e-02   6.6666667e-01   6.8965517e-01   1.6666667e-01
   3.0066701e-02   6.5517241e-01   6.6666667e-01   1.6666667e-01
   3.2632119e-02   6.5517241e-01   6.6666667e-01   1.6666667e-01
   4.0636224e-02   6.3218391e-01   6.6666667e-01   1.6666667e-01
   4.7306311e-02   6.2068966e-01   6.6666667e-01   1.6666667e-01
   5.6028733e-02   6.0919540e-01   6.4367816e-01   1.6666667e-01
   8.5479733e-02   5.5172414e-01   6.4367816e-01   1.6666667e-01
   9.5228322e-02   5.5172414e-01   6.3218391e-01   1.6666667e-01
   9.5741406e-02   5.5172414e-01   6.3218391e-01   1.6666667e-01
   8.9071319e-02   5.5172414e-01   6.2068966e-01   1.6666667e-01
   8.4658799e-02   5.6321839e-01   6.2068966e-01   1.6666667e-01
   9.2355054e-02   5.7471264e-01   6.3218391e-01   1.6666667e-01
   1.1688045e-01   5.7471264e-01   6.5517241e-01   1.6666667e-01
   1.5166752e-01   5.8620690e-01   6.7816092e-01   1.6666667e-01
   1.7998974e-01   5.8620690e-01   7.0114943e-01   1.6666667e-01
   1.9651103e-01   5.9770115e-01   7.1264368e-01   1.6666667e-01
   1.8891739e-01   6.0919540e-01   7.1264368e-01   1.6666667e-01
   1.7373012e-01   6.0919540e-01   7.1264368e-01   1.6666667e-01
   1.4838379e-01   6.2068966e-01   7.2413793e-01   1.6666667e-01
   1.2765521e-01   6.2068966e-01   7.2413793e-01   1.6666667e-01
   1.0497691e-01   6.2068966e-01   7.2413793e-01   1.6666667e-01
   8.6711134e-02   6.2068966e-01   7.0114943e-01   1.6666667e-01
   6.5264238e-02   6.2068966e-01   6.7816092e-01   1.6666667e-01
   4.2585942e-02   6.2068966e-01   6.6666667e-01   1.6666667e-01
   3.0169318e-02   6.3218391e-01   6.4367816e-01   1.6666667e-01
   1.8368394e-02   6.1609195e-01   6.2758621e-01   0.0000000e+00
   6.6700872e-03   6.0000000e-01   6.1149425e-01   0.0000000e+00
   0.0000000e+00   5.8390805e-01   5.9540230e-01   0.0000000e+00
   7.1831709e-03   5.6781609e-01   5.7931034e-01   0.0000000e+00
   2.7603899e-02   5.5172414e-01   5.6321839e-01   1.6666667e-01
   5.7875834e-02   5.2873563e-01   5.7471264e-01   1.6666667e-01
   1.8337609e-01   3.1034483e-01   5.7471264e-01   3.3333333e-01
   3.9507440e-01   2.8735632e-01   5.9770115e-01   1.6666667e-01
   5.9805028e-01   2.7586207e-01   6.6666667e-01   1.6666667e-01
   7.0548999e-01   2.4137931e-01   6.7816092e-01   1.6666667e-01
   7.2498717e-01   2.2988506e-01   6.7816092e-01   1.6666667e-01
   7.1924064e-01   2.2988506e-01   6.8965517e-01   1.6666667e-01
   6.9286814e-01   1.8390805e-01   6.8965517e-01   5.0000000e-01
   6.3468445e-01   1.8390805e-01   6.8965517e-01   5.0000000e-01
   5.3288866e-01   1.8390805e-01   7.0114943e-01   3.3333333e-01
   4.2698820e-01   1.8390805e-01   7.0114943e-01   3.3333333e-01
   3.7034377e-01   1.8390805e-01   7.0114943e-01   3.3333333e-01
   3.2262699e-01   1.8390805e-01   6.8965517e-01   3.3333333e-01
   2.6782966e-01   1.8390805e-01   6.8965517e-01   5.0000000e-01
   2.1682914e-01   1.8390805e-01   6.6666667e-01   5.0000000e-01
   1.7362750e-01   1.8390805e-01   6.5517241e-01   3.3333333e-01
   1.5423294e-01   1.8390805e-01   6.4367816e-01   3.3333333e-01
   2.0348897e-01   1.8390805e-01   6.2068966e-01   5.0000000e-01
   2.3612109e-01   1.8390805e-01   6.2068966e-01   3.3333333e-01
   2.5397640e-01   1.9540230e-01   6.3218391e-01   3.3333333e-01
   2.4084146e-01   2.0689655e-01   6.4367816e-01   3.3333333e-01
   2.1826578e-01   2.2988506e-01   6.4367816e-01   3.3333333e-01
   1.9107234e-01   2.5287356e-01   6.5517241e-01   3.3333333e-01
   1.5515649e-01   2.8735632e-01   6.6666667e-01   3.3333333e-01
   1.1113391e-01   5.9770115e-01   6.6666667e-01   1.6666667e-01
   9.8101591e-02   6.0919540e-01   6.7816092e-01   1.6666667e-01
   8.0554130e-02   6.2068966e-01   6.7816092e-01   1.6666667e-01
   6.4238071e-02   6.3218391e-01   6.7816092e-01   1.6666667e-01
   5.3155464e-02   6.4367816e-01   6.8965517e-01   1.6666667e-01
   4.1457158e-02   6.5517241e-01   6.8965517e-01   1.6666667e-01
   3.2119035e-02   6.6666667e-01   6.8965517e-01   1.6666667e-01
   2.6167265e-02   6.7816092e-01   6.8965517e-01   1.6666667e-01
   2.8014366e-02   6.7816092e-01   6.8965517e-01   1.6666667e-01
   2.7193433e-02   6.7816092e-01   6.8965517e-01   1.6666667e-01
   2.8219600e-02   6.7816092e-01   6.8965517e-01   1.6666667e-01
   2.8732683e-02   6.7816092e-01   7.0114943e-01   1.6666667e-01
   3.1708568e-02   6.7816092e-01   6.8965517e-01   1.6666667e-01
   6.2698820e-02   5.6321839e-01   6.8965517e-01   3.3333333e-01
   1.3299128e-01   5.2873563e-01   6.8965517e-01   3.3333333e-01
   2.0051308e-01   5.2873563e-01   6.8965517e-01   3.3333333e-01
   2.4515136e-01   5.1724138e-01   6.8965517e-01   1.6666667e-01
   2.5910723e-01   5.1724138e-01   6.7816092e-01   1.6666667e-01
   2.5869677e-01   5.1724138e-01   6.7816092e-01   1.6666667e-01
   2.5182145e-01   5.1724138e-01   6.7816092e-01   1.6666667e-01
   2.5151360e-01   5.1724138e-01   6.6666667e-01   1.6666667e-01
   2.5223191e-01   5.2873563e-01   6.6666667e-01   1.6666667e-01
   2.4433043e-01   5.2873563e-01   6.7816092e-01   1.6666667e-01
   2.2698820e-01   5.4022989e-01   6.7816092e-01   1.6666667e-01
   1.9774243e-01   5.5172414e-01   6.7816092e-01   1.6666667e-01
   1.7444844e-01   5.5172414e-01   6.7816092e-01   1.6666667e-01
   1.6018471e-01   5.6321839e-01   6.7816092e-01   1.6666667e-01
   1.3648025e-01   5.7471264e-01   6.7816092e-01   1.6666667e-01
   1.1021036e-01   5.9770115e-01   6.8965517e-01   1.6666667e-01
   8.2709082e-02   6.4367816e-01   6.8965517e-01   1.6666667e-01
   6.1262186e-02   6.4367816e-01   6.8965517e-01   1.6666667e-01
   5.6644433e-02   6.4367816e-01   6.8965517e-01   1.6666667e-01
   5.2026680e-02   6.4367816e-01   6.8965517e-01   1.6666667e-01
   4.7203694e-02   6.4367816e-01   6.7816092e-01   1.6666667e-01
   4.1765008e-02   6.4367816e-01   6.6666667e-01   1.6666667e-01
   3.4376603e-02   6.4367816e-01   6.6666667e-01   1.6666667e-01
   2.9758851e-02   6.4367816e-01   6.6666667e-01   1.6666667e-01
   2.2370446e-02   6.3649425e-01   6.5660920e-01   0.0000000e+00
   1.9805028e-02   6.2931034e-01   6.4655172e-01   0.0000000e+00
   1.6213443e-02   6.2212644e-01   6.3649425e-01   0.0000000e+00
   1.5084659e-02   6.1494253e-01   6.2643678e-01   0.0000000e+00
   1.0466906e-02   6.0775862e-01   6.1637931e-01   0.0000000e+00
   7.3884043e-03   6.0057471e-01   6.0632184e-01   0.0000000e+00
   1.9497178e-03   5.9339080e-01   5.9626437e-01   0.0000000e+00
   2.4320164e-02   5.8620690e-01   5.8620690e-01   1.6666667e-01
   6.4340688e-02   5.6321839e-01   6.0919540e-01   1.6666667e-01
   1.2632119e-01   5.5172414e-01   6.2068966e-01   1.6666667e-01
   1.7742432e-01   5.4022989e-01   6.3218391e-01   1.6666667e-01
   2.1477681e-01   5.2873563e-01   6.4367816e-01   1.6666667e-01
   2.4135454e-01   5.2873563e-01   6.5517241e-01   1.6666667e-01
   2.6074910e-01   5.2873563e-01   6.5517241e-01   1.6666667e-01
   2.6177527e-01   5.1724138e-01   6.5517241e-01   1.6666667e-01
   2.5602873e-01   5.1724138e-01   6.6666667e-01   1.6666667e-01
   2.4361211e-01   5.1724138e-01   6.6666667e-01   1.6666667e-01
   2.3078502e-01   5.1724138e-01   6.6666667e-01   1.6666667e-01
   2.1621344e-01   5.2873563e-01   6.6666667e-01   1.6666667e-01
   1.9456131e-01   5.2873563e-01   6.6666667e-01   1.6666667e-01
   1.7167778e-01   5.2873563e-01   6.7816092e-01   3.3333333e-01
   1.5536172e-01   5.2873563e-01   6.7816092e-01   3.3333333e-01
   1.4284248e-01   5.4022989e-01   6.7816092e-01   3.3333333e-01
   2.4330426e-01   2.6436782e-01   6.6666667e-01   6.6666667e-01
   4.6372499e-01   2.5287356e-01   6.6666667e-01   1.6666667e-01
   6.5479733e-01   2.4137931e-01   6.5517241e-01   1.6666667e-01
   7.3052848e-01   2.4137931e-01   6.4367816e-01   1.6666667e-01
   7.4058492e-01   2.4137931e-01   6.3218391e-01   1.6666667e-01
   7.3319651e-01   2.4137931e-01   6.2068966e-01   1.6666667e-01
   7.0672140e-01   2.4137931e-01   6.2068966e-01   1.6666667e-01
   6.4309903e-01   2.5287356e-01   6.3218391e-01   1.6666667e-01
   5.5187276e-01   2.5287356e-01   6.3218391e-01   1.6666667e-01
   4.6875321e-01   2.6436782e-01   6.4367816e-01   1.6666667e-01
   3.8388917e-01   2.8735632e-01   6.4367816e-01   1.6666667e-01
   2.9009749e-01   3.7931034e-01   6.4367816e-01   1.6666667e-01
   1.9148281e-01   5.6321839e-01   6.5517241e-01   1.6666667e-01
   9.6254489e-02   5.9770115e-01   6.5517241e-01   1.6666667e-01
   7.4704977e-02   6.0919540e-01   6.5517241e-01   1.6666667e-01
   6.5059005e-02   6.2068966e-01   6.5517241e-01   1.6666667e-01
   6.0133402e-02   6.3218391e-01   6.5517241e-01   1.6666667e-01
   6.0338635e-02   6.3218391e-01   6.6666667e-01   1.6666667e-01
   6.0441252e-02   6.3218391e-01   6.6666667e-01   1.6666667e-01
   6.0954336e-02   6.3218391e-01   6.6666667e-01   1.6666667e-01
   6.1775269e-02   6.3218391e-01   6.6666667e-01   1.6666667e-01
   6.2904053e-02   6.3218391e-01   6.6666667e-01   1.6666667e-01
   6.4135454e-02   6.2068966e-01   6.6666667e-01   1.6666667e-01
   5.8696768e-02   6.2068966e-01   6.6666667e-01   1.6666667e-01
   6.1262186e-02   6.2068966e-01   6.5517241e-01   1.6666667e-01
   5.6849666e-02   6.2068966e-01   6.5517241e-01   1.6666667e-01
   4.9769112e-02   6.2068966e-01   6.4367816e-01   1.6666667e-01
   4.4535659e-02   6.2068966e-01   6.3218391e-01   1.6666667e-01
   3.6839405e-02   6.2068966e-01   6.3218391e-01   1.6666667e-01
   3.6839405e-02   6.2068966e-01   6.3218391e-01   0.0000000e+00
   3.3453053e-02   6.2068966e-01   6.3218391e-01   0.0000000e+00
   2.4833248e-02   6.2068966e-01   6.3218391e-01   0.0000000e+00
