   2.2900000e+02
   5.6240602e-02   1.7647059e-01   5.2941176e-01   0.0000000e+00
   3.0601504e-01   1.7647059e-01   5.2941176e-01   3.3333333e-01
   5.9518797e-01   1.1764706e-01   5.6862745e-01   1.6666667e-01
   7.9774436e-01   9.8039216e-02   6.0784314e-01   1.6666667e-01
   8.8300752e-01   7.8431373e-02   6.2745098e-01   1.6666667e-01
   9.0977444e-01   7.8431373e-02   6.4705882e-01   1.6666667e-01
   9.0375940e-01   5.8823529e-02   6.4705882e-01   1.6666667e-01
   8.6165414e-01   5.8823529e-02   6.6666667e-01   1.6666667e-01
   7.6676692e-01   7.8431373e-02   6.6666667e-01   1.6666667e-01
   6.4270677e-01   1.1764706e-01   6.8627451e-01   1.6666667e-01
   5.1203008e-01   2.1568627e-01   6.8627451e-01   1.6666667e-01
   3.7864662e-01   2.9411765e-01   7.0588235e-01   1.6666667e-01
   2.5984962e-01   5.0980392e-01   7.0588235e-01   1.6666667e-01
   1.5293233e-01   6.0784314e-01   7.0588235e-01   1.6666667e-01
   9.7293233e-02   6.4705882e-01   7.0588235e-01   1.6666667e-01
   8.4661654e-02   6.4705882e-01   7.0588235e-01   1.6666667e-01
   7.4736842e-02   6.4705882e-01   7.2549020e-01   1.6666667e-01
   7.0075188e-02   6.6666667e-01   7.2549020e-01   1.6666667e-01
   6.3157895e-02   6.6666667e-01   7.0588235e-01   1.6666667e-01
   5.3984962e-02   6.6666667e-01   7.0588235e-01   1.6666667e-01
   4.2255639e-02   6.1675579e-01   6.7557932e-01   0.0000000e+00
   2.1954887e-02   5.6684492e-01   6.4527629e-01   0.0000000e+00
   9.0225564e-04   5.1693405e-01   6.1497326e-01   0.0000000e+00
   3.0075188e-03   4.6702317e-01   5.8467023e-01   0.0000000e+00
   3.0075188e-03   4.1711230e-01   5.5436720e-01   0.0000000e+00
   3.0075188e-03   3.6720143e-01   5.2406417e-01   0.0000000e+00
   3.0075188e-03   3.1729055e-01   4.9376114e-01   0.0000000e+00
   3.0075188e-03   2.6737968e-01   4.6345811e-01   0.0000000e+00
   2.1052632e-03   2.1746881e-01   4.3315508e-01   0.0000000e+00
   1.2030075e-02   1.6755793e-01   4.0285205e-01   0.0000000e+00
   1.9097744e-01   1.1764706e-01   3.7254902e-01   1.6666667e-01
   4.7984962e-01   9.8039216e-02   5.0980392e-01   1.6666667e-01
   7.0165414e-01   9.8039216e-02   5.2941176e-01   1.6666667e-01
   7.8496241e-01   7.8431373e-02   5.4901961e-01   1.6666667e-01
   8.1503759e-01   7.8431373e-02   5.6862745e-01   1.6666667e-01
   8.2932331e-01   9.8039216e-02   5.8823529e-01   1.6666667e-01
   8.1969925e-01   9.8039216e-02   6.0784314e-01   1.6666667e-01
   7.8150376e-01   1.1764706e-01   6.0784314e-01   1.6666667e-01
   7.0436090e-01   1.3725490e-01   6.2745098e-01   1.6666667e-01
   5.9879699e-01   1.5686275e-01   6.2745098e-01   1.6666667e-01
   4.9203008e-01   1.7647059e-01   6.4705882e-01   1.6666667e-01
   3.8902256e-01   3.1372549e-01   6.4705882e-01   1.6666667e-01
   2.6436090e-01   3.5294118e-01   6.4705882e-01   1.6666667e-01
   1.9624060e-01   5.6862745e-01   6.6666667e-01   1.6666667e-01
   1.1278195e-01   5.8823529e-01   6.6666667e-01   1.6666667e-01
   9.5639098e-02   6.0784314e-01   6.6666667e-01   1.6666667e-01
   8.7969925e-02   6.2745098e-01   6.8627451e-01   1.6666667e-01
   7.8045113e-02   6.2745098e-01   6.8627451e-01   1.6666667e-01
   6.5714286e-02   6.2745098e-01   6.8627451e-01   1.6666667e-01
   6.1654135e-02   6.4705882e-01   6.8627451e-01   1.6666667e-01
   6.2255639e-02   6.4705882e-01   6.8627451e-01   1.6666667e-01
   5.7293233e-02   6.4705882e-01   6.8627451e-01   1.6666667e-01
   5.1278195e-02   6.4705882e-01   6.8627451e-01   1.6666667e-01
   4.8270677e-02   6.4705882e-01   6.6666667e-01   1.6666667e-01
   5.3984962e-02   6.2745098e-01   6.4705882e-01   1.6666667e-01
   6.3909774e-02   6.0784314e-01   6.2745098e-01   1.6666667e-01
   8.9473684e-02   5.4901961e-01   6.2745098e-01   3.3333333e-01
   1.3639098e-01   4.7058824e-01   6.2745098e-01   3.3333333e-01
   1.3052632e-01   4.5098039e-01   5.6862745e-01   1.6666667e-01
   9.9398496e-02   4.7058824e-01   5.6862745e-01   1.6666667e-01
   6.8721805e-02   4.9019608e-01   5.2941176e-01   1.6666667e-01
   3.4586466e-02   4.8888889e-01   5.3333333e-01   0.0000000e+00
   0.0000000e+00   4.8758170e-01   5.3725490e-01   0.0000000e+00
   3.0075188e-03   4.8627451e-01   5.4117647e-01   0.0000000e+00
   3.0075188e-03   4.8496732e-01   5.4509804e-01   0.0000000e+00
   3.0075188e-03   4.8366013e-01   5.4901961e-01   0.0000000e+00
   3.0075188e-03   4.8235294e-01   5.5294118e-01   0.0000000e+00
   3.0075188e-03   4.8104575e-01   5.5686275e-01   0.0000000e+00
   3.0075188e-03   4.7973856e-01   5.6078431e-01   0.0000000e+00
   3.0075188e-03   4.7843137e-01   5.6470588e-01   0.0000000e+00
   3.0075188e-03   4.7712418e-01   5.6862745e-01   0.0000000e+00
   3.0075188e-03   4.7581699e-01   5.7254902e-01   0.0000000e+00
   3.0075188e-03   4.7450980e-01   5.7647059e-01   0.0000000e+00
   7.5187970e-04   4.7320261e-01   5.8039216e-01   0.0000000e+00
   1.8045113e-02   4.7189542e-01   5.8431373e-01   0.0000000e+00
   1.1548872e-01   4.7058824e-01   5.8823529e-01   1.6666667e-01
   2.3849624e-01   4.3137255e-01   6.0784314e-01   1.6666667e-01
   3.3563910e-01   4.1176471e-01   6.2745098e-01   1.6666667e-01
   3.7654135e-01   3.9215686e-01   6.2745098e-01   1.6666667e-01
   3.6345865e-01   3.9215686e-01   6.4705882e-01   1.6666667e-01
   3.1308271e-01   3.9215686e-01   6.4705882e-01   1.6666667e-01
   2.7503759e-01   4.1176471e-01   6.6666667e-01   1.6666667e-01
   2.2842105e-01   4.1176471e-01   6.6666667e-01   1.6666667e-01
   1.7924812e-01   4.3137255e-01   6.6666667e-01   1.6666667e-01
   1.1969925e-01   6.2745098e-01   6.8627451e-01   1.6666667e-01
   4.0150376e-02   6.4705882e-01   6.8627451e-01   1.6666667e-01
   3.3233083e-02   6.6666667e-01   6.8627451e-01   1.6666667e-01
   2.6015038e-02   6.5522876e-01   6.7483660e-01   0.0000000e+00
   1.2631579e-02   6.4379085e-01   6.6339869e-01   0.0000000e+00
   1.8045113e-03   6.3235294e-01   6.5196078e-01   0.0000000e+00
   3.0075188e-03   6.2091503e-01   6.4052288e-01   0.0000000e+00
   3.0075188e-03   6.0947712e-01   6.2908497e-01   0.0000000e+00
   3.0075188e-03   5.9803922e-01   6.1764706e-01   0.0000000e+00
   3.0075188e-03   5.8660131e-01   6.0620915e-01   0.0000000e+00
   2.7067669e-03   5.7516340e-01   5.9477124e-01   0.0000000e+00
   5.8646617e-03   5.6372549e-01   5.8333333e-01   0.0000000e+00
   1.9699248e-02   5.5228758e-01   5.7189542e-01   0.0000000e+00
   2.9924812e-02   5.4084967e-01   5.6045752e-01   0.0000000e+00
   4.0601504e-02   5.2941176e-01   5.4901961e-01   1.6666667e-01
   4.8421053e-02   5.0980392e-01   5.2941176e-01   1.6666667e-01
   4.7969925e-02   4.9019608e-01   5.2941176e-01   1.6666667e-01
   4.5112782e-02   4.9019608e-01   5.0980392e-01   1.6666667e-01
   3.7293233e-02   4.9019608e-01   4.9019608e-01   1.6666667e-01
   3.2180451e-02   4.7843137e-01   4.8235294e-01   0.0000000e+00
   1.8496241e-02   4.6666667e-01   4.7450980e-01   0.0000000e+00
   3.6090226e-03   4.5490196e-01   4.6666667e-01   0.0000000e+00
   1.8646617e-02   4.4313725e-01   4.5882353e-01   0.0000000e+00
   4.1954887e-02   4.3137255e-01   4.5098039e-01   1.6666667e-01
   1.1714286e-01   4.3137255e-01   5.4901961e-01   3.3333333e-01
   2.2285714e-01   4.3137255e-01   6.4705882e-01   1.6666667e-01
   3.1654135e-01   4.3137255e-01   6.6666667e-01   1.6666667e-01
   3.6586466e-01   4.5098039e-01   6.8627451e-01   1.6666667e-01
   3.6375940e-01   4.5098039e-01   6.8627451e-01   1.6666667e-01
   3.5022556e-01   4.7058824e-01   7.0588235e-01   1.6666667e-01
   3.1834586e-01   4.7058824e-01   7.0588235e-01   1.6666667e-01
   2.8586466e-01   4.9019608e-01   7.0588235e-01   1.6666667e-01
   2.4631579e-01   5.2941176e-01   7.0588235e-01   1.6666667e-01
   2.0120301e-01   5.4901961e-01   7.2549020e-01   1.6666667e-01
   1.6481203e-01   5.6862745e-01   7.0588235e-01   1.6666667e-01
   1.3609023e-01   5.6862745e-01   7.0588235e-01   1.6666667e-01
   1.0526316e-01   5.6862745e-01   6.8627451e-01   1.6666667e-01
   7.4285714e-02   5.8823529e-01   6.6666667e-01   1.6666667e-01
   3.9248120e-02   5.5555556e-01   6.1437908e-01   0.0000000e+00
   1.9548872e-03   5.2287582e-01   5.6209150e-01   0.0000000e+00
   2.6315789e-02   4.9019608e-01   5.0980392e-01   1.6666667e-01
   5.6240602e-02   4.9019608e-01   5.0980392e-01   1.6666667e-01
   8.3458647e-02   4.7058824e-01   5.2941176e-01   1.6666667e-01
   1.1593985e-01   4.7058824e-01   5.4901961e-01   1.6666667e-01
   1.4466165e-01   4.7058824e-01   5.6862745e-01   1.6666667e-01
   1.6827068e-01   4.9019608e-01   5.8823529e-01   1.6666667e-01
   1.7984962e-01   4.9019608e-01   6.0784314e-01   1.6666667e-01
   1.8105263e-01   5.0980392e-01   6.2745098e-01   1.6666667e-01
   1.6345865e-01   5.0980392e-01   6.2745098e-01   1.6666667e-01
   1.5172932e-01   5.2941176e-01   6.4705882e-01   1.6666667e-01
   1.2796992e-01   5.4901961e-01   6.4705882e-01   1.6666667e-01
   1.0947368e-01   5.6862745e-01   6.6666667e-01   1.6666667e-01
   8.9924812e-02   5.8823529e-01   6.6666667e-01   1.6666667e-01
   7.4586466e-02   6.0784314e-01   6.6666667e-01   1.6666667e-01
   6.4962406e-02   6.2745098e-01   6.6666667e-01   1.6666667e-01
   5.4887218e-02   6.2745098e-01   6.8627451e-01   1.6666667e-01
   5.0075188e-02   6.4705882e-01   6.8627451e-01   1.6666667e-01
   4.5263158e-02   6.4705882e-01   6.8627451e-01   1.6666667e-01
   3.9849624e-02   6.4705882e-01   6.6666667e-01   1.6666667e-01
   3.5037594e-02   6.4705882e-01   6.4705882e-01   1.6666667e-01
   2.3458647e-02   6.1960784e-01   6.1960784e-01   0.0000000e+00
   9.0225564e-04   5.9215686e-01   5.9215686e-01   0.0000000e+00
   2.7067669e-03   5.6470588e-01   5.6470588e-01   0.0000000e+00
   4.0601504e-03   5.3725490e-01   5.3725490e-01   0.0000000e+00
   3.1729323e-02   5.0980392e-01   5.0980392e-01   1.6666667e-01
   1.2616541e-01   4.5098039e-01   5.2941176e-01   1.6666667e-01
   2.6180451e-01   3.5294118e-01   5.4901961e-01   1.6666667e-01
   4.5849624e-01   2.3529412e-01   5.4901961e-01   1.6666667e-01
   6.7187970e-01   9.8039216e-02   5.6862745e-01   1.6666667e-01
   8.5187970e-01   1.9607843e-02   5.8823529e-01   1.6666667e-01
   9.5909774e-01   0.0000000e+00   5.8823529e-01   1.6666667e-01
   1.0000000e+00   0.0000000e+00   5.8823529e-01   1.6666667e-01
   9.8075188e-01   0.0000000e+00   6.0784314e-01   1.6666667e-01
   8.8285714e-01   0.0000000e+00   6.0784314e-01   1.6666667e-01
   7.5233083e-01   0.0000000e+00   6.2745098e-01   1.6666667e-01
   6.2270677e-01   1.9607843e-02   6.2745098e-01   1.6666667e-01
   5.0721805e-01   3.9215686e-02   6.4705882e-01   3.3333333e-01
   3.7308271e-01   5.8823529e-02   6.4705882e-01   3.3333333e-01
   2.5593985e-01   7.8431373e-02   6.4705882e-01   5.0000000e-01
   1.2827068e-01   2.1568627e-01   6.4705882e-01   3.3333333e-01
   9.1879699e-02   2.1568627e-01   6.6666667e-01   3.3333333e-01
   7.6842105e-02   6.2745098e-01   6.6666667e-01   1.6666667e-01
   5.7593985e-02   6.2745098e-01   6.6666667e-01   1.6666667e-01
   4.7518797e-02   6.2745098e-01   6.6666667e-01   1.6666667e-01
   5.0977444e-02   6.2745098e-01   6.6666667e-01   1.6666667e-01
   4.7669173e-02   6.2745098e-01   6.6666667e-01   1.6666667e-01
   4.4360902e-02   6.4705882e-01   6.6666667e-01   1.6666667e-01
   4.1052632e-02   6.4705882e-01   6.6666667e-01   1.6666667e-01
   5.5789474e-02   6.4705882e-01   6.6666667e-01   1.6666667e-01
   1.2360902e-01   4.5098039e-01   5.6862745e-01   1.6666667e-01
   1.8421053e-01   4.3137255e-01   5.8823529e-01   1.6666667e-01
   2.2436090e-01   4.1176471e-01   6.0784314e-01   1.6666667e-01
   2.4030075e-01   4.1176471e-01   6.2745098e-01   1.6666667e-01
   2.5007519e-01   3.9215686e-01   6.2745098e-01   1.6666667e-01
   2.5774436e-01   3.9215686e-01   6.2745098e-01   1.6666667e-01
   2.4270677e-01   3.9215686e-01   6.4705882e-01   1.6666667e-01
   2.2691729e-01   3.9215686e-01   6.4705882e-01   3.3333333e-01
   2.0691729e-01   3.9215686e-01   6.4705882e-01   3.3333333e-01
   1.8902256e-01   3.9215686e-01   6.6666667e-01   3.3333333e-01
   1.9248120e-01   3.9215686e-01   6.6666667e-01   5.0000000e-01
   1.9022556e-01   4.1176471e-01   6.6666667e-01   5.0000000e-01
   1.7714286e-01   4.3137255e-01   6.6666667e-01   3.3333333e-01
   1.5082707e-01   4.3137255e-01   6.6666667e-01   3.3333333e-01
   1.2766917e-01   4.7058824e-01   6.6666667e-01   3.3333333e-01
   8.7669173e-02   6.2745098e-01   6.6666667e-01   1.6666667e-01
   5.8646617e-02   6.0784314e-01   6.6666667e-01   1.6666667e-01
   6.3308271e-02   6.0784314e-01   6.6666667e-01   1.6666667e-01
   5.7142857e-02   6.0784314e-01   6.4705882e-01   1.6666667e-01
   5.5939850e-02   6.0784314e-01   6.4705882e-01   1.6666667e-01
   5.1578947e-02   6.0784314e-01   6.4705882e-01   1.6666667e-01
   4.6466165e-02   6.0784314e-01   6.2745098e-01   1.6666667e-01
   3.9548872e-02   5.8169935e-01   6.0784314e-01   0.0000000e+00
   3.3984962e-02   5.5555556e-01   5.8823529e-01   0.0000000e+00
   2.6766917e-02   5.2941176e-01   5.6862745e-01   0.0000000e+00
   3.5488722e-02   5.0326797e-01   5.4901961e-01   0.0000000e+00
   4.6015038e-02   4.7712418e-01   5.2941176e-01   0.0000000e+00
   6.1052632e-02   4.5098039e-01   5.0980392e-01   1.6666667e-01
   8.3609023e-02   4.3137255e-01   5.0980392e-01   1.6666667e-01
   1.2195489e-01   4.3137255e-01   5.2941176e-01   1.6666667e-01
   1.7082707e-01   4.3137255e-01   5.4901961e-01   1.6666667e-01
   2.0000000e-01   4.3137255e-01   5.6862745e-01   1.6666667e-01
   2.1699248e-01   4.3137255e-01   5.8823529e-01   1.6666667e-01
   2.1203008e-01   4.5098039e-01   6.0784314e-01   1.6666667e-01
   1.9308271e-01   4.5098039e-01   6.2745098e-01   1.6666667e-01
   1.7714286e-01   4.7058824e-01   6.2745098e-01   1.6666667e-01
   1.5293233e-01   4.9019608e-01   6.4705882e-01   1.6666667e-01
   1.1984962e-01   5.2941176e-01   6.4705882e-01   1.6666667e-01
   8.9172932e-02   6.0784314e-01   6.6666667e-01   1.6666667e-01
   6.3458647e-02   6.2745098e-01   6.6666667e-01   1.6666667e-01
   5.1428571e-02   6.4705882e-01   6.6666667e-01   1.6666667e-01
   4.4210526e-02   6.6666667e-01   6.8627451e-01   1.6666667e-01
   4.4812030e-02   6.6666667e-01   6.8627451e-01   1.6666667e-01
   4.5263158e-02   6.6666667e-01   6.8627451e-01   1.6666667e-01
   4.7218045e-02   6.8627451e-01   7.0588235e-01   1.6666667e-01
   4.9473684e-02   6.8627451e-01   7.0588235e-01   1.6666667e-01
   5.4135338e-02   6.6666667e-01   7.0588235e-01   1.6666667e-01
   6.3308271e-02   6.6666667e-01   7.0588235e-01   1.6666667e-01
   6.8872180e-02   6.6666667e-01   7.0588235e-01   1.6666667e-01
   6.4360902e-02   6.6666667e-01   7.0588235e-01   1.6666667e-01
   5.6240602e-02   6.6666667e-01   6.8627451e-01   1.6666667e-01
   5.3984962e-02   6.6666667e-01   6.6666667e-01   1.6666667e-01
   5.0827068e-02   6.5686275e-01   6.5686275e-01   0.0000000e+00
   4.7669173e-02   6.4705882e-01   6.4705882e-01   1.6666667e-01
   5.3233083e-02   6.4705882e-01   6.4705882e-01   0.0000000e+00
   4.7218045e-02   6.4705882e-01   6.4705882e-01   0.0000000e+00
