   3.6100000e+02
   7.3744673e-02   1.6129032e-01   1.9354839e-01   1.6666667e-01
   1.3952196e-01   1.4516129e-01   2.0967742e-01   1.6666667e-01
   1.9937002e-01   1.2903226e-01   2.9032258e-01   3.3333333e-01
   2.4550676e-01   1.2903226e-01   3.0645161e-01   1.6666667e-01
   2.6255327e-01   1.1290323e-01   3.3870968e-01   3.3333333e-01
   2.5810636e-01   1.1290323e-01   3.5483871e-01   3.3333333e-01
   2.1938114e-01   1.1290323e-01   3.7096774e-01   3.3333333e-01
   2.0307578e-01   1.2903226e-01   3.7096774e-01   3.3333333e-01
   1.9029090e-01   1.2903226e-01   3.8709677e-01   3.3333333e-01
   1.9288494e-01   1.4516129e-01   4.0322581e-01   3.3333333e-01
   2.0381694e-01   1.6129032e-01   4.1935484e-01   3.3333333e-01
   2.4383917e-01   1.7741935e-01   4.3548387e-01   3.3333333e-01
   3.6001482e-01   2.0967742e-01   4.8387097e-01   3.3333333e-01
   4.4005929e-01   3.3870968e-01   5.4838710e-01   1.6666667e-01
   4.3023902e-01   3.3870968e-01   5.6451613e-01   1.6666667e-01
   4.2393923e-01   3.3870968e-01   5.6451613e-01   1.6666667e-01
   4.1319251e-01   3.5483871e-01   7.0967742e-01   3.3333333e-01
   3.8651102e-01   3.8709677e-01   7.2580645e-01   3.3333333e-01
   3.5130628e-01   4.0322581e-01   7.2580645e-01   3.3333333e-01
   3.5742079e-01   4.0322581e-01   7.4193548e-01   3.3333333e-01
   4.1337780e-01   4.0322581e-01   7.4193548e-01   3.3333333e-01
   5.6864925e-01   3.8709677e-01   7.4193548e-01   3.3333333e-01
   7.2558829e-01   3.8709677e-01   7.4193548e-01   1.6666667e-01
   8.2323513e-01   3.7096774e-01   7.5806452e-01   1.6666667e-01
   8.5139893e-01   3.7096774e-01   7.5806452e-01   1.6666667e-01
   8.2972021e-01   3.2258065e-01   7.5806452e-01   3.3333333e-01
   7.4374653e-01   3.0645161e-01   7.4193548e-01   3.3333333e-01
   6.1441542e-01   3.0645161e-01   7.4193548e-01   3.3333333e-01
   4.8712248e-01   3.0645161e-01   7.2580645e-01   3.3333333e-01
   3.7872892e-01   3.0645161e-01   7.0967742e-01   3.3333333e-01
   2.8775246e-01   3.0645161e-01   6.9354839e-01   3.3333333e-01
   1.9455253e-01   3.2258065e-01   5.4838710e-01   3.3333333e-01
   8.0229757e-02   3.2258065e-01   3.5483871e-01   1.6666667e-01
   5.8180471e-02   3.3870968e-01   3.5483871e-01   1.6666667e-01
   2.4087456e-02   3.5483871e-01   3.5483871e-01   1.6666667e-01
   9.4496943e-03   3.9247312e-01   3.9784946e-01   0.0000000e+00
   5.5586437e-04   4.3010753e-01   4.4086022e-01   0.0000000e+00
   5.5586437e-04   4.6774194e-01   4.8387097e-01   0.0000000e+00
   5.5586437e-04   5.0537634e-01   5.2688172e-01   0.0000000e+00
   1.4823050e-03   5.4301075e-01   5.6989247e-01   0.0000000e+00
   6.3924402e-02   5.8064516e-01   6.1290323e-01   1.6666667e-01
   1.3544562e-01   5.6451613e-01   6.4516129e-01   1.6666667e-01
   2.2049287e-01   5.4838710e-01   6.6129032e-01   1.6666667e-01
   2.9127293e-01   5.3225806e-01   6.7741935e-01   1.6666667e-01
   3.3796554e-01   5.3225806e-01   6.9354839e-01   1.6666667e-01
   3.5593848e-01   5.1612903e-01   7.0967742e-01   1.6666667e-01
   3.6075598e-01   5.1612903e-01   7.0967742e-01   1.6666667e-01
   3.5056513e-01   5.1612903e-01   7.2580645e-01   1.6666667e-01
   3.1739855e-01   5.1612903e-01   7.2580645e-01   3.3333333e-01
   2.8237910e-01   5.1612903e-01   7.2580645e-01   3.3333333e-01
   2.1308134e-01   5.1612903e-01   7.4193548e-01   3.3333333e-01
   1.7713545e-01   5.1612903e-01   7.4193548e-01   3.3333333e-01
   1.5286270e-01   5.3225806e-01   7.4193548e-01   3.3333333e-01
   1.3674263e-01   5.3225806e-01   7.4193548e-01   3.3333333e-01
   1.2321660e-01   5.4838710e-01   7.4193548e-01   3.3333333e-01
   1.0172318e-01   5.4838710e-01   7.4193548e-01   3.3333333e-01
   7.7450435e-02   5.6451613e-01   7.4193548e-01   3.3333333e-01
   5.4845284e-02   5.7096774e-01   7.3951613e-01   0.0000000e+00
   2.9275523e-02   5.7741935e-01   7.3709677e-01   0.0000000e+00
   1.8899389e-02   5.8387097e-01   7.3467742e-01   0.0000000e+00
   8.3379655e-03   5.9032258e-01   7.3225806e-01   0.0000000e+00
   3.7057625e-04   5.9677419e-01   7.2983871e-01   0.0000000e+00
   5.5586437e-04   6.0322581e-01   7.2741935e-01   0.0000000e+00
   5.5586437e-04   6.0967742e-01   7.2500000e-01   0.0000000e+00
   5.5586437e-04   6.1612903e-01   7.2258065e-01   0.0000000e+00
   5.5586437e-04   6.2258065e-01   7.2016129e-01   0.0000000e+00
   5.5586437e-04   6.2903226e-01   7.1774194e-01   0.0000000e+00
   5.5586437e-04   6.3548387e-01   7.1532258e-01   0.0000000e+00
   5.5586437e-04   6.4193548e-01   7.1290323e-01   0.0000000e+00
   5.5586437e-04   6.4838710e-01   7.1048387e-01   0.0000000e+00
   5.5586437e-04   6.5483871e-01   7.0806452e-01   0.0000000e+00
   5.5586437e-04   6.6129032e-01   7.0564516e-01   0.0000000e+00
   5.5586437e-04   6.6774194e-01   7.0322581e-01   0.0000000e+00
   5.5586437e-04   6.7419355e-01   7.0080645e-01   0.0000000e+00
   5.5586437e-04   6.8064516e-01   6.9838710e-01   0.0000000e+00
   7.4115249e-04   6.8709677e-01   6.9596774e-01   0.0000000e+00
   1.5564202e-02   6.9354839e-01   6.9354839e-01   1.6666667e-01
   6.3924402e-02   6.7741935e-01   7.0967742e-01   1.6666667e-01
   1.0820826e-01   6.7741935e-01   7.2580645e-01   1.6666667e-01
   1.3340745e-01   6.7741935e-01   7.4193548e-01   1.6666667e-01
   1.3062813e-01   6.7741935e-01   7.4193548e-01   1.6666667e-01
   1.1061701e-01   6.9354839e-01   7.4193548e-01   1.6666667e-01
   9.5793960e-02   6.9354839e-01   7.4193548e-01   1.6666667e-01
   8.2453215e-02   7.0967742e-01   7.5806452e-01   1.6666667e-01
   5.5586437e-02   7.2580645e-01   7.5806452e-01   1.6666667e-01
   3.0387252e-02   6.6774194e-01   7.0322581e-01   0.0000000e+00
   0.0000000e+00   6.0967742e-01   6.4838710e-01   0.0000000e+00
   5.5586437e-04   5.5161290e-01   5.9354839e-01   0.0000000e+00
   5.5586437e-04   4.9354839e-01   5.3870968e-01   0.0000000e+00
   5.5586437e-04   4.3548387e-01   4.8387097e-01   0.0000000e+00
   5.5586437e-04   3.7741935e-01   4.2903226e-01   0.0000000e+00
   5.5586437e-04   3.1935484e-01   3.7419355e-01   0.0000000e+00
   5.5586437e-04   2.6129032e-01   3.1935484e-01   0.0000000e+00
   8.5232537e-03   2.0322581e-01   2.6451613e-01   0.0000000e+00
   8.8197147e-02   1.4516129e-01   2.0967742e-01   1.6666667e-01
   2.0956087e-01   1.1290323e-01   2.4193548e-01   1.6666667e-01
   3.3685381e-01   8.0645161e-02   2.7419355e-01   1.6666667e-01
   4.6229387e-01   8.0645161e-02   6.7741935e-01   3.3333333e-01
   5.4863813e-01   8.0645161e-02   6.9354839e-01   3.3333333e-01
   5.9143969e-01   6.4516129e-02   7.0967742e-01   3.3333333e-01
   5.9014267e-01   6.4516129e-02   7.0967742e-01   3.3333333e-01
   5.7050213e-01   6.4516129e-02   7.2580645e-01   3.3333333e-01
   5.2214193e-01   8.0645161e-02   7.2580645e-01   5.0000000e-01
   4.3709468e-01   8.0645161e-02   7.2580645e-01   5.0000000e-01
   3.8243469e-01   8.0645161e-02   7.4193548e-01   5.0000000e-01
   3.3574208e-01   9.6774194e-02   7.4193548e-01   5.0000000e-01
   3.5167686e-01   3.3870968e-01   7.4193548e-01   5.0000000e-01
   3.6297943e-01   3.5483871e-01   7.4193548e-01   3.3333333e-01
   4.1319251e-01   3.7096774e-01   7.4193548e-01   3.3333333e-01
   4.8712248e-01   3.8709677e-01   7.4193548e-01   3.3333333e-01
   5.9903650e-01   3.8709677e-01   7.4193548e-01   3.3333333e-01
   7.2558829e-01   3.5483871e-01   7.4193548e-01   1.6666667e-01
   8.0785622e-01   3.2258065e-01   7.2580645e-01   1.6666667e-01
   8.2842320e-01   3.0645161e-01   7.0967742e-01   1.6666667e-01
   7.7302205e-01   2.7419355e-01   6.9354839e-01   3.3333333e-01
   6.9557161e-01   2.7419355e-01   6.7741935e-01   1.6666667e-01
   6.0070409e-01   2.7419355e-01   6.7741935e-01   1.6666667e-01
   4.8434315e-01   2.7419355e-01   6.7741935e-01   3.3333333e-01
   3.7947008e-01   3.5483871e-01   6.9354839e-01   3.3333333e-01
   1.9733185e-01   4.0322581e-01   6.9354839e-01   3.3333333e-01
   1.0672596e-01   4.6774194e-01   6.9354839e-01   3.3333333e-01
   4.9101353e-02   4.7050691e-01   6.8986175e-01   0.0000000e+00
   8.8938299e-03   4.7327189e-01   6.8617512e-01   0.0000000e+00
   3.7057625e-04   4.7603687e-01   6.8248848e-01   0.0000000e+00
   5.5586437e-04   4.7880184e-01   6.7880184e-01   0.0000000e+00
   5.5586437e-04   4.8156682e-01   6.7511521e-01   0.0000000e+00
   5.5586437e-04   4.8433180e-01   6.7142857e-01   0.0000000e+00
   5.5586437e-04   4.8709677e-01   6.6774194e-01   0.0000000e+00
   5.5586437e-04   4.8986175e-01   6.6405530e-01   0.0000000e+00
   5.5586437e-04   4.9262673e-01   6.6036866e-01   0.0000000e+00
   5.5586437e-04   4.9539171e-01   6.5668203e-01   0.0000000e+00
   5.5586437e-04   4.9815668e-01   6.5299539e-01   0.0000000e+00
   5.5586437e-04   5.0092166e-01   6.4930876e-01   0.0000000e+00
   7.4115249e-04   5.0368664e-01   6.4562212e-01   0.0000000e+00
   1.7231795e-02   5.0645161e-01   6.4193548e-01   0.0000000e+00
   1.8343524e-02   5.0921659e-01   6.3824885e-01   0.0000000e+00
   8.8938299e-03   5.1198157e-01   6.3456221e-01   0.0000000e+00
   5.5586437e-04   5.1474654e-01   6.3087558e-01   0.0000000e+00
   5.5586437e-04   5.1751152e-01   6.2718894e-01   0.0000000e+00
   5.5586437e-04   5.2027650e-01   6.2350230e-01   0.0000000e+00
   5.5586437e-04   5.2304147e-01   6.1981567e-01   0.0000000e+00
   5.5586437e-04   5.2580645e-01   6.1612903e-01   0.0000000e+00
   5.5586437e-04   5.2857143e-01   6.1244240e-01   0.0000000e+00
   5.5586437e-04   5.3133641e-01   6.0875576e-01   0.0000000e+00
   5.5586437e-04   5.3410138e-01   6.0506912e-01   0.0000000e+00
   5.5586437e-04   5.3686636e-01   6.0138249e-01   0.0000000e+00
   5.5586437e-04   5.3963134e-01   5.9769585e-01   0.0000000e+00
   5.5586437e-04   5.4239631e-01   5.9400922e-01   0.0000000e+00
   5.5586437e-04   5.4516129e-01   5.9032258e-01   0.0000000e+00
   5.5586437e-04   5.4792627e-01   5.8663594e-01   0.0000000e+00
   5.5586437e-04   5.5069124e-01   5.8294931e-01   0.0000000e+00
   5.5586437e-04   5.5345622e-01   5.7926267e-01   0.0000000e+00
   5.5586437e-04   5.5622120e-01   5.7557604e-01   0.0000000e+00
   5.5586437e-04   5.5898618e-01   5.7188940e-01   0.0000000e+00
   1.1117287e-03   5.6175115e-01   5.6820276e-01   0.0000000e+00
   3.2425422e-02   5.6451613e-01   5.6451613e-01   1.6666667e-01
   1.0691125e-01   5.3225806e-01   5.9677419e-01   1.6666667e-01
   1.9103205e-01   5.1612903e-01   6.1290323e-01   1.6666667e-01
   2.5643876e-01   5.1612903e-01   6.2903226e-01   1.6666667e-01
   2.9016120e-01   4.8387097e-01   6.2903226e-01   1.6666667e-01
   2.9812859e-01   4.8387097e-01   6.4516129e-01   1.6666667e-01
   2.9071707e-01   4.6774194e-01   6.4516129e-01   1.6666667e-01
   2.8441727e-01   4.6774194e-01   6.4516129e-01   3.3333333e-01
   2.6903835e-01   4.6774194e-01   6.6129032e-01   3.3333333e-01
   2.7515286e-01   4.6774194e-01   6.6129032e-01   3.3333333e-01
   3.0387252e-01   4.6774194e-01   6.6129032e-01   3.3333333e-01
   3.4259774e-01   4.6774194e-01   6.6129032e-01   3.3333333e-01
   3.4333889e-01   4.6774194e-01   6.6129032e-01   3.3333333e-01
   3.2721883e-01   4.6774194e-01   6.6129032e-01   1.6666667e-01
   2.9757273e-01   4.8387097e-01   6.6129032e-01   1.6666667e-01
   2.5588290e-01   5.0000000e-01   6.7741935e-01   1.6666667e-01
   2.0733741e-01   5.4838710e-01   6.7741935e-01   1.6666667e-01
   1.5175097e-01   5.6451613e-01   6.7741935e-01   1.6666667e-01
   1.0969057e-01   6.2903226e-01   6.7741935e-01   1.6666667e-01
   6.3183250e-02   6.4516129e-01   6.7741935e-01   1.6666667e-01
   5.2621827e-02   6.4516129e-01   6.6129032e-01   1.6666667e-01
   3.5204743e-02   6.6129032e-01   6.6129032e-01   1.6666667e-01
   1.8899389e-02   6.4516129e-01   6.5322581e-01   0.0000000e+00
   1.8528812e-04   6.2903226e-01   6.4516129e-01   0.0000000e+00
   5.5586437e-04   6.1290323e-01   6.3709677e-01   0.0000000e+00
   5.5586437e-04   5.9677419e-01   6.2903226e-01   0.0000000e+00
   5.5586437e-04   5.8064516e-01   6.2096774e-01   0.0000000e+00
   5.5586437e-04   5.6451613e-01   6.1290323e-01   0.0000000e+00
   9.6349824e-03   5.4838710e-01   6.0483871e-01   0.0000000e+00
   9.6535112e-02   5.3225806e-01   5.9677419e-01   1.6666667e-01
   1.7009450e-01   5.1612903e-01   6.1290323e-01   1.6666667e-01
   2.2104873e-01   5.1612903e-01   6.2903226e-01   1.6666667e-01
   2.4476561e-01   5.0000000e-01   6.4516129e-01   1.6666667e-01
   2.6199741e-01   5.0000000e-01   6.4516129e-01   1.6666667e-01
   2.7867334e-01   4.8387097e-01   6.6129032e-01   1.6666667e-01
   2.7700574e-01   4.8387097e-01   6.6129032e-01   1.6666667e-01
   2.7496757e-01   4.8387097e-01   6.6129032e-01   3.3333333e-01
   2.4420975e-01   4.8387097e-01   6.7741935e-01   3.3333333e-01
   2.1678710e-01   5.0000000e-01   6.7741935e-01   3.3333333e-01
   1.8158236e-01   5.0000000e-01   6.7741935e-01   3.3333333e-01
   1.6231240e-01   5.1612903e-01   6.7741935e-01   3.3333333e-01
   1.2618121e-01   5.1612903e-01   6.7741935e-01   3.3333333e-01
   8.7270706e-02   5.3225806e-01   5.6451613e-01   1.6666667e-01
   6.0589216e-02   5.4838710e-01   5.6451613e-01   1.6666667e-01
   2.9831388e-02   5.6011730e-01   5.7478006e-01   0.0000000e+00
   3.7057625e-04   5.7184751e-01   5.8504399e-01   0.0000000e+00
   5.5586437e-04   5.8357771e-01   5.9530792e-01   0.0000000e+00
   5.5586437e-04   5.9530792e-01   6.0557185e-01   0.0000000e+00
   5.5586437e-04   6.0703812e-01   6.1583578e-01   0.0000000e+00
   5.5586437e-04   6.1876833e-01   6.2609971e-01   0.0000000e+00
   5.5586437e-04   6.3049853e-01   6.3636364e-01   0.0000000e+00
   7.4115249e-04   6.4222874e-01   6.4662757e-01   0.0000000e+00
   1.0931999e-02   6.5395894e-01   6.5689150e-01   0.0000000e+00
   2.9646100e-02   6.6568915e-01   6.6715543e-01   0.0000000e+00
   3.0757828e-02   6.7741935e-01   6.7741935e-01   1.6666667e-01
   2.8904947e-02   6.4112903e-01   6.4919355e-01   0.0000000e+00
   1.7972948e-02   6.0483871e-01   6.2096774e-01   0.0000000e+00
   1.7972948e-02   5.6854839e-01   5.9274194e-01   0.0000000e+00
   7.3744673e-02   5.3225806e-01   5.6451613e-01   1.6666667e-01
   1.3748379e-01   5.1612903e-01   5.8064516e-01   1.6666667e-01
   2.2160460e-01   5.1612903e-01   6.4516129e-01   3.3333333e-01
   2.6811191e-01   5.1612903e-01   6.6129032e-01   1.6666667e-01
   3.2314249e-01   4.8387097e-01   6.6129032e-01   3.3333333e-01
   3.3907727e-01   4.6774194e-01   6.6129032e-01   1.6666667e-01
   3.6223828e-01   4.6774194e-01   6.6129032e-01   1.6666667e-01
   3.8391699e-01   4.6774194e-01   6.6129032e-01   1.6666667e-01
   3.9244024e-01   4.6774194e-01   6.6129032e-01   1.6666667e-01
   3.9540485e-01   4.6774194e-01   6.6129032e-01   1.6666667e-01
   3.7520845e-01   4.6774194e-01   6.6129032e-01   1.6666667e-01
   3.5278859e-01   4.6774194e-01   6.6129032e-01   1.6666667e-01
   3.0146378e-01   4.8387097e-01   6.6129032e-01   1.6666667e-01
   2.3976283e-01   4.8387097e-01   6.6129032e-01   3.3333333e-01
   1.8954975e-01   5.0000000e-01   5.8064516e-01   1.6666667e-01
   1.4100426e-01   5.1612903e-01   5.6451613e-01   1.6666667e-01
   9.6535112e-02   5.1612903e-01   5.6451613e-01   1.6666667e-01
   7.6153419e-02   5.5376344e-01   5.8602151e-01   0.0000000e+00
   3.9651658e-02   5.9139785e-01   6.0752688e-01   0.0000000e+00
   4.5210302e-02   6.2903226e-01   6.2903226e-01   1.6666667e-01
   4.8730776e-02   6.1290323e-01   6.2903226e-01   1.6666667e-01
   4.6877895e-02   6.1290323e-01   6.2903226e-01   1.6666667e-01
   3.2240133e-02   6.1538462e-01   6.3027295e-01   0.0000000e+00
   2.5199185e-02   6.1786600e-01   6.3151365e-01   0.0000000e+00
   3.7057625e-04   6.2034739e-01   6.3275434e-01   0.0000000e+00
   5.5586437e-04   6.2282878e-01   6.3399504e-01   0.0000000e+00
   5.5586437e-04   6.2531017e-01   6.3523573e-01   0.0000000e+00
   5.5586437e-04   6.2779156e-01   6.3647643e-01   0.0000000e+00
   5.5586437e-04   6.3027295e-01   6.3771712e-01   0.0000000e+00
   5.5586437e-04   6.3275434e-01   6.3895782e-01   0.0000000e+00
   5.5586437e-04   6.3523573e-01   6.4019851e-01   0.0000000e+00
   5.5586437e-04   6.3771712e-01   6.4143921e-01   0.0000000e+00
   5.5586437e-04   6.4019851e-01   6.4267990e-01   0.0000000e+00
   1.1117287e-03   6.4267990e-01   6.4392060e-01   0.0000000e+00
   3.4648879e-02   6.4516129e-01   6.4516129e-01   1.6666667e-01
   9.0976468e-02   6.1290323e-01   6.6129032e-01   1.6666667e-01
   2.0474338e-01   5.4838710e-01   6.6129032e-01   1.6666667e-01
   2.6940893e-01   5.3225806e-01   6.7741935e-01   1.6666667e-01
   2.8571429e-01   5.3225806e-01   6.7741935e-01   1.6666667e-01
   2.7348527e-01   5.3225806e-01   6.7741935e-01   1.6666667e-01
   2.3809524e-01   5.4838710e-01   6.7741935e-01   1.6666667e-01
   2.0159348e-01   5.4838710e-01   6.7741935e-01   1.6666667e-01
   1.7231795e-01   5.6451613e-01   6.7741935e-01   1.6666667e-01
   1.2710765e-01   5.6451613e-01   6.6129032e-01   1.6666667e-01
   8.4676672e-02   6.2903226e-01   6.2903226e-01   1.6666667e-01
   1.5008338e-02   6.1648746e-01   6.1827957e-01   0.0000000e+00
   5.5586437e-04   6.0394265e-01   6.0752688e-01   0.0000000e+00
   5.5586437e-04   5.9139785e-01   5.9677419e-01   0.0000000e+00
   5.5586437e-04   5.7885305e-01   5.8602151e-01   0.0000000e+00
   5.5586437e-04   5.6630824e-01   5.7526882e-01   0.0000000e+00
   5.5586437e-04   5.5376344e-01   5.6451613e-01   0.0000000e+00
   7.4115249e-04   5.4121864e-01   5.5376344e-01   0.0000000e+00
   1.1487864e-02   5.2867384e-01   5.4301075e-01   0.0000000e+00
   4.1504540e-02   5.1612903e-01   5.3225806e-01   1.6666667e-01
   9.6164536e-02   5.1612903e-01   5.4838710e-01   1.6666667e-01
   1.8084121e-01   5.1612903e-01   6.1290323e-01   1.6666667e-01
   2.4773022e-01   5.1612903e-01   6.2903226e-01   1.6666667e-01
   2.8552900e-01   5.1612903e-01   6.4516129e-01   1.6666667e-01
   2.9571984e-01   5.3225806e-01   6.4516129e-01   1.6666667e-01
   2.7589402e-01   5.3225806e-01   6.6129032e-01   1.6666667e-01
   2.4921253e-01   5.4838710e-01   6.6129032e-01   1.6666667e-01
   2.1400778e-01   5.4838710e-01   6.6129032e-01   1.6666667e-01
   1.8269409e-01   5.4838710e-01   6.6129032e-01   1.6666667e-01
   1.6045951e-01   5.4838710e-01   6.6129032e-01   1.6666667e-01
   1.4711877e-01   5.3225806e-01   6.4516129e-01   1.6666667e-01
   1.3878080e-01   5.0000000e-01   6.1290323e-01   1.6666667e-01
   1.4396887e-01   5.0000000e-01   5.6451613e-01   1.6666667e-01
   1.5378914e-01   5.0000000e-01   5.6451613e-01   1.6666667e-01
   1.8510283e-01   5.0000000e-01   5.8064516e-01   1.6666667e-01
   2.1530480e-01   5.0000000e-01   5.8064516e-01   1.6666667e-01
   2.2067815e-01   5.0000000e-01   5.9677419e-01   1.6666667e-01
   2.2642209e-01   5.0000000e-01   6.1290323e-01   1.6666667e-01
   2.0585510e-01   5.1612903e-01   6.1290323e-01   1.6666667e-01
   1.8047063e-01   5.1612903e-01   6.2903226e-01   1.6666667e-01
   1.5768019e-01   5.3225806e-01   6.2903226e-01   1.6666667e-01
   1.2377247e-01   5.4838710e-01   6.2903226e-01   1.6666667e-01
   9.8943858e-02   5.8064516e-01   6.2903226e-01   1.6666667e-01
   6.5036131e-02   6.1290323e-01   6.2903226e-01   1.6666667e-01
   3.8354641e-02   6.2903226e-01   6.2903226e-01   1.6666667e-01
   3.2054845e-02   6.2903226e-01   6.2903226e-01   1.6666667e-01
   1.9640541e-02   5.6451613e-01   5.8333333e-01   0.0000000e+00
   9.4496943e-03   5.0000000e-01   5.3763441e-01   0.0000000e+00
   3.7057625e-04   4.3548387e-01   4.9193548e-01   0.0000000e+00
   5.5586437e-04   3.7096774e-01   4.4623656e-01   0.0000000e+00
   2.7422642e-02   3.0645161e-01   4.0053763e-01   0.0000000e+00
   1.9473782e-01   2.4193548e-01   3.5483871e-01   1.6666667e-01
   4.9972207e-01   1.4516129e-01   5.0000000e-01   1.6666667e-01
   7.6801927e-01   1.2903226e-01   5.6451613e-01   1.6666667e-01
   9.3626089e-01   1.1290323e-01   5.8064516e-01   1.6666667e-01
   1.0000000e+00   9.6774194e-02   5.9677419e-01   1.6666667e-01
   9.9017973e-01   8.0645161e-02   5.9677419e-01   1.6666667e-01
   9.4348712e-01   6.4516129e-02   6.1290323e-01   1.6666667e-01
   8.7530109e-01   4.8387097e-02   6.2903226e-01   3.3333333e-01
   7.3151751e-01   3.2258065e-02   6.2903226e-01   3.3333333e-01
   5.9755420e-01   1.6129032e-02   6.4516129e-01   3.3333333e-01
   4.8415787e-01   1.6129032e-02   6.4516129e-01   3.3333333e-01
   3.9132852e-01   1.6129032e-02   6.4516129e-01   3.3333333e-01
   3.4278303e-01   0.0000000e+00   6.6129032e-01   5.0000000e-01
   3.2073374e-01   1.6129032e-02   6.6129032e-01   5.0000000e-01
   3.3444506e-01   1.6129032e-02   6.6129032e-01   5.0000000e-01
   3.5705021e-01   1.6129032e-02   6.6129032e-01   5.0000000e-01
   4.1356309e-01   3.2258065e-02   6.6129032e-01   5.0000000e-01
   4.8860478e-01   3.2258065e-02   6.6129032e-01   3.3333333e-01
   5.0731888e-01   4.8387097e-02   6.6129032e-01   3.3333333e-01
   4.9786919e-01   6.4516129e-02   6.4516129e-01   3.3333333e-01
   4.3227719e-01   8.0645161e-02   6.2903226e-01   3.3333333e-01
   3.3444506e-01   1.1290323e-01   5.8064516e-01   3.3333333e-01
   2.0344636e-01   1.4516129e-01   5.6451613e-01   3.3333333e-01
   1.2266074e-01   5.4838710e-01   5.6451613e-01   1.6666667e-01
   4.1133963e-02   5.4838710e-01   5.6451613e-01   1.6666667e-01
   3.8910506e-02   5.4838710e-01   5.6451613e-01   1.6666667e-01
   4.0392811e-02   5.6451613e-01   5.6451613e-01   1.6666667e-01
   4.6136743e-02   5.6451613e-01   5.8064516e-01   1.6666667e-01
   5.5215861e-02   5.6451613e-01   5.8064516e-01   1.6666667e-01
   8.2823791e-02   5.6451613e-01   5.8064516e-01   1.6666667e-01
   1.5434501e-01   5.0000000e-01   5.9677419e-01   1.6666667e-01
   2.4031870e-01   4.8387097e-01   5.9677419e-01   1.6666667e-01
   3.2777469e-01   4.6774194e-01   6.1290323e-01   1.6666667e-01
   3.6297943e-01   4.5161290e-01   6.1290323e-01   1.6666667e-01
   3.7724662e-01   4.5161290e-01   6.1290323e-01   1.6666667e-01
   3.8243469e-01   4.5161290e-01   6.2903226e-01   1.6666667e-01
   3.7650547e-01   4.3548387e-01   6.2903226e-01   1.6666667e-01
   3.6890865e-01   4.3548387e-01   6.2903226e-01   1.6666667e-01
   3.4389476e-01   4.3548387e-01   6.4516129e-01   1.6666667e-01
   3.1888086e-01   4.3548387e-01   6.4516129e-01   1.6666667e-01
   2.9831388e-01   4.3548387e-01   6.4516129e-01   3.3333333e-01
   2.7348527e-01   4.5161290e-01   6.6129032e-01   3.3333333e-01
   2.4328331e-01   4.5161290e-01   6.6129032e-01   5.0000000e-01
   2.1789883e-01   4.6774194e-01   6.6129032e-01   5.0000000e-01
   1.7898833e-01   4.8387097e-01   6.6129032e-01   5.0000000e-01
   1.4081897e-01   6.2903226e-01   6.6129032e-01   1.6666667e-01
   9.6349824e-02   6.2903226e-01   6.6129032e-01   1.6666667e-01
   8.9308875e-02   6.2903226e-01   6.6129032e-01   1.6666667e-01
   9.3014638e-02   6.2903226e-01   6.6129032e-01   1.6666667e-01
   9.6164536e-02   6.2903226e-01   6.6129032e-01   1.6666667e-01
   9.2458773e-02   6.2903226e-01   6.6129032e-01   1.6666667e-01
   8.2823791e-02   6.2903226e-01   6.6129032e-01   1.6666667e-01
   8.2823791e-02   6.0483871e-01   6.2096774e-01   0.0000000e+00
   8.0970910e-02   5.8064516e-01   5.8064516e-01   1.6666667e-01
   7.7635724e-02   5.8064516e-01   5.9677419e-01   1.6666667e-01
   7.9673893e-02   5.8064516e-01   5.9677419e-01   1.6666667e-01
   6.6703724e-02   5.8064516e-01   5.9677419e-01   0.0000000e+00
   5.2065963e-02   5.8064516e-01   5.9677419e-01   0.0000000e+00
   2.6125625e-02   5.8064516e-01   5.9677419e-01   0.0000000e+00
   2.7422642e-02   5.8064516e-01   5.9677419e-01   0.0000000e+00
   3.7242913e-02   5.8064516e-01   5.9677419e-01   0.0000000e+00
   4.0022235e-02   5.8064516e-01   5.9677419e-01   0.0000000e+00
   4.1319251e-02   5.8064516e-01   5.9677419e-01   0.0000000e+00
