   3.4700000e+02
   1.2792430e-02   5.9000000e-01   6.2000000e-01   0.0000000e+00
   4.6175414e-02   5.9000000e-01   6.2000000e-01   1.6666667e-01
   8.9634627e-02   5.8000000e-01   6.3000000e-01   1.6666667e-01
   1.1662140e-01   5.8000000e-01   6.3000000e-01   1.6666667e-01
   1.2836239e-01   5.7000000e-01   6.4000000e-01   1.6666667e-01
   1.3651100e-01   5.7000000e-01   6.4000000e-01   1.6666667e-01
   1.3949006e-01   5.7000000e-01   6.5000000e-01   1.6666667e-01
   1.3642338e-01   5.7000000e-01   6.5000000e-01   1.6666667e-01
   1.2801192e-01   5.7000000e-01   6.6000000e-01   1.6666667e-01
   1.1574520e-01   5.7000000e-01   6.6000000e-01   1.6666667e-01
   1.0155086e-01   5.7000000e-01   6.6000000e-01   1.6666667e-01
   8.7268904e-02   5.8000000e-01   6.7000000e-01   3.3333333e-01
   1.3581004e-01   2.0000000e-01   6.7000000e-01   6.6666667e-01
   2.6469815e-01   1.8000000e-01   6.7000000e-01   3.3333333e-01
   4.0480154e-01   1.3000000e-01   6.7000000e-01   3.3333333e-01
   4.7997897e-01   1.0000000e-01   6.8000000e-01   3.3333333e-01
   5.0240953e-01   8.0000000e-02   6.8000000e-01   3.3333333e-01
   5.2133532e-01   4.0000000e-02   6.8000000e-01   3.3333333e-01
   5.2878297e-01   3.0000000e-02   6.8000000e-01   3.3333333e-01
   4.9653903e-01   2.0000000e-02   6.9000000e-01   5.0000000e-01
   4.2074827e-01   1.0000000e-02   6.9000000e-01   6.6666667e-01
   3.2270218e-01   0.0000000e+00   6.9000000e-01   5.0000000e-01
   2.8537633e-01   0.0000000e+00   6.9000000e-01   5.0000000e-01
   2.6697626e-01   0.0000000e+00   6.9000000e-01   5.0000000e-01
   2.5549812e-01   0.0000000e+00   6.9000000e-01   5.0000000e-01
   2.5041619e-01   0.0000000e+00   6.9000000e-01   5.0000000e-01
   2.5716288e-01   0.0000000e+00   6.9000000e-01   5.0000000e-01
   2.9045825e-01   0.0000000e+00   6.9000000e-01   5.0000000e-01
   3.4907562e-01   1.0000000e-02   6.9000000e-01   5.0000000e-01
   4.4703408e-01   1.0000000e-02   6.9000000e-01   5.0000000e-01
   6.1806712e-01   2.0000000e-02   7.0000000e-01   5.0000000e-01
   7.8901253e-01   2.0000000e-02   7.0000000e-01   6.6666667e-01
   9.3007973e-01   3.0000000e-02   7.0000000e-01   3.3333333e-01
   1.0000000e+00   4.0000000e-02   7.1000000e-01   3.3333333e-01
   9.9228949e-01   6.0000000e-02   7.1000000e-01   1.6666667e-01
   9.3998072e-01   8.0000000e-02   7.1000000e-01   1.6666667e-01
   8.4237273e-01   1.3000000e-01   7.1000000e-01   1.6666667e-01
   7.0752650e-01   1.6000000e-01   6.8000000e-01   1.6666667e-01
   5.5901165e-01   2.9000000e-01   6.4000000e-01   1.6666667e-01
   4.1584158e-01   3.2000000e-01   6.3000000e-01   1.6666667e-01
   3.0990975e-01   3.4000000e-01   6.1000000e-01   1.6666667e-01
   2.0152458e-01   3.8000000e-01   5.5000000e-01   1.6666667e-01
   1.1346710e-01   4.1000000e-01   5.3000000e-01   1.6666667e-01
   4.6876369e-02   4.5000000e-01   4.8000000e-01   1.6666667e-01
   7.9733637e-03   4.6000000e-01   4.8857143e-01   0.0000000e+00
   0.0000000e+00   4.7000000e-01   4.9714286e-01   0.0000000e+00
   1.2266713e-03   4.8000000e-01   5.0571429e-01   0.0000000e+00
   1.2266713e-03   4.9000000e-01   5.1428571e-01   0.0000000e+00
   1.2266713e-03   5.0000000e-01   5.2285714e-01   0.0000000e+00
   1.2266713e-03   5.1000000e-01   5.3142857e-01   0.0000000e+00
   1.2266713e-03   5.2000000e-01   5.4000000e-01   0.0000000e+00
   1.2266713e-03   5.3000000e-01   5.4857143e-01   0.0000000e+00
   1.2266713e-03   5.4000000e-01   5.5714286e-01   0.0000000e+00
   1.2266713e-03   5.5000000e-01   5.6571429e-01   0.0000000e+00
   1.2266713e-03   5.6000000e-01   5.7428571e-01   0.0000000e+00
   6.1333567e-04   5.7000000e-01   5.8285714e-01   0.0000000e+00
   6.0457373e-03   5.8000000e-01   5.9142857e-01   0.0000000e+00
   1.3756243e-02   5.9000000e-01   6.0000000e-01   1.6666667e-01
   2.2605800e-02   5.9000000e-01   6.0000000e-01   1.6666667e-01
   3.2857268e-02   5.8000000e-01   6.1000000e-01   1.6666667e-01
   3.9691580e-02   5.7000000e-01   6.1000000e-01   1.6666667e-01
   4.7226847e-02   5.7000000e-01   6.0000000e-01   1.6666667e-01
   5.5024972e-02   5.6000000e-01   6.0000000e-01   1.6666667e-01
   6.0632612e-02   5.6000000e-01   6.0000000e-01   1.6666667e-01
   5.8004030e-02   5.6000000e-01   6.0000000e-01   1.6666667e-01
   5.1870674e-02   5.6000000e-01   6.0000000e-01   1.6666667e-01
   4.5912556e-02   5.6000000e-01   5.9000000e-01   1.6666667e-01
   3.7676334e-02   5.6000000e-01   5.9000000e-01   1.6666667e-01
   3.3821081e-02   5.7000000e-01   5.8000000e-01   1.6666667e-01
   3.1981074e-02   5.3000000e-01   5.5000000e-01   1.6666667e-01
   3.5923946e-02   5.2000000e-01   5.5000000e-01   1.6666667e-01
   4.7139227e-02   5.2000000e-01   5.5000000e-01   1.6666667e-01
   6.3786910e-02   5.2000000e-01   6.4000000e-01   3.3333333e-01
   8.0697450e-02   5.1000000e-01   6.5000000e-01   3.3333333e-01
   8.9021292e-02   5.1000000e-01   6.6000000e-01   3.3333333e-01
   9.0160343e-02   5.2000000e-01   6.6000000e-01   3.3333333e-01
   9.9623237e-02   4.8000000e-01   6.7000000e-01   3.3333333e-01
   1.2292999e-01   4.6000000e-01   6.7000000e-01   3.3333333e-01
   1.5841584e-01   4.5000000e-01   6.7000000e-01   3.3333333e-01
   1.8522737e-01   4.4000000e-01   6.8000000e-01   3.3333333e-01
   2.0958556e-01   4.4000000e-01   6.8000000e-01   3.3333333e-01
   2.4664856e-01   4.3000000e-01   6.8000000e-01   3.3333333e-01
   2.8800491e-01   4.2000000e-01   6.8000000e-01   3.3333333e-01
   3.3847367e-01   4.1000000e-01   6.8000000e-01   3.3333333e-01
   3.9595198e-01   4.0000000e-01   6.8000000e-01   3.3333333e-01
   4.3415403e-01   3.9000000e-01   6.8000000e-01   1.6666667e-01
   4.3730833e-01   3.9000000e-01   6.8000000e-01   1.6666667e-01
   4.0979585e-01   3.9000000e-01   6.8000000e-01   1.6666667e-01
   3.4723561e-01   4.0000000e-01   6.8000000e-01   3.3333333e-01
   2.6268291e-01   4.0000000e-01   6.6000000e-01   3.3333333e-01
   1.8154736e-01   5.3000000e-01   6.5000000e-01   1.6666667e-01
   1.2214142e-01   5.4000000e-01   6.5000000e-01   1.6666667e-01
   8.5516516e-02   5.5000000e-01   6.4000000e-01   1.6666667e-01
   4.5824936e-02   5.8000000e-01   6.2000000e-01   1.6666667e-01
   1.7699115e-02   5.7769231e-01   6.1461538e-01   0.0000000e+00
   5.6952598e-03   5.7538462e-01   6.0923077e-01   0.0000000e+00
   6.2209761e-03   5.7307692e-01   6.0384615e-01   0.0000000e+00
   1.1040042e-02   5.7076923e-01   5.9846154e-01   0.0000000e+00
   9.7257513e-03   5.6846154e-01   5.9307692e-01   0.0000000e+00
   5.6952598e-03   5.6615385e-01   5.8769231e-01   0.0000000e+00
   1.4019101e-03   5.6384615e-01   5.8230769e-01   0.0000000e+00
   6.6590730e-03   5.6153846e-01   5.7692308e-01   0.0000000e+00
   1.2091475e-02   5.5923077e-01   5.7153846e-01   0.0000000e+00
   9.9886095e-03   5.5692308e-01   5.6615385e-01   0.0000000e+00
   1.0864803e-02   5.5461538e-01   5.6076923e-01   0.0000000e+00
   1.5508631e-02   5.5230769e-01   5.5538462e-01   0.0000000e+00
   1.8487689e-02   5.5000000e-01   5.5000000e-01   1.6666667e-01
   1.9801980e-02   5.4000000e-01   5.5000000e-01   1.6666667e-01
   1.6735302e-02   5.4000000e-01   5.4000000e-01   1.6666667e-01
   1.6735302e-02   5.3000000e-01   5.4000000e-01   1.6666667e-01
   2.4007711e-02   5.2000000e-01   5.3000000e-01   1.6666667e-01
   5.2133532e-02   5.0000000e-01   5.4000000e-01   1.6666667e-01
   1.1872426e-01   4.9000000e-01   5.9000000e-01   1.6666667e-01
   2.1624463e-01   4.8000000e-01   6.3000000e-01   3.3333333e-01
   3.0228687e-01   4.7000000e-01   6.5000000e-01   1.6666667e-01
   3.6020328e-01   4.6000000e-01   6.6000000e-01   1.6666667e-01
   4.0900727e-01   4.3000000e-01   6.6000000e-01   1.6666667e-01
   4.6972750e-01   4.0000000e-01   6.7000000e-01   1.6666667e-01
   5.2668010e-01   3.6000000e-01   6.7000000e-01   1.6666667e-01
   5.5410497e-01   3.1000000e-01   6.7000000e-01   1.6666667e-01
   5.4271445e-01   2.8000000e-01   6.7000000e-01   1.6666667e-01
   5.0039429e-01   2.7000000e-01   6.7000000e-01   1.6666667e-01
   4.2644353e-01   2.7000000e-01   6.8000000e-01   3.3333333e-01
   3.2725839e-01   2.8000000e-01   6.7000000e-01   5.0000000e-01
   2.2237799e-01   4.2000000e-01   6.4000000e-01   3.3333333e-01
   1.5534916e-01   4.2000000e-01   6.0000000e-01   3.3333333e-01
   1.2722334e-01   4.2000000e-01   5.8000000e-01   3.3333333e-01
   1.1478139e-01   4.3000000e-01   5.7000000e-01   3.3333333e-01
   1.0812232e-01   5.0000000e-01   5.6000000e-01   1.6666667e-01
   1.1723473e-01   3.8000000e-01   5.6000000e-01   3.3333333e-01
   1.4071673e-01   1.0000000e-01   5.7000000e-01   5.0000000e-01
   1.6437396e-01   1.0000000e-01   5.8000000e-01   3.3333333e-01
   1.8584071e-01   1.0000000e-01   5.9000000e-01   3.3333333e-01
   2.0792079e-01   1.0000000e-01   6.0000000e-01   5.0000000e-01
   2.1650749e-01   1.1000000e-01   6.1000000e-01   6.6666667e-01
   2.0844651e-01   1.1000000e-01   6.2000000e-01   5.0000000e-01
   2.1519320e-01   1.2000000e-01   6.2000000e-01   6.6666667e-01
   2.1790940e-01   1.2000000e-01   6.3000000e-01   6.6666667e-01
   2.0721984e-01   1.3000000e-01   6.3000000e-01   5.0000000e-01
   1.7997021e-01   1.4000000e-01   6.3000000e-01   5.0000000e-01
   1.6270919e-01   1.5000000e-01   6.3000000e-01   3.3333333e-01
   1.3791291e-01   1.6000000e-01   6.4000000e-01   3.3333333e-01
   1.0251468e-01   1.7000000e-01   6.4000000e-01   5.0000000e-01
   6.1421186e-02   6.1000000e-01   6.4000000e-01   1.6666667e-01
   4.2144922e-02   6.1000000e-01   6.4000000e-01   1.6666667e-01
   4.4773504e-02   6.1000000e-01   6.4000000e-01   1.6666667e-01
   4.3459213e-02   6.1000000e-01   6.4000000e-01   1.6666667e-01
   4.0304915e-02   6.1000000e-01   6.4000000e-01   1.6666667e-01
   3.5748708e-02   6.0000000e-01   6.3000000e-01   1.6666667e-01
   2.7512486e-02   6.0000000e-01   6.3000000e-01   1.6666667e-01
   2.1028652e-02   6.1000000e-01   6.2000000e-01   1.6666667e-01
   1.2266713e-02   6.0600000e-01   6.1400000e-01   0.0000000e+00
   2.8914396e-03   6.0200000e-01   6.0800000e-01   0.0000000e+00
   4.9943047e-03   5.9800000e-01   6.0200000e-01   0.0000000e+00
   1.1828616e-02   5.9400000e-01   5.9600000e-01   0.0000000e+00
   1.3843862e-02   5.9000000e-01   5.9000000e-01   1.6666667e-01
   1.5683869e-02   5.8900000e-01   5.9000000e-01   0.0000000e+00
   1.4895295e-02   5.8800000e-01   5.9000000e-01   0.0000000e+00
   1.1390520e-02   5.8700000e-01   5.9000000e-01   0.0000000e+00
   7.2724087e-03   5.8600000e-01   5.9000000e-01   0.0000000e+00
   2.6285814e-03   5.8500000e-01   5.9000000e-01   0.0000000e+00
   1.0514326e-03   5.8400000e-01   5.9000000e-01   0.0000000e+00
   1.2266713e-03   5.8300000e-01   5.9000000e-01   0.0000000e+00
   2.6285814e-04   5.8200000e-01   5.9000000e-01   0.0000000e+00
   6.9219311e-03   5.8100000e-01   5.9000000e-01   0.0000000e+00
   3.5836327e-02   5.8000000e-01   5.9000000e-01   1.6666667e-01
   7.7455533e-02   5.7000000e-01   6.3000000e-01   1.6666667e-01
   1.1749759e-01   5.6000000e-01   6.3000000e-01   1.6666667e-01
   1.4019101e-01   5.5000000e-01   6.4000000e-01   1.6666667e-01
   1.5026724e-01   5.4000000e-01   6.4000000e-01   1.6666667e-01
   1.5447297e-01   5.3000000e-01   6.5000000e-01   1.6666667e-01
   1.4842723e-01   5.2000000e-01   6.5000000e-01   1.6666667e-01
   1.3940244e-01   5.2000000e-01   6.5000000e-01   1.6666667e-01
   1.2485762e-01   5.1000000e-01   6.6000000e-01   3.3333333e-01
   1.0452992e-01   5.1000000e-01   6.6000000e-01   3.3333333e-01
   1.0014895e-01   5.1000000e-01   6.6000000e-01   3.3333333e-01
   9.4891790e-02   5.1000000e-01   6.6000000e-01   3.3333333e-01
   9.4103216e-02   5.1000000e-01   6.7000000e-01   3.3333333e-01
   1.0041181e-01   5.1000000e-01   6.7000000e-01   3.3333333e-01
   1.0566897e-01   5.1000000e-01   6.7000000e-01   3.3333333e-01
   1.1942522e-01   5.2000000e-01   6.6000000e-01   3.3333333e-01
   1.4833961e-01   5.2000000e-01   6.6000000e-01   5.0000000e-01
   1.6533777e-01   5.3000000e-01   6.6000000e-01   1.6666667e-01
   1.6209586e-01   5.3000000e-01   6.5000000e-01   1.6666667e-01
   1.4395864e-01   5.4000000e-01   6.5000000e-01   1.6666667e-01
   1.1968808e-01   5.5000000e-01   6.5000000e-01   1.6666667e-01
   9.4015596e-02   5.5000000e-01   6.4000000e-01   1.6666667e-01
   6.6590730e-02   5.6000000e-01   6.3000000e-01   1.6666667e-01
   3.6975379e-02   5.6000000e-01   5.8000000e-01   1.6666667e-01
   2.7162008e-02   5.6000000e-01   5.8000000e-01   1.6666667e-01
   2.7162008e-02   5.6000000e-01   5.8000000e-01   1.6666667e-01
   2.6373434e-02   5.6000000e-01   5.8000000e-01   1.6666667e-01
   2.5584859e-02   5.6000000e-01   5.8000000e-01   1.6666667e-01
   2.5497240e-02   5.6000000e-01   5.8000000e-01   1.6666667e-01
   2.8388680e-02   5.5000000e-01   5.7000000e-01   1.6666667e-01
   3.9078244e-02   5.4000000e-01   5.7000000e-01   1.6666667e-01
   5.3535442e-02   5.3000000e-01   5.6000000e-01   1.6666667e-01
   7.4213616e-02   5.3000000e-01   5.7000000e-01   1.6666667e-01
   1.0409183e-01   5.2000000e-01   5.8000000e-01   1.6666667e-01
   1.4430912e-01   5.2000000e-01   6.1000000e-01   1.6666667e-01
   1.8198546e-01   5.2000000e-01   6.3000000e-01   1.6666667e-01
   2.0301411e-01   5.3000000e-01   6.4000000e-01   1.6666667e-01
   2.0564269e-01   5.3000000e-01   6.4000000e-01   1.6666667e-01
   1.9197406e-01   5.3000000e-01   6.5000000e-01   1.6666667e-01
   1.6595111e-01   5.4000000e-01   6.5000000e-01   1.6666667e-01
   1.3659862e-01   5.5000000e-01   6.5000000e-01   1.6666667e-01
   1.0470516e-01   5.6000000e-01   6.6000000e-01   1.6666667e-01
   6.7291685e-02   6.2000000e-01   6.6000000e-01   1.6666667e-01
   4.5649698e-02   6.4000000e-01   6.6000000e-01   1.6666667e-01
   3.6975379e-02   6.4000000e-01   6.6000000e-01   1.6666667e-01
   3.3120126e-02   6.5000000e-01   6.7000000e-01   1.6666667e-01
   2.8914396e-02   6.5000000e-01   6.7000000e-01   1.6666667e-01
   2.5497240e-02   6.5000000e-01   6.7000000e-01   1.6666667e-01
   2.3306755e-02   6.5000000e-01   6.7000000e-01   1.6666667e-01
   2.1116271e-02   6.6000000e-01   6.7000000e-01   1.6666667e-01
   1.8400070e-02   6.6000000e-01   6.7000000e-01   1.6666667e-01
   1.5333392e-02   6.6000000e-01   6.7000000e-01   1.6666667e-01
   9.7257513e-03   6.4428571e-01   6.5857143e-01   0.0000000e+00
   5.2571629e-03   6.2857143e-01   6.4714286e-01   0.0000000e+00
   1.8400070e-03   6.1285714e-01   6.3571429e-01   0.0000000e+00
   2.8038202e-03   5.9714286e-01   6.2428571e-01   0.0000000e+00
   6.3085955e-03   5.8142857e-01   6.1285714e-01   0.0000000e+00
   1.7348638e-02   5.6571429e-01   6.0142857e-01   0.0000000e+00
   5.3885920e-02   5.5000000e-01   5.9000000e-01   1.6666667e-01
   9.9447998e-02   5.3000000e-01   6.0000000e-01   1.6666667e-01
   1.3335670e-01   5.3000000e-01   6.1000000e-01   1.6666667e-01
   1.4912819e-01   5.2000000e-01   6.2000000e-01   1.6666667e-01
   1.5114343e-01   5.2000000e-01   6.3000000e-01   1.6666667e-01
   1.4536055e-01   5.2000000e-01   6.3000000e-01   1.6666667e-01
   1.2634715e-01   5.4000000e-01   6.4000000e-01   1.6666667e-01
   9.9535617e-02   5.7000000e-01   6.4000000e-01   1.6666667e-01
   6.9745028e-02   6.0000000e-01   6.5000000e-01   1.6666667e-01
   5.0994480e-02   6.2000000e-01   6.5000000e-01   1.6666667e-01
   4.2670639e-02   6.3000000e-01   6.5000000e-01   1.6666667e-01
   3.4434417e-02   6.3000000e-01   6.6000000e-01   1.6666667e-01
   2.7074389e-02   6.4000000e-01   6.6000000e-01   1.6666667e-01
   2.3569614e-02   6.4000000e-01   6.6000000e-01   1.6666667e-01
   1.9714361e-02   6.5000000e-01   6.6000000e-01   1.6666667e-01
   1.5596250e-02   6.5000000e-01   6.6000000e-01   1.6666667e-01
   1.3318146e-02   6.4500000e-01   6.5500000e-01   0.0000000e+00
   1.2704810e-02   6.4000000e-01   6.5000000e-01   0.0000000e+00
   1.2441952e-02   6.3500000e-01   6.4500000e-01   0.0000000e+00
   1.4106720e-02   6.3000000e-01   6.4000000e-01   0.0000000e+00
   1.1127661e-02   6.2500000e-01   6.3500000e-01   0.0000000e+00
   1.6209586e-02   6.2000000e-01   6.3000000e-01   1.6666667e-01
   2.0327696e-02   6.2000000e-01   6.3000000e-01   1.6666667e-01
   1.7261018e-02   6.2000000e-01   6.2000000e-01   1.6666667e-01
   1.3843862e-02   6.2000000e-01   6.2000000e-01   1.6666667e-01
   3.7501095e-02   5.9000000e-01   5.9000000e-01   1.6666667e-01
   1.0575659e-01   5.1000000e-01   6.0000000e-01   1.6666667e-01
   1.9837028e-01   4.8000000e-01   6.0000000e-01   1.6666667e-01
   2.7118199e-01   4.4000000e-01   6.1000000e-01   3.3333333e-01
   3.2480505e-01   4.2000000e-01   6.2000000e-01   1.6666667e-01
   3.8578814e-01   3.0000000e-01   6.2000000e-01   3.3333333e-01
   4.4133882e-01   3.0000000e-01   6.3000000e-01   3.3333333e-01
   4.5150267e-01   2.9000000e-01   6.3000000e-01   1.6666667e-01
   4.1750635e-01   2.9000000e-01   6.4000000e-01   3.3333333e-01
   3.5818803e-01   2.9000000e-01   6.4000000e-01   5.0000000e-01
   2.8826776e-01   2.9000000e-01   6.5000000e-01   3.3333333e-01
   2.3464470e-01   2.9000000e-01   6.5000000e-01   5.0000000e-01
   2.1536844e-01   2.9000000e-01   6.5000000e-01   5.0000000e-01
   2.0573031e-01   3.0000000e-01   6.6000000e-01   5.0000000e-01
   2.0941032e-01   3.1000000e-01   6.6000000e-01   3.3333333e-01
   2.2842373e-01   3.2000000e-01   6.6000000e-01   3.3333333e-01
   2.3736090e-01   3.2000000e-01   6.6000000e-01   6.6666667e-01
   2.2097608e-01   3.3000000e-01   6.7000000e-01   5.0000000e-01
   1.8189784e-01   3.5000000e-01   6.7000000e-01   3.3333333e-01
   1.4054149e-01   3.6000000e-01   6.7000000e-01   3.3333333e-01
   1.0435468e-01   3.8000000e-01   6.7000000e-01   3.3333333e-01
   7.0445983e-02   3.9000000e-01   6.7000000e-01   3.3333333e-01
   4.6701130e-02   6.4000000e-01   6.6000000e-01   1.6666667e-01
   4.1619206e-02   6.3000000e-01   6.6000000e-01   1.6666667e-01
   4.6175414e-02   6.3000000e-01   6.6000000e-01   1.6666667e-01
   4.4861123e-02   6.2000000e-01   6.6000000e-01   1.6666667e-01
   4.6438272e-02   6.2000000e-01   6.6000000e-01   1.6666667e-01
   4.7139227e-02   6.2000000e-01   6.6000000e-01   1.6666667e-01
   4.4773504e-02   6.2000000e-01   6.5000000e-01   1.6666667e-01
   3.8202050e-02   6.2000000e-01   6.5000000e-01   1.6666667e-01
   3.4171559e-02   6.2000000e-01   6.4000000e-01   1.6666667e-01
   2.8563918e-02   6.2000000e-01   6.4000000e-01   1.6666667e-01
   2.1379129e-02   6.1000000e-01   6.1000000e-01   1.6666667e-01
   1.9188645e-02   6.0000000e-01   6.1000000e-01   1.6666667e-01
   1.9626741e-02   6.0000000e-01   6.1000000e-01   1.6666667e-01
   1.8487689e-02   6.1000000e-01   6.1000000e-01   1.6666667e-01
   1.4457198e-02   6.0400000e-01   6.1000000e-01   0.0000000e+00
   1.0076229e-02   5.9800000e-01   6.1000000e-01   0.0000000e+00
   4.5562078e-03   5.9200000e-01   6.1000000e-01   0.0000000e+00
   1.1740997e-02   5.8600000e-01   6.1000000e-01   0.0000000e+00
   4.5649698e-02   5.8000000e-01   6.1000000e-01   1.6666667e-01
   9.3840357e-02   5.7000000e-01   6.2000000e-01   1.6666667e-01
   1.2967668e-01   5.6000000e-01   6.3000000e-01   1.6666667e-01
   1.5350916e-01   5.6000000e-01   6.4000000e-01   1.6666667e-01
   1.7970735e-01   5.5000000e-01   6.5000000e-01   1.6666667e-01
   1.9696837e-01   5.4000000e-01   6.5000000e-01   1.6666667e-01
   2.0520459e-01   5.4000000e-01   6.6000000e-01   1.6666667e-01
   2.0205029e-01   5.4000000e-01   6.6000000e-01   1.6666667e-01
   1.9433979e-01   5.4000000e-01   6.6000000e-01   1.6666667e-01
   1.8400070e-01   5.3000000e-01   6.7000000e-01   1.6666667e-01
   1.6621397e-01   5.3000000e-01   6.7000000e-01   3.3333333e-01
   1.5166915e-01   5.3000000e-01   6.7000000e-01   3.3333333e-01
   1.3949006e-01   5.3000000e-01   6.8000000e-01   3.3333333e-01
   1.2590905e-01   5.3000000e-01   6.8000000e-01   3.3333333e-01
   1.1469377e-01   5.3000000e-01   6.8000000e-01   3.3333333e-01
   1.0996232e-01   5.3000000e-01   6.8000000e-01   3.3333333e-01
   1.0286515e-01   5.4000000e-01   6.8000000e-01   3.3333333e-01
   9.7607991e-02   5.4000000e-01   6.8000000e-01   3.3333333e-01
   9.2964164e-02   5.5000000e-01   6.7000000e-01   3.3333333e-01
   9.2964164e-02   5.5000000e-01   6.7000000e-01   3.3333333e-01
   8.8495575e-02   5.6000000e-01   6.7000000e-01   3.3333333e-01
   8.0697450e-02   5.7000000e-01   6.7000000e-01   3.3333333e-01
   9.1211776e-02   6.2000000e-01   6.7000000e-01   1.6666667e-01
   1.6989398e-01   4.7000000e-01   6.7000000e-01   5.0000000e-01
   3.0027162e-01   4.5000000e-01   6.6000000e-01   1.6666667e-01
   3.9323578e-01   4.3000000e-01   6.5000000e-01   1.6666667e-01
   4.5947604e-01   3.8000000e-01   6.5000000e-01   1.6666667e-01
   5.4805923e-01   3.1000000e-01   6.4000000e-01   1.6666667e-01
   6.2411285e-01   3.0000000e-01   6.5000000e-01   1.6666667e-01
   6.6599492e-01   2.9000000e-01   6.5000000e-01   1.6666667e-01
   6.6853588e-01   2.9000000e-01   6.5000000e-01   1.6666667e-01
   6.1999474e-01   2.9000000e-01   6.6000000e-01   1.6666667e-01
   5.3631823e-01   3.0000000e-01   6.6000000e-01   1.6666667e-01
   4.3888548e-01   3.1000000e-01   6.7000000e-01   1.6666667e-01
   3.2515552e-01   3.2000000e-01   6.7000000e-01   1.6666667e-01
   2.0318935e-01   3.6000000e-01   6.7000000e-01   6.6666667e-01
   9.6731797e-02   6.4000000e-01   6.8000000e-01   1.6666667e-01
   4.8453518e-02   6.5000000e-01   6.8000000e-01   1.6666667e-01
   4.0743012e-02   6.6000000e-01   6.8000000e-01   1.6666667e-01
   3.9341102e-02   6.6000000e-01   6.8000000e-01   1.6666667e-01
   4.0129677e-02   6.7000000e-01   6.8000000e-01   1.6666667e-01
   4.2320161e-02   6.7000000e-01   6.8000000e-01   1.6666667e-01
   4.4685885e-02   6.6000000e-01   6.8000000e-01   1.6666667e-01
   4.6350653e-02   6.6000000e-01   6.9000000e-01   1.6666667e-01
   4.7051608e-02   6.6000000e-01   6.9000000e-01   1.6666667e-01
   4.5386840e-02   6.6000000e-01   6.9000000e-01   1.6666667e-01
   4.2407781e-02   6.6000000e-01   6.8000000e-01   1.6666667e-01
   4.3459213e-02   6.6000000e-01   6.8000000e-01   1.6666667e-01
   4.2845878e-02   6.6000000e-01   6.8000000e-01   1.6666667e-01
   4.2583019e-02   6.6000000e-01   6.8000000e-01   1.6666667e-01
   4.4948743e-02   6.5000000e-01   6.7000000e-01   1.6666667e-01
   4.3984929e-02   6.5000000e-01   6.7000000e-01   1.6666667e-01
   4.4510646e-02   6.5000000e-01   6.7000000e-01   1.6666667e-01
   4.5211601e-02   6.4000000e-01   6.6000000e-01   1.6666667e-01
   4.6701130e-02   6.4000000e-01   6.6000000e-01   1.6666667e-01
   4.5912556e-02   6.4000000e-01   6.6000000e-01   1.6666667e-01
   4.1181109e-02   6.4000000e-01   6.5000000e-01   1.6666667e-01
   3.5836327e-02   6.4000000e-01   6.4000000e-01   1.6666667e-01
   3.3295365e-02   6.4000000e-01   6.4000000e-01   0.0000000e+00
