   3.0900000e+02
   6.3950657e-02   5.1851852e-01   5.1851852e-01   1.6666667e-01
   1.0598929e-01   4.7222222e-01   5.2777778e-01   3.3333333e-01
   1.1978575e-01   4.8148148e-01   5.3703704e-01   3.3333333e-01
   9.5276741e-02   5.1851852e-01   5.4629630e-01   1.6666667e-01
   6.2976789e-02   5.2421652e-01   5.5092593e-01   0.0000000e+00
   3.8630093e-02   5.2991453e-01   5.5555556e-01   0.0000000e+00
   3.8305470e-02   5.3561254e-01   5.6018519e-01   0.0000000e+00
   3.7493913e-02   5.4131054e-01   5.6481481e-01   0.0000000e+00
   3.6682357e-02   5.4700855e-01   5.6944444e-01   0.0000000e+00
   3.5870800e-02   5.5270655e-01   5.7407407e-01   0.0000000e+00
   3.5059244e-02   5.5840456e-01   5.7870370e-01   0.0000000e+00
   3.4247687e-02   5.6410256e-01   5.8333333e-01   0.0000000e+00
   3.3436130e-02   5.6980057e-01   5.8796296e-01   0.0000000e+00
   3.2624574e-02   5.7549858e-01   5.9259259e-01   0.0000000e+00
   3.1813017e-02   5.8119658e-01   5.9722222e-01   0.0000000e+00
   3.1001461e-02   5.8689459e-01   6.0185185e-01   0.0000000e+00
   3.0189904e-02   5.9259259e-01   6.0648148e-01   0.0000000e+00
   2.9378348e-02   5.9829060e-01   6.1111111e-01   0.0000000e+00
   2.8566791e-02   6.0398860e-01   6.1574074e-01   0.0000000e+00
   2.7755235e-02   6.0968661e-01   6.2037037e-01   0.0000000e+00
   2.6943678e-02   6.1538462e-01   6.2500000e-01   0.0000000e+00
   2.5969810e-02   6.2108262e-01   6.2962963e-01   0.0000000e+00
   2.5158254e-02   6.2678063e-01   6.3425926e-01   0.0000000e+00
   2.4346697e-02   6.3247863e-01   6.3888889e-01   0.0000000e+00
   2.3535140e-02   6.3817664e-01   6.4351852e-01   0.0000000e+00
   2.2723584e-02   6.4387464e-01   6.4814815e-01   0.0000000e+00
   2.1912027e-02   6.4957265e-01   6.5277778e-01   0.0000000e+00
   2.1100471e-02   6.5527066e-01   6.5740741e-01   0.0000000e+00
   2.3210518e-02   6.6096866e-01   6.6203704e-01   0.0000000e+00
   5.9243629e-02   6.6666667e-01   6.6666667e-01   1.6666667e-01
   8.0019477e-02   6.6666667e-01   6.7592593e-01   1.6666667e-01
   7.9532543e-02   6.3888889e-01   6.3888889e-01   1.6666667e-01
   8.3914949e-02   5.3703704e-01   5.5555556e-01   1.6666667e-01
   1.6182438e-01   5.0925926e-01   5.7407407e-01   1.6666667e-01
   2.6359357e-01   5.0000000e-01   5.8333333e-01   1.6666667e-01
   3.6179192e-01   4.6296296e-01   6.0185185e-01   3.3333333e-01
   4.7183899e-01   4.5370370e-01   6.5740741e-01   3.3333333e-01
   5.3205648e-01   4.6296296e-01   6.9444444e-01   3.3333333e-01
   5.5786398e-01   5.2777778e-01   7.3148148e-01   1.6666667e-01
   5.6630417e-01   5.5555556e-01   7.5925926e-01   1.6666667e-01
   5.9503327e-01   5.6481481e-01   7.8703704e-01   1.6666667e-01
   6.8235676e-01   5.6481481e-01   8.7037037e-01   3.3333333e-01
   7.6708327e-01   5.6481481e-01   9.0740741e-01   3.3333333e-01
   7.9418925e-01   5.4629630e-01   9.1666667e-01   3.3333333e-01
   7.5068982e-01   5.3703704e-01   9.2592593e-01   3.3333333e-01
   6.7959747e-01   5.3703704e-01   9.3518519e-01   3.3333333e-01
   6.1873073e-01   5.2777778e-01   9.4444444e-01   3.3333333e-01
   5.6305795e-01   5.2777778e-01   9.5370370e-01   3.3333333e-01
   5.1225450e-01   5.3703704e-01   9.6296296e-01   3.3333333e-01
   4.7605908e-01   5.3703704e-01   9.7222222e-01   3.3333333e-01
   4.4294757e-01   5.3703704e-01   9.8148148e-01   3.3333333e-01
   3.8678786e-01   5.4629630e-01   9.9074074e-01   3.3333333e-01
   3.2462263e-01   5.4629630e-01   1.0000000e+00   3.3333333e-01
   2.8761565e-01   5.5555556e-01   6.3888889e-01   1.6666667e-01
   2.6554131e-01   5.6481481e-01   6.3888889e-01   1.6666667e-01
   2.4184386e-01   5.7407407e-01   6.4814815e-01   1.6666667e-01
   2.0792079e-01   5.9259259e-01   6.5740741e-01   1.6666667e-01
   1.8000325e-01   6.0185185e-01   6.5740741e-01   1.6666667e-01
   1.4883947e-01   6.2037037e-01   6.6666667e-01   1.6666667e-01
   1.2546665e-01   6.2962963e-01   6.6666667e-01   1.6666667e-01
   1.0436617e-01   6.3888889e-01   6.6666667e-01   1.6666667e-01
   1.1475410e-01   6.4814815e-01   6.6666667e-01   1.6666667e-01
   1.2222042e-01   6.4814815e-01   6.7592593e-01   1.6666667e-01
   1.2871287e-01   6.4814815e-01   6.7592593e-01   1.6666667e-01
   1.3195910e-01   6.3888889e-01   6.7592593e-01   1.6666667e-01
   1.3293297e-01   6.3888889e-01   6.7592593e-01   1.6666667e-01
   1.4169778e-01   6.3888889e-01   6.7592593e-01   1.6666667e-01
   1.5630579e-01   6.2037037e-01   6.7592593e-01   1.6666667e-01
   1.7237461e-01   6.2037037e-01   6.7592593e-01   1.6666667e-01
   1.7773089e-01   6.1111111e-01   6.6666667e-01   1.6666667e-01
   1.6864145e-01   6.0185185e-01   6.6666667e-01   1.6666667e-01
   2.2853433e-01   5.3703704e-01   6.5740741e-01   3.3333333e-01
   3.1131310e-01   5.1851852e-01   6.4814815e-01   3.3333333e-01
   3.4182763e-01   5.1851852e-01   6.3888889e-01   1.6666667e-01
   3.2640805e-01   5.1851852e-01   6.2037037e-01   1.6666667e-01
   3.0124980e-01   5.1851852e-01   5.9259259e-01   1.6666667e-01
   2.8112319e-01   5.1851852e-01   5.9259259e-01   1.6666667e-01
   2.7398150e-01   5.2777778e-01   6.0185185e-01   1.6666667e-01
   2.6229508e-01   5.2777778e-01   6.0185185e-01   1.6666667e-01
   2.3372829e-01   5.3703704e-01   6.1111111e-01   1.6666667e-01
   2.0467457e-01   5.4629630e-01   6.2037037e-01   1.6666667e-01
   1.7432235e-01   5.7407407e-01   6.2037037e-01   1.6666667e-01
   1.5192339e-01   5.8333333e-01   6.2962963e-01   1.6666667e-01
   1.2270735e-01   6.0185185e-01   6.2962963e-01   1.6666667e-01
   1.1150787e-01   6.0185185e-01   6.3888889e-01   1.6666667e-01
   1.0582698e-01   6.1111111e-01   6.3888889e-01   1.6666667e-01
   9.6412920e-02   6.2037037e-01   6.3888889e-01   1.6666667e-01
   9.9983769e-02   6.2037037e-01   6.3888889e-01   1.6666667e-01
   1.0014608e-01   6.2037037e-01   6.4814815e-01   1.6666667e-01
   1.0241844e-01   6.2037037e-01   6.4814815e-01   1.6666667e-01
   1.0079533e-01   6.1111111e-01   6.4814815e-01   1.6666667e-01
   1.0517773e-01   6.1111111e-01   6.4814815e-01   1.6666667e-01
   1.1069632e-01   6.0185185e-01   6.4814815e-01   1.6666667e-01
   1.1329330e-01   5.9259259e-01   6.3888889e-01   1.6666667e-01
   9.5439052e-02   5.8333333e-01   6.3888889e-01   1.6666667e-01
   9.3329005e-02   5.8333333e-01   6.1111111e-01   1.6666667e-01
   1.0582698e-01   5.2777778e-01   6.0185185e-01   3.3333333e-01
   1.6912839e-01   5.1851852e-01   5.9259259e-01   3.3333333e-01
   2.0077909e-01   5.1851852e-01   5.9259259e-01   3.3333333e-01
   2.0499919e-01   5.1851852e-01   5.6481481e-01   1.6666667e-01
   2.1165395e-01   5.1851852e-01   5.7407407e-01   1.6666667e-01
   2.3356598e-01   5.1851852e-01   5.8333333e-01   1.6666667e-01
   2.4054537e-01   5.2777778e-01   5.9259259e-01   1.6666667e-01
   2.4119461e-01   5.3703704e-01   6.0185185e-01   1.6666667e-01
   2.1928258e-01   5.3703704e-01   6.1111111e-01   1.6666667e-01
   2.0029216e-01   5.5555556e-01   6.2037037e-01   1.6666667e-01
   1.6993994e-01   5.6481481e-01   6.2962963e-01   1.6666667e-01
   1.4397013e-01   5.8333333e-01   6.2962963e-01   1.6666667e-01
   1.2790131e-01   6.0185185e-01   6.3888889e-01   1.6666667e-01
   1.0095764e-01   6.1111111e-01   6.3888889e-01   1.6666667e-01
   9.3166694e-02   6.2037037e-01   6.4814815e-01   1.6666667e-01
   8.0344100e-02   6.2962963e-01   6.4814815e-01   1.6666667e-01
   6.8008440e-02   6.2962963e-01   6.4814815e-01   1.6666667e-01
   7.5961695e-02   6.2962963e-01   6.5740741e-01   1.6666667e-01
   8.0344100e-02   6.3888889e-01   6.5740741e-01   1.6666667e-01
   8.3914949e-02   6.3888889e-01   6.5740741e-01   1.6666667e-01
   8.6187307e-02   6.2962963e-01   6.5740741e-01   1.6666667e-01
   1.1881188e-01   6.2037037e-01   6.5740741e-01   1.6666667e-01
   1.2790131e-01   6.1111111e-01   6.5740741e-01   1.6666667e-01
   1.3130985e-01   6.0185185e-01   6.5740741e-01   1.6666667e-01
   1.5159877e-01   5.9259259e-01   6.4814815e-01   1.6666667e-01
   1.5516962e-01   5.8333333e-01   6.4814815e-01   1.6666667e-01
   1.8471027e-01   5.5555556e-01   6.3888889e-01   1.6666667e-01
   1.9899367e-01   5.3703704e-01   6.2962963e-01   1.6666667e-01
   1.9915598e-01   5.2777778e-01   6.2037037e-01   1.6666667e-01
   1.8324947e-01   5.2777778e-01   6.0185185e-01   1.6666667e-01
   1.4413245e-01   5.2777778e-01   5.9259259e-01   1.6666667e-01
   1.0144457e-01   5.2777778e-01   5.7407407e-01   1.6666667e-01
   6.3139101e-02   5.2777778e-01   5.4629630e-01   1.6666667e-01
   5.6322026e-02   5.2777778e-01   5.4629630e-01   1.6666667e-01
   6.0217497e-02   5.2777778e-01   5.4629630e-01   1.6666667e-01
   6.9631553e-02   5.2777778e-01   5.4629630e-01   1.6666667e-01
   8.5862685e-02   5.2777778e-01   5.5555556e-01   1.6666667e-01
   9.7386788e-02   5.3703704e-01   5.5555556e-01   1.6666667e-01
   1.1231943e-01   5.3703704e-01   5.6481481e-01   1.6666667e-01
   1.4445707e-01   5.3703704e-01   5.7407407e-01   1.6666667e-01
   1.9331277e-01   5.3703704e-01   6.0185185e-01   1.6666667e-01
   2.3113131e-01   5.4629630e-01   6.1111111e-01   1.6666667e-01
   2.4281772e-01   5.4629630e-01   6.2037037e-01   1.6666667e-01
   2.4216848e-01   5.5555556e-01   6.2962963e-01   1.6666667e-01
   2.1733485e-01   5.6481481e-01   6.2962963e-01   1.6666667e-01
   1.8844343e-01   5.7407407e-01   6.3888889e-01   1.6666667e-01
   1.4802792e-01   5.9259259e-01   6.3888889e-01   1.6666667e-01
   1.0939783e-01   6.1111111e-01   6.3888889e-01   1.6666667e-01
   7.6773251e-02   6.2037037e-01   6.4814815e-01   1.6666667e-01
   5.2264243e-02   6.2962963e-01   6.4814815e-01   1.6666667e-01
   5.3075799e-02   6.3888889e-01   6.4814815e-01   1.6666667e-01
   4.2038630e-02   6.4814815e-01   6.5740741e-01   1.6666667e-01
   3.1813017e-02   6.4814815e-01   6.5740741e-01   1.6666667e-01
   3.5708489e-02   6.5740741e-01   6.5740741e-01   1.6666667e-01
   3.4247687e-02   6.5740741e-01   6.6666667e-01   1.6666667e-01
   3.7006979e-02   6.5740741e-01   6.6666667e-01   1.6666667e-01
   4.3174809e-02   6.5740741e-01   6.6666667e-01   1.6666667e-01
   5.0154196e-02   6.4814815e-01   6.6666667e-01   1.6666667e-01
   5.4211979e-02   6.4814815e-01   6.6666667e-01   1.6666667e-01
   6.5573770e-02   6.4814815e-01   6.6666667e-01   1.6666667e-01
   7.7422496e-02   6.3888889e-01   6.6666667e-01   1.6666667e-01
   8.4239571e-02   6.2962963e-01   6.6666667e-01   1.6666667e-01
   9.6250609e-02   6.2037037e-01   6.5740741e-01   1.6666667e-01
   1.0550235e-01   6.1111111e-01   6.5740741e-01   1.6666667e-01
   1.2254504e-01   6.0185185e-01   6.4814815e-01   1.6666667e-01
   1.3358221e-01   6.0185185e-01   6.4814815e-01   1.6666667e-01
   1.9801980e-01   5.2777778e-01   6.3888889e-01   3.3333333e-01
   2.5369258e-01   5.1851852e-01   6.3888889e-01   3.3333333e-01
   2.6261970e-01   5.1851852e-01   6.2962963e-01   3.3333333e-01
   2.2545041e-01   5.1851852e-01   6.1111111e-01   3.3333333e-01
   1.8617108e-01   5.2777778e-01   5.8333333e-01   1.6666667e-01
   1.6896608e-01   5.2777778e-01   5.7407407e-01   1.6666667e-01
   1.6653141e-01   5.3703704e-01   5.8333333e-01   1.6666667e-01
   2.2415192e-01   5.4629630e-01   7.0370370e-01   3.3333333e-01
   3.1374777e-01   5.4629630e-01   7.1296296e-01   3.3333333e-01
   4.3645512e-01   5.5555556e-01   7.1296296e-01   1.6666667e-01
   5.2864795e-01   5.6481481e-01   7.2222222e-01   1.6666667e-01
   5.3092031e-01   5.7407407e-01   7.2222222e-01   1.6666667e-01
   4.7800682e-01   5.7407407e-01   7.2222222e-01   1.6666667e-01
   4.0658984e-01   5.8333333e-01   7.2222222e-01   1.6666667e-01
   3.2121409e-01   5.9259259e-01   7.1296296e-01   1.6666667e-01
   2.3421522e-01   6.1111111e-01   6.9444444e-01   1.6666667e-01
   1.5013796e-01   6.2037037e-01   6.7592593e-01   1.6666667e-01
   7.6610940e-02   6.2962963e-01   6.5740741e-01   1.6666667e-01
   2.1749716e-02   6.2654321e-01   6.5354938e-01   0.0000000e+00
   0.0000000e+00   6.2345679e-01   6.4969136e-01   0.0000000e+00
   9.7386788e-04   6.2037037e-01   6.4583333e-01   0.0000000e+00
   9.7386788e-04   6.1728395e-01   6.4197531e-01   0.0000000e+00
   9.7386788e-04   6.1419753e-01   6.3811728e-01   0.0000000e+00
   9.7386788e-04   6.1111111e-01   6.3425926e-01   0.0000000e+00
   9.7386788e-04   6.0802469e-01   6.3040123e-01   0.0000000e+00
   9.7386788e-04   6.0493827e-01   6.2654321e-01   0.0000000e+00
   9.7386788e-04   6.0185185e-01   6.2268519e-01   0.0000000e+00
   9.7386788e-04   5.9876543e-01   6.1882716e-01   0.0000000e+00
   3.7331602e-03   5.9567901e-01   6.1496914e-01   0.0000000e+00
   5.4374290e-02   5.9259259e-01   6.1111111e-01   1.6666667e-01
   1.4397013e-01   5.8333333e-01   6.2962963e-01   1.6666667e-01
   2.3437754e-01   5.8333333e-01   6.3888889e-01   1.6666667e-01
   2.6830060e-01   5.7407407e-01   6.4814815e-01   1.6666667e-01
   2.8339555e-01   5.7407407e-01   6.5740741e-01   1.6666667e-01
   2.6716442e-01   5.8333333e-01   6.6666667e-01   1.6666667e-01
   2.3031975e-01   5.8333333e-01   6.6666667e-01   1.6666667e-01
   1.9152735e-01   5.9259259e-01   6.6666667e-01   1.6666667e-01
   1.4023697e-01   6.0185185e-01   6.7592593e-01   1.6666667e-01
   8.5375751e-02   6.5740741e-01   6.7592593e-01   1.6666667e-01
   3.7331602e-02   6.6666667e-01   6.7592593e-01   1.6666667e-01
   2.7592923e-02   6.6666667e-01   6.7592593e-01   1.6666667e-01
   2.6456744e-02   6.6666667e-01   6.7592593e-01   1.6666667e-01
   2.5320565e-02   6.6666667e-01   6.7592593e-01   1.6666667e-01
   2.4184386e-02   6.6666667e-01   6.7592593e-01   1.6666667e-01
   2.8242168e-02   6.6137566e-01   6.7063492e-01   0.0000000e+00
   1.5744197e-02   6.5608466e-01   6.6534392e-01   0.0000000e+00
   3.2462263e-04   6.5079365e-01   6.6005291e-01   0.0000000e+00
   2.1100471e-03   6.4550265e-01   6.5476190e-01   0.0000000e+00
   1.8178867e-02   6.4021164e-01   6.4947090e-01   0.0000000e+00
   2.0775848e-02   6.3492063e-01   6.4417989e-01   0.0000000e+00
   4.0902451e-02   6.2962963e-01   6.3888889e-01   1.6666667e-01
   5.3075799e-02   6.2037037e-01   6.3888889e-01   1.6666667e-01
   5.7458205e-02   6.1111111e-01   6.3888889e-01   1.6666667e-01
   7.4825515e-02   5.9259259e-01   6.2037037e-01   1.6666667e-01
   8.6349619e-02   5.7407407e-01   6.2037037e-01   1.6666667e-01
   1.3617919e-01   5.6481481e-01   6.1111111e-01   1.6666667e-01
   1.7594546e-01   5.6481481e-01   6.1111111e-01   1.6666667e-01
   2.0986853e-01   5.6481481e-01   6.2037037e-01   1.6666667e-01
   2.3843532e-01   5.6481481e-01   6.2962963e-01   1.6666667e-01
   2.5564032e-01   5.6481481e-01   6.3888889e-01   1.6666667e-01
   2.6472975e-01   5.6481481e-01   6.4814815e-01   1.6666667e-01
   2.4346697e-01   5.7407407e-01   6.4814815e-01   1.6666667e-01
   2.1863334e-01   5.9259259e-01   6.5740741e-01   1.6666667e-01
   1.8487259e-01   6.0185185e-01   6.5740741e-01   1.6666667e-01
   1.5127414e-01   6.2037037e-01   6.6666667e-01   1.6666667e-01
   1.2627820e-01   6.2962963e-01   6.6666667e-01   1.6666667e-01
   1.0095764e-01   6.3888889e-01   6.6666667e-01   1.6666667e-01
   9.8198344e-02   6.4814815e-01   6.6666667e-01   1.6666667e-01
   8.8135043e-02   6.4814815e-01   6.7592593e-01   1.6666667e-01
   8.8784288e-02   6.4814815e-01   6.7592593e-01   1.6666667e-01
   8.9271222e-02   6.4814815e-01   6.7592593e-01   1.6666667e-01
   9.0732024e-02   6.4814815e-01   6.7592593e-01   1.6666667e-01
   1.0047070e-01   6.4814815e-01   6.7592593e-01   1.6666667e-01
   9.9821458e-02   6.4814815e-01   6.7592593e-01   1.6666667e-01
   9.9334524e-02   6.3888889e-01   6.7592593e-01   1.6666667e-01
   1.0939783e-01   6.3888889e-01   6.6666667e-01   1.6666667e-01
   1.0355462e-01   6.2962963e-01   6.6666667e-01   1.6666667e-01
   1.0517773e-01   6.2962963e-01   6.6666667e-01   1.6666667e-01
   1.1361792e-01   6.2037037e-01   6.5740741e-01   1.6666667e-01
   1.1605259e-01   6.2037037e-01   6.5740741e-01   1.6666667e-01
   1.1637721e-01   6.1111111e-01   6.5740741e-01   1.6666667e-01
   1.1816264e-01   6.1111111e-01   6.4814815e-01   1.6666667e-01
   1.1361792e-01   6.0185185e-01   6.4814815e-01   1.6666667e-01
   1.2368122e-01   5.8333333e-01   6.3888889e-01   1.6666667e-01
   1.2887518e-01   5.7407407e-01   6.2962963e-01   1.6666667e-01
   1.6312287e-01   5.5555556e-01   6.2037037e-01   1.6666667e-01
   2.1311475e-01   5.4629630e-01   6.1111111e-01   1.6666667e-01
   2.5693881e-01   5.3703704e-01   6.1111111e-01   1.6666667e-01
   2.9329654e-01   5.3703704e-01   6.1111111e-01   1.6666667e-01
   3.1796786e-01   5.3703704e-01   6.2037037e-01   1.6666667e-01
   3.3598442e-01   5.3703704e-01   6.2962963e-01   1.6666667e-01
   3.3987989e-01   5.4629630e-01   6.3888889e-01   1.6666667e-01
   3.2218796e-01   5.4629630e-01   6.4814815e-01   1.6666667e-01
   2.8436942e-01   5.5555556e-01   6.4814815e-01   1.6666667e-01
   2.4005843e-01   5.6481481e-01   6.5740741e-01   1.6666667e-01
   1.9282584e-01   5.9259259e-01   6.5740741e-01   1.6666667e-01
   1.4072391e-01   6.2037037e-01   6.5740741e-01   1.6666667e-01
   1.1167018e-01   6.3888889e-01   6.6666667e-01   1.6666667e-01
   9.9009901e-02   6.3888889e-01   6.6666667e-01   1.6666667e-01
   9.2842071e-02   6.4814815e-01   6.6666667e-01   1.6666667e-01
   8.4564194e-02   6.4814815e-01   6.6666667e-01   1.6666667e-01
   7.9694855e-02   6.4814815e-01   6.6666667e-01   1.6666667e-01
   7.6448628e-02   6.4814815e-01   6.6666667e-01   1.6666667e-01
   8.7161175e-02   6.4814815e-01   6.6666667e-01   1.6666667e-01
   1.0095764e-01   6.3888889e-01   6.6666667e-01   1.6666667e-01
   1.1848726e-01   6.2962963e-01   6.6666667e-01   1.6666667e-01
   1.3017367e-01   6.2962963e-01   6.6666667e-01   1.6666667e-01
   1.4039929e-01   6.2962963e-01   6.6666667e-01   1.6666667e-01
   1.3877617e-01   6.2037037e-01   6.6666667e-01   1.6666667e-01
   1.4186009e-01   6.2037037e-01   6.6666667e-01   1.6666667e-01
   1.3520532e-01   6.1111111e-01   6.5740741e-01   1.6666667e-01
   1.2644051e-01   6.1111111e-01   6.5740741e-01   1.6666667e-01
   1.1897419e-01   6.0185185e-01   6.4814815e-01   1.6666667e-01
   1.1653952e-01   5.9259259e-01   6.4814815e-01   1.6666667e-01
   1.2059731e-01   5.8333333e-01   6.3888889e-01   1.6666667e-01
   1.1848726e-01   5.7407407e-01   6.2962963e-01   1.6666667e-01
   1.1345561e-01   5.7407407e-01   6.1111111e-01   1.6666667e-01
   1.0452849e-01   5.6481481e-01   6.1111111e-01   1.6666667e-01
   9.9821458e-02   5.5555556e-01   6.0185185e-01   1.6666667e-01
   8.1967213e-02   5.5555556e-01   6.0185185e-01   1.6666667e-01
   2.0938159e-01   4.3518519e-01   5.8333333e-01   8.3333333e-01
   4.2460640e-01   4.1666667e-01   5.7407407e-01   1.6666667e-01
   6.5865931e-01   4.0740741e-01   6.0185185e-01   1.6666667e-01
   8.3492939e-01   3.9814815e-01   6.2962963e-01   1.6666667e-01
   9.5536439e-01   3.8888889e-01   6.5740741e-01   1.6666667e-01
   1.0000000e+00   3.9814815e-01   6.6666667e-01   1.6666667e-01
   9.6023373e-01   4.0740741e-01   6.6666667e-01   1.6666667e-01
   8.6398312e-01   4.1666667e-01   6.7592593e-01   1.6666667e-01
   7.4208732e-01   4.3518519e-01   6.7592593e-01   1.6666667e-01
   5.9227398e-01   4.6296296e-01   6.7592593e-01   1.6666667e-01
   4.1892550e-01   5.0925926e-01   6.8518519e-01   3.3333333e-01
   2.7495536e-01   5.6481481e-01   6.8518519e-01   1.6666667e-01
   1.8276254e-01   5.7407407e-01   6.8518519e-01   3.3333333e-01
   8.4726505e-02   5.7407407e-01   6.7592593e-01   3.3333333e-01
   3.4734621e-02   5.7407407e-01   5.8333333e-01   1.6666667e-01
   3.2462263e-02   5.7407407e-01   5.8333333e-01   1.6666667e-01
   3.3436130e-02   5.7407407e-01   5.8333333e-01   1.6666667e-01
   3.3111508e-02   5.8333333e-01   5.8333333e-01   1.6666667e-01
   3.1326083e-02   5.8333333e-01   5.8333333e-01   1.6666667e-01
   2.9053725e-02   5.8333333e-01   5.8333333e-01   1.6666667e-01
   2.1912027e-02   5.8024691e-01   5.8333333e-01   0.0000000e+00
   3.2137640e-02   5.7716049e-01   5.8333333e-01   0.0000000e+00
   3.8305470e-02   5.7407407e-01   5.8333333e-01   1.6666667e-01
   4.9829573e-02   5.7407407e-01   5.8333333e-01   1.6666667e-01
   4.9991884e-02   5.8333333e-01   5.8333333e-01   1.6666667e-01
   4.7232592e-02   5.8333333e-01   5.8333333e-01   1.6666667e-01
   4.2525564e-02   5.8333333e-01   5.8333333e-01   0.0000000e+00
