   2.0900000e+02
   5.1380093e-02   5.0724638e-01   5.3623188e-01   1.6666667e-01
   1.0419405e-01   4.9275362e-01   5.6521739e-01   1.6666667e-01
   1.5079460e-01   4.7826087e-01   5.7971014e-01   1.6666667e-01
   1.7744055e-01   4.7826087e-01   5.7971014e-01   1.6666667e-01
   1.8735811e-01   4.6376812e-01   5.9420290e-01   1.6666667e-01
   1.8484885e-01   4.6376812e-01   6.0869565e-01   1.6666667e-01
   1.7803800e-01   4.6376812e-01   6.0869565e-01   1.6666667e-01
   1.5617159e-01   4.6376812e-01   6.2318841e-01   1.6666667e-01
   1.2892819e-01   4.6376812e-01   6.2318841e-01   3.3333333e-01
   9.6905246e-02   4.6376812e-01   6.3768116e-01   3.3333333e-01
   7.3843948e-02   4.6376812e-01   6.3768116e-01   3.3333333e-01
   6.2253555e-02   4.6376812e-01   6.3768116e-01   3.3333333e-01
   4.8273390e-02   4.6376812e-01   6.3768116e-01   3.3333333e-01
   4.2059983e-02   4.6376812e-01   6.5217391e-01   3.3333333e-01
   4.5405664e-02   4.6376812e-01   6.5217391e-01   3.3333333e-01
   5.3291911e-02   4.6376812e-01   6.5217391e-01   3.3333333e-01
   5.6159637e-02   4.7826087e-01   6.5217391e-01   3.3333333e-01
   5.7235034e-02   4.7826087e-01   6.5217391e-01   3.3333333e-01
   5.3769865e-02   6.3768116e-01   6.6666667e-01   1.6666667e-01
   5.1858048e-02   6.3768116e-01   6.6666667e-01   1.6666667e-01
   5.4845262e-02   6.2318841e-01   6.6666667e-01   1.6666667e-01
   8.3642012e-02   6.2318841e-01   6.6666667e-01   1.6666667e-01
   1.9560282e-01   2.8985507e-02   6.6666667e-01   3.3333333e-01
   3.6826383e-01   1.4492754e-02   6.6666667e-01   3.3333333e-01
   5.3411399e-01   0.0000000e+00   6.6666667e-01   3.3333333e-01
   7.0832835e-01   0.0000000e+00   6.5217391e-01   3.3333333e-01
   8.9544748e-01   0.0000000e+00   6.5217391e-01   1.6666667e-01
   1.0000000e+00   0.0000000e+00   6.5217391e-01   1.6666667e-01
   9.8948500e-01   1.4492754e-02   6.5217391e-01   1.6666667e-01
   9.1504361e-01   4.3478261e-02   6.3768116e-01   1.6666667e-01
   8.2291791e-01   1.0144928e-01   6.3768116e-01   1.6666667e-01
   7.0868682e-01   1.5942029e-01   6.2318841e-01   1.6666667e-01
   5.9839885e-01   1.8840580e-01   6.0869565e-01   1.6666667e-01
   4.9289043e-01   2.4637681e-01   5.9420290e-01   1.6666667e-01
   3.9873342e-01   2.7536232e-01   5.7971014e-01   1.6666667e-01
   3.2429203e-01   2.8985507e-01   5.2173913e-01   1.6666667e-01
   2.5510814e-01   3.0434783e-01   4.9275362e-01   1.6666667e-01
   1.9751464e-01   3.0434783e-01   4.3478261e-01   1.6666667e-01
   1.5258693e-01   3.0434783e-01   4.3478261e-01   1.6666667e-01
   1.2414864e-01   3.1884058e-01   4.4927536e-01   3.3333333e-01
   9.8817063e-02   3.1884058e-01   4.4927536e-01   3.3333333e-01
   8.0057355e-02   3.1884058e-01   4.6376812e-01   3.3333333e-01
   7.0020313e-02   3.1884058e-01   4.6376812e-01   3.3333333e-01
   6.4643327e-02   3.1884058e-01   4.6376812e-01   3.3333333e-01
   6.3089975e-02   3.1884058e-01   4.7826087e-01   3.3333333e-01
   6.0700203e-02   3.3333333e-01   4.7826087e-01   3.3333333e-01
   6.7630541e-02   3.3333333e-01   4.7826087e-01   3.3333333e-01
   1.5449875e-01   7.2463768e-02   4.9275362e-01   5.0000000e-01
   3.1640578e-01   5.7971014e-02   5.0724638e-01   6.6666667e-01
   5.1021627e-01   5.7971014e-02   5.0724638e-01   5.0000000e-01
   6.7546899e-01   5.7971014e-02   5.2173913e-01   1.6666667e-01
   7.8121639e-01   5.7971014e-02   5.3623188e-01   1.6666667e-01
   8.0403871e-01   5.7971014e-02   5.5072464e-01   1.6666667e-01
   8.0583104e-01   5.7971014e-02   5.7971014e-01   1.6666667e-01
   8.1873581e-01   7.2463768e-02   6.6666667e-01   1.6666667e-01
   7.8527901e-01   8.6956522e-02   6.8115942e-01   1.6666667e-01
   6.8980762e-01   1.0144928e-01   6.8115942e-01   3.3333333e-01
   5.6625642e-01   1.1594203e-01   6.9565217e-01   3.3333333e-01
   4.3230971e-01   4.2028986e-01   6.9565217e-01   1.6666667e-01
   3.3504600e-01   4.6376812e-01   6.9565217e-01   1.6666667e-01
   2.6263592e-01   5.0724638e-01   6.9565217e-01   1.6666667e-01
   1.9954594e-01   5.3623188e-01   6.9565217e-01   1.6666667e-01
   1.3705341e-01   5.3623188e-01   6.9565217e-01   1.6666667e-01
   8.9735930e-02   5.5072464e-01   6.8115942e-01   3.3333333e-01
   3.6085554e-02   5.6521739e-01   5.7971014e-01   1.6666667e-01
   1.6847891e-02   5.6521739e-01   5.6521739e-01   1.6666667e-01
   5.8549409e-03   5.6521739e-01   5.6750572e-01   0.0000000e+00
   2.0313060e-03   5.6521739e-01   5.6979405e-01   0.0000000e+00
   2.5092604e-03   5.6521739e-01   5.7208238e-01   0.0000000e+00
   2.1507946e-03   5.6521739e-01   5.7437071e-01   0.0000000e+00
   5.2574979e-03   5.6521739e-01   5.7665904e-01   0.0000000e+00
   6.8108496e-03   5.6521739e-01   5.7894737e-01   0.0000000e+00
   7.0498267e-03   5.6521739e-01   5.8123570e-01   0.0000000e+00
   3.9431234e-03   5.6521739e-01   5.8352403e-01   0.0000000e+00
   2.3897718e-03   5.6521739e-01   5.8581236e-01   0.0000000e+00
   2.5092604e-03   5.6521739e-01   5.8810069e-01   0.0000000e+00
   2.5092604e-03   5.6521739e-01   5.9038902e-01   0.0000000e+00
   2.5092604e-03   5.6521739e-01   5.9267735e-01   0.0000000e+00
   2.5092604e-03   5.6521739e-01   5.9496568e-01   0.0000000e+00
   2.5092604e-03   5.6521739e-01   5.9725400e-01   0.0000000e+00
   2.5092604e-03   5.6521739e-01   5.9954233e-01   0.0000000e+00
   2.5092604e-03   5.6521739e-01   6.0183066e-01   0.0000000e+00
   5.9744294e-04   5.6521739e-01   6.0411899e-01   0.0000000e+00
   1.6489425e-02   5.6521739e-01   6.0640732e-01   0.0000000e+00
   6.4284861e-02   5.6521739e-01   6.0869565e-01   1.6666667e-01
   1.2211734e-01   5.2173913e-01   6.2318841e-01   1.6666667e-01
   1.5903931e-01   5.0724638e-01   6.3768116e-01   1.6666667e-01
   1.7636516e-01   5.0724638e-01   6.3768116e-01   1.6666667e-01
   1.8484885e-01   4.9275362e-01   6.5217391e-01   1.6666667e-01
   1.8652169e-01   4.7826087e-01   6.5217391e-01   1.6666667e-01
   1.7875493e-01   4.7826087e-01   6.5217391e-01   1.6666667e-01
   1.5617159e-01   4.7826087e-01   6.6666667e-01   3.3333333e-01
   1.3358824e-01   4.7826087e-01   6.6666667e-01   3.3333333e-01
   1.1829370e-01   4.7826087e-01   6.6666667e-01   3.3333333e-01
   1.0957104e-01   4.7826087e-01   6.6666667e-01   3.3333333e-01
   1.0120683e-01   4.7826087e-01   5.2173913e-01   1.6666667e-01
   9.8100131e-02   4.7826087e-01   5.2173913e-01   1.6666667e-01
   1.0730075e-01   4.7826087e-01   5.3623188e-01   1.6666667e-01
   1.2450711e-01   4.9275362e-01   5.5072464e-01   1.6666667e-01
   1.5306488e-01   4.9275362e-01   5.6521739e-01   1.6666667e-01
   1.9703668e-01   4.9275362e-01   5.9420290e-01   1.6666667e-01
   2.1890309e-01   4.9275362e-01   6.2318841e-01   1.6666667e-01
   2.2177082e-01   4.9275362e-01   6.3768116e-01   1.6666667e-01
   2.0850759e-01   4.9275362e-01   6.3768116e-01   1.6666667e-01
   1.7803800e-01   5.0724638e-01   6.3768116e-01   1.6666667e-01
   1.3956267e-01   5.0724638e-01   6.2318841e-01   1.6666667e-01
   1.0132632e-01   5.2173913e-01   6.2318841e-01   1.6666667e-01
   6.4643327e-02   5.2173913e-01   6.0869565e-01   3.3333333e-01
   3.6563508e-02   5.2173913e-01   5.9057971e-01   0.0000000e+00
   1.8042777e-02   5.2173913e-01   5.7246377e-01   0.0000000e+00
   1.3143745e-02   5.2173913e-01   5.5434783e-01   0.0000000e+00
   2.1388457e-02   5.2173913e-01   5.3623188e-01   1.6666667e-01
   3.4293225e-02   5.2173913e-01   5.5072464e-01   1.6666667e-01
   6.2731509e-02   5.2173913e-01   5.5072464e-01   1.6666667e-01
   9.4634962e-02   5.2173913e-01   5.7971014e-01   1.6666667e-01
   1.1853268e-01   5.2173913e-01   6.0869565e-01   1.6666667e-01
   1.2653842e-01   5.2173913e-01   6.2318841e-01   1.6666667e-01
   1.2247580e-01   5.3623188e-01   6.2318841e-01   1.6666667e-01
   1.1076592e-01   5.3623188e-01   6.3768116e-01   1.6666667e-01
   9.6785757e-02   5.5072464e-01   6.3768116e-01   1.6666667e-01
   7.5158322e-02   5.7971014e-01   6.5217391e-01   1.6666667e-01
   5.2336002e-02   6.2318841e-01   6.5217391e-01   1.6666667e-01
   3.4412714e-02   6.3768116e-01   6.6666667e-01   1.6666667e-01
   2.8677261e-02   6.5217391e-01   6.6666667e-01   1.6666667e-01
   2.5690047e-02   6.5217391e-01   6.6666667e-01   1.6666667e-01
   2.1627435e-02   6.6666667e-01   6.6666667e-01   1.6666667e-01
   1.5414028e-02   6.6139657e-01   6.6271410e-01   0.0000000e+00
   8.2447126e-03   6.5612648e-01   6.5876153e-01   0.0000000e+00
   3.2261919e-03   6.5085639e-01   6.5480896e-01   0.0000000e+00
   2.3897718e-03   6.4558630e-01   6.5085639e-01   0.0000000e+00
   2.5092604e-03   6.4031621e-01   6.4690382e-01   0.0000000e+00
   1.9118174e-03   6.3504611e-01   6.4295125e-01   0.0000000e+00
   9.2006213e-03   6.2977602e-01   6.3899868e-01   0.0000000e+00
   1.1829370e-02   6.2450593e-01   6.3504611e-01   0.0000000e+00
   1.5175051e-02   6.1923584e-01   6.3109354e-01   0.0000000e+00
   2.1149480e-02   6.1396574e-01   6.2714097e-01   0.0000000e+00
   3.2620385e-02   6.0869565e-01   6.2318841e-01   1.6666667e-01
   6.3448441e-02   5.9420290e-01   6.3768116e-01   1.6666667e-01
   1.3406620e-01   4.6376812e-01   6.3768116e-01   3.3333333e-01
   2.1304815e-01   4.6376812e-01   6.3768116e-01   1.6666667e-01
   2.5355479e-01   4.6376812e-01   6.3768116e-01   1.6666667e-01
   2.5905126e-01   4.6376812e-01   6.2318841e-01   1.6666667e-01
   2.4961166e-01   4.6376812e-01   6.2318841e-01   1.6666667e-01
   2.3240531e-01   4.6376812e-01   6.0869565e-01   1.6666667e-01
   2.2165133e-01   4.7826087e-01   6.0869565e-01   1.6666667e-01
   2.3610945e-01   4.7826087e-01   6.3768116e-01   1.6666667e-01
   2.7422631e-01   4.9275362e-01   6.9565217e-01   1.6666667e-01
   3.1461345e-01   5.2173913e-01   7.1014493e-01   1.6666667e-01
   3.3385112e-01   5.3623188e-01   7.5362319e-01   1.6666667e-01
   3.3170032e-01   5.6521739e-01   7.6811594e-01   1.6666667e-01
   3.1317959e-01   5.7971014e-01   7.6811594e-01   1.6666667e-01
   2.7781097e-01   5.9420290e-01   7.6811594e-01   1.6666667e-01
   2.2655036e-01   5.9420290e-01   7.6811594e-01   1.6666667e-01
   1.6692556e-01   6.0869565e-01   7.5362319e-01   1.6666667e-01
   1.0742024e-01   6.2318841e-01   7.3913043e-01   1.6666667e-01
   6.1058669e-02   6.5217391e-01   7.1014493e-01   1.6666667e-01
   1.0156530e-02   6.3146998e-01   6.9151139e-01   0.0000000e+00
   1.5533517e-03   6.1076605e-01   6.7287785e-01   0.0000000e+00
   2.5092604e-03   5.9006211e-01   6.5424431e-01   0.0000000e+00
   2.5092604e-03   5.6935818e-01   6.3561077e-01   0.0000000e+00
   0.0000000e+00   5.4865424e-01   6.1697723e-01   0.0000000e+00
   1.8520731e-02   5.2795031e-01   5.9834369e-01   0.0000000e+00
   9.2125702e-02   5.0724638e-01   5.7971014e-01   1.6666667e-01
   1.8472936e-01   4.9275362e-01   6.6666667e-01   3.3333333e-01
   2.5678098e-01   4.7826087e-01   6.6666667e-01   3.3333333e-01
   3.0589079e-01   4.7826087e-01   6.8115942e-01   1.6666667e-01
   3.3827220e-01   4.7826087e-01   6.8115942e-01   1.6666667e-01
   3.4962361e-01   4.7826087e-01   6.6666667e-01   1.6666667e-01
   3.4866770e-01   4.7826087e-01   6.6666667e-01   1.6666667e-01
   3.4591946e-01   4.7826087e-01   6.6666667e-01   1.6666667e-01
   3.4257378e-01   4.7826087e-01   6.6666667e-01   1.6666667e-01
   3.3588242e-01   4.9275362e-01   6.6666667e-01   1.6666667e-01
   3.2130482e-01   4.9275362e-01   6.6666667e-01   1.6666667e-01
   2.9836301e-01   5.0724638e-01   6.8115942e-01   1.6666667e-01
   2.6801290e-01   5.0724638e-01   6.8115942e-01   1.6666667e-01
   2.3001553e-01   5.2173913e-01   6.8115942e-01   1.6666667e-01
   1.7899391e-01   5.3623188e-01   6.8115942e-01   1.6666667e-01
   1.2474609e-01   5.5072464e-01   6.8115942e-01   3.3333333e-01
   8.8421556e-02   5.6521739e-01   6.8115942e-01   3.3333333e-01
   4.9229299e-02   6.8115942e-01   6.8115942e-01   1.6666667e-01
   3.0589079e-02   6.8115942e-01   6.8115942e-01   1.6666667e-01
   2.9513681e-02   6.8115942e-01   6.8115942e-01   1.6666667e-01
   3.0708567e-02   6.8115942e-01   6.8115942e-01   1.6666667e-01
   3.1306010e-02   6.8115942e-01   6.9565217e-01   1.6666667e-01
   3.7280440e-02   6.8115942e-01   6.8115942e-01   1.6666667e-01
   4.3135381e-02   6.6666667e-01   6.8115942e-01   1.6666667e-01
   5.4964751e-02   6.5217391e-01   6.8115942e-01   1.6666667e-01
   7.9818377e-02   6.3768116e-01   6.8115942e-01   1.6666667e-01
   1.1136336e-01   6.0869565e-01   6.8115942e-01   1.6666667e-01
   1.5880033e-01   5.9420290e-01   6.8115942e-01   1.6666667e-01
   2.2200980e-01   5.2173913e-01   6.8115942e-01   1.6666667e-01
   2.6956626e-01   5.0724638e-01   6.6666667e-01   1.6666667e-01
   2.8187358e-01   5.0724638e-01   6.6666667e-01   1.6666667e-01
   2.7088063e-01   5.0724638e-01   6.6666667e-01   1.6666667e-01
   2.4949217e-01   5.0724638e-01   6.6666667e-01   1.6666667e-01
   2.2786474e-01   5.2173913e-01   6.5217391e-01   1.6666667e-01
   2.0886605e-01   5.2173913e-01   6.3768116e-01   1.6666667e-01
   2.0205520e-01   5.3623188e-01   6.5217391e-01   1.6666667e-01
   2.4614649e-01   5.5072464e-01   7.2463768e-01   1.6666667e-01
   3.2261919e-01   5.6521739e-01   7.6811594e-01   1.6666667e-01
   3.7722547e-01   5.7971014e-01   7.9710145e-01   1.6666667e-01
   3.8343888e-01   5.9420290e-01   8.1159420e-01   1.6666667e-01
   3.6575457e-01   5.9420290e-01   8.1159420e-01   1.6666667e-01
   3.3193930e-01   6.0869565e-01   8.2608696e-01   1.6666667e-01
   2.8462182e-01   6.2318841e-01   8.2608696e-01   1.6666667e-01
   2.2583343e-01   6.3768116e-01   8.1159420e-01   1.6666667e-01
   1.6752300e-01   6.5217391e-01   7.8260870e-01   1.6666667e-01
   1.0395507e-01   6.8115942e-01   7.5362319e-01   1.6666667e-01
   6.2850998e-02   7.1014493e-01   7.1014493e-01   1.6666667e-01
