   3.5800000e+02
   3.3839943e-02   5.4838710e-01   5.6451613e-01   1.6666667e-01
   7.1241985e-02   5.1612903e-01   5.8064516e-01   1.6666667e-01
   1.0686298e-01   5.0000000e-01   5.9677419e-01   1.6666667e-01
   1.3334125e-01   4.6774194e-01   5.9677419e-01   1.6666667e-01
   1.6207552e-01   4.5161290e-01   5.9677419e-01   1.6666667e-01
   1.9745904e-01   4.0322581e-01   5.8064516e-01   1.6666667e-01
   2.2821183e-01   3.7096774e-01   5.8064516e-01   1.6666667e-01
   2.4447875e-01   3.7096774e-01   5.6451613e-01   1.6666667e-01
   2.3842318e-01   3.5483871e-01   5.4838710e-01   1.6666667e-01
   2.2512467e-01   3.5483871e-01   5.3225806e-01   1.6666667e-01
   2.0577060e-01   3.5483871e-01   5.0000000e-01   1.6666667e-01
   1.8309190e-01   3.5483871e-01   4.8387097e-01   1.6666667e-01
   1.5744479e-01   3.5483871e-01   4.6774194e-01   1.6666667e-01
   1.4010924e-01   3.7096774e-01   4.6774194e-01   1.6666667e-01
   1.2894799e-01   3.7096774e-01   4.6774194e-01   1.6666667e-01
   1.2407979e-01   3.8709677e-01   4.6774194e-01   1.6666667e-01
   1.1600570e-01   4.0322581e-01   4.8387097e-01   1.6666667e-01
   1.1909285e-01   4.1935484e-01   5.0000000e-01   1.6666667e-01
   1.4913322e-01   4.1935484e-01   5.6451613e-01   1.6666667e-01
   1.8154833e-01   4.3548387e-01   5.8064516e-01   1.6666667e-01
   2.0565186e-01   4.5161290e-01   6.1290323e-01   1.6666667e-01
   2.0933270e-01   4.6774194e-01   6.2903226e-01   1.6666667e-01
   1.9579672e-01   4.8387097e-01   6.2903226e-01   1.6666667e-01
   1.7739254e-01   5.0000000e-01   6.4516129e-01   1.6666667e-01
   1.5934457e-01   5.1612903e-01   6.4516129e-01   1.6666667e-01
   1.4272144e-01   5.3225806e-01   6.6129032e-01   1.6666667e-01
   1.2111137e-01   5.6451613e-01   6.6129032e-01   1.6666667e-01
   1.0318214e-01   5.9677419e-01   6.6129032e-01   1.6666667e-01
   9.4039421e-02   6.1290323e-01   6.6129032e-01   1.6666667e-01
   8.8102588e-02   6.1290323e-01   6.7741935e-01   1.6666667e-01
   8.3115649e-02   6.1290323e-01   6.7741935e-01   1.6666667e-01
   8.2521966e-02   6.2903226e-01   6.7741935e-01   1.6666667e-01
   8.2878176e-02   6.2903226e-01   6.7741935e-01   1.6666667e-01
   7.9672287e-02   6.2903226e-01   6.7741935e-01   1.6666667e-01
   7.6466398e-02   6.2903226e-01   6.7741935e-01   1.6666667e-01
   7.5397768e-02   6.2903226e-01   6.7741935e-01   1.6666667e-01
   7.3023035e-02   6.2903226e-01   6.7741935e-01   1.6666667e-01
   6.6255046e-02   6.2903226e-01   6.7741935e-01   1.6666667e-01
   6.0436951e-02   6.2903226e-01   6.7741935e-01   1.6666667e-01
   5.9012111e-02   6.2903226e-01   6.7741935e-01   1.6666667e-01
   6.1268107e-02   6.1290323e-01   6.6129032e-01   1.6666667e-01
   7.3141772e-02   6.1290323e-01   6.6129032e-01   1.6666667e-01
   1.1956780e-01   4.6774194e-01   6.6129032e-01   3.3333333e-01
   1.8131085e-01   4.5161290e-01   6.6129032e-01   3.3333333e-01
   2.4032296e-01   4.3548387e-01   6.6129032e-01   3.3333333e-01
   2.9541677e-01   4.1935484e-01   6.6129032e-01   1.6666667e-01
   3.3614343e-01   3.8709677e-01   6.6129032e-01   1.6666667e-01
   3.4991688e-01   3.8709677e-01   6.4516129e-01   1.6666667e-01
   3.3911185e-01   3.8709677e-01   6.4516129e-01   1.6666667e-01
   3.2676324e-01   3.8709677e-01   6.4516129e-01   1.6666667e-01
   3.1714557e-01   3.8709677e-01   6.4516129e-01   1.6666667e-01
   3.0978390e-01   3.8709677e-01   6.4516129e-01   3.3333333e-01
   3.0539064e-01   3.8709677e-01   6.4516129e-01   3.3333333e-01
   3.0705296e-01   3.8709677e-01   6.4516129e-01   3.3333333e-01
   3.2367609e-01   4.0322581e-01   6.4516129e-01   1.6666667e-01
   3.4255521e-01   4.0322581e-01   6.4516129e-01   1.6666667e-01
   3.3851817e-01   4.1935484e-01   6.4516129e-01   1.6666667e-01
   3.1417716e-01   4.1935484e-01   6.6129032e-01   1.6666667e-01
   2.7831869e-01   4.3548387e-01   6.6129032e-01   1.6666667e-01
   2.4269770e-01   4.5161290e-01   6.6129032e-01   1.6666667e-01
   2.1823795e-01   4.6774194e-01   6.6129032e-01   1.6666667e-01
   1.9745904e-01   4.8387097e-01   6.6129032e-01   1.6666667e-01
   1.8166706e-01   5.0000000e-01   6.6129032e-01   1.6666667e-01
   1.6658751e-01   5.1612903e-01   6.6129032e-01   1.6666667e-01
   1.5269532e-01   5.6451613e-01   6.6129032e-01   1.6666667e-01
   1.4545239e-01   5.6451613e-01   6.6129032e-01   1.6666667e-01
   1.4568986e-01   5.6451613e-01   6.6129032e-01   1.6666667e-01
   1.4497744e-01   5.6451613e-01   6.6129032e-01   1.6666667e-01
   1.4568986e-01   5.6451613e-01   6.6129032e-01   1.6666667e-01
   1.4984564e-01   5.4838710e-01   6.6129032e-01   1.6666667e-01
   1.5423890e-01   5.4838710e-01   6.4516129e-01   1.6666667e-01
   1.5115175e-01   5.3225806e-01   6.4516129e-01   1.6666667e-01
   1.5495132e-01   5.3225806e-01   6.4516129e-01   1.6666667e-01
   1.5388269e-01   5.1612903e-01   6.4516129e-01   1.6666667e-01
   1.5257659e-01   5.1612903e-01   6.2903226e-01   1.6666667e-01
   1.5257659e-01   5.0000000e-01   6.1290323e-01   1.6666667e-01
   1.5293280e-01   5.0000000e-01   5.9677419e-01   1.6666667e-01
   1.4557112e-01   4.8387097e-01   5.9677419e-01   1.6666667e-01
   1.3061031e-01   4.8387097e-01   5.9677419e-01   1.6666667e-01
   1.1422465e-01   4.8387097e-01   5.8064516e-01   1.6666667e-01
   1.0757540e-01   4.8387097e-01   5.8064516e-01   1.6666667e-01
   1.0710045e-01   4.5161290e-01   5.6451613e-01   1.6666667e-01
   1.0900024e-01   4.5161290e-01   5.4838710e-01   1.6666667e-01
   1.0710045e-01   4.3548387e-01   5.3225806e-01   1.6666667e-01
   9.9263833e-02   4.3548387e-01   5.1612903e-01   1.6666667e-01
   1.0021373e-01   4.3548387e-01   5.1612903e-01   1.6666667e-01
   9.9382569e-02   4.3548387e-01   5.0000000e-01   1.6666667e-01
   9.4751840e-02   4.3548387e-01   5.0000000e-01   1.6666667e-01
   9.3564474e-02   4.3548387e-01   5.0000000e-01   1.6666667e-01
   1.0579435e-01   4.3548387e-01   5.0000000e-01   1.6666667e-01
   1.7620518e-01   4.3548387e-01   6.4516129e-01   1.6666667e-01
   2.7238186e-01   4.3548387e-01   6.6129032e-01   1.6666667e-01
   3.3139397e-01   4.5161290e-01   6.6129032e-01   1.6666667e-01
   3.3614343e-01   4.5161290e-01   6.7741935e-01   1.6666667e-01
   3.2474472e-01   4.6774194e-01   6.7741935e-01   1.6666667e-01
   3.1215863e-01   4.6774194e-01   6.7741935e-01   1.6666667e-01
   2.8912372e-01   4.8387097e-01   6.7741935e-01   1.6666667e-01
   2.6193303e-01   5.0000000e-01   6.9354839e-01   1.6666667e-01
   2.3723581e-01   5.1612903e-01   6.9354839e-01   1.6666667e-01
   2.1408217e-01   5.1612903e-01   6.7741935e-01   1.6666667e-01
   1.9579672e-01   5.1612903e-01   6.7741935e-01   1.6666667e-01
   1.7644265e-01   5.1612903e-01   6.6129032e-01   1.6666667e-01
   1.6433151e-01   5.1612903e-01   6.4516129e-01   1.6666667e-01
   1.4806459e-01   5.1612903e-01   6.2903226e-01   1.6666667e-01
   1.2918547e-01   5.1612903e-01   6.1290323e-01   1.6666667e-01
   1.1090002e-01   5.1612903e-01   5.9677419e-01   1.6666667e-01
   9.4633104e-02   5.0000000e-01   5.9677419e-01   1.6666667e-01
   8.0265970e-02   5.0000000e-01   5.8064516e-01   1.6666667e-01
   7.4210401e-02   5.0000000e-01   5.6451613e-01   1.6666667e-01
   6.1980527e-02   5.0000000e-01   5.6451613e-01   1.6666667e-01
   5.4500119e-02   5.0000000e-01   5.4838710e-01   1.6666667e-01
   4.9156970e-02   5.0000000e-01   5.3225806e-01   1.6666667e-01
   4.3932558e-02   4.8387097e-01   5.1612903e-01   1.6666667e-01
   4.0370458e-02   4.6774194e-01   5.1612903e-01   1.6666667e-01
   3.9064355e-02   4.6774194e-01   5.0000000e-01   1.6666667e-01
   3.8351935e-02   4.6774194e-01   5.0000000e-01   1.6666667e-01
   4.5832344e-02   4.6774194e-01   5.0000000e-01   1.6666667e-01
   5.1412966e-02   4.6774194e-01   5.0000000e-01   1.6666667e-01
   6.0318214e-02   4.6774194e-01   5.0000000e-01   1.6666667e-01
   7.1123249e-02   4.5161290e-01   5.0000000e-01   1.6666667e-01
   8.9527428e-02   4.5161290e-01   5.0000000e-01   1.6666667e-01
   1.5210164e-01   4.5161290e-01   6.2903226e-01   3.3333333e-01
   2.3640465e-01   4.5161290e-01   6.6129032e-01   1.6666667e-01
   3.0764664e-01   4.6774194e-01   6.7741935e-01   1.6666667e-01
   3.2426977e-01   4.6774194e-01   6.7741935e-01   1.6666667e-01
   3.1821420e-01   4.6774194e-01   6.7741935e-01   1.6666667e-01
   3.0432201e-01   4.8387097e-01   6.9354839e-01   1.6666667e-01
   2.8188079e-01   4.8387097e-01   6.9354839e-01   1.6666667e-01
   2.5409641e-01   5.0000000e-01   6.9354839e-01   1.6666667e-01
   2.2405604e-01   5.0000000e-01   6.7741935e-01   1.6666667e-01
   1.9128473e-01   5.0000000e-01   6.7741935e-01   1.6666667e-01
   1.5993826e-01   5.1612903e-01   6.4516129e-01   1.6666667e-01
   1.2312990e-01   5.1612903e-01   6.2903226e-01   1.6666667e-01
   9.7482783e-02   5.1612903e-01   5.9677419e-01   1.6666667e-01
   8.0503443e-02   5.1612903e-01   5.8064516e-01   1.6666667e-01
   6.7442413e-02   5.0000000e-01   5.6451613e-01   1.6666667e-01
   5.9368321e-02   5.0000000e-01   5.4838710e-01   1.6666667e-01
   4.9038233e-02   4.8387097e-01   5.3225806e-01   1.6666667e-01
   4.3813821e-02   4.8387097e-01   5.3225806e-01   1.6666667e-01
   4.1795298e-02   4.8387097e-01   5.1612903e-01   1.6666667e-01
   4.1320351e-02   4.8387097e-01   5.1612903e-01   1.6666667e-01
   4.9275706e-02   4.8387097e-01   5.1612903e-01   1.6666667e-01
   5.7231062e-02   4.8387097e-01   5.3225806e-01   1.6666667e-01
   6.6848730e-02   5.0000000e-01   5.4838710e-01   1.6666667e-01
   7.4447875e-02   5.0000000e-01   5.4838710e-01   1.6666667e-01
   7.9316077e-02   5.0000000e-01   5.6451613e-01   1.6666667e-01
   8.6915222e-02   5.1612903e-01   5.9677419e-01   1.6666667e-01
   8.8577535e-02   5.1612903e-01   6.1290323e-01   1.6666667e-01
   8.8577535e-02   5.3225806e-01   6.1290323e-01   1.6666667e-01
   8.6915222e-02   5.4838710e-01   6.2903226e-01   1.6666667e-01
   8.2521966e-02   5.6451613e-01   6.2903226e-01   1.6666667e-01
   8.0028497e-02   5.8064516e-01   6.2903226e-01   1.6666667e-01
   7.8247447e-02   5.9677419e-01   6.4516129e-01   1.6666667e-01
   8.0740917e-02   5.9677419e-01   6.4516129e-01   1.6666667e-01
   8.4777962e-02   5.9677419e-01   6.4516129e-01   1.6666667e-01
   8.7508905e-02   5.9677419e-01   6.4516129e-01   1.6666667e-01
   9.0952268e-02   5.9677419e-01   6.6129032e-01   1.6666667e-01
   9.1783424e-02   5.9677419e-01   6.6129032e-01   1.6666667e-01
   8.8458798e-02   5.9677419e-01   6.6129032e-01   1.6666667e-01
   8.1928283e-02   5.9677419e-01   6.6129032e-01   1.6666667e-01
   7.3616718e-02   5.9677419e-01   6.6129032e-01   1.6666667e-01
   6.5423890e-02   5.9677419e-01   6.4516129e-01   1.6666667e-01
   5.9130848e-02   5.9677419e-01   6.4516129e-01   1.6666667e-01
   5.3194016e-02   5.9677419e-01   6.4516129e-01   1.6666667e-01
   4.5238661e-02   5.9677419e-01   6.2903226e-01   1.6666667e-01
   3.3721206e-02   5.9677419e-01   6.1290323e-01   1.6666667e-01
   2.6478271e-02   5.8709677e-01   6.0483871e-01   0.0000000e+00
   1.8997863e-02   5.7741935e-01   5.9677419e-01   0.0000000e+00
   1.2704821e-02   5.6774194e-01   5.8870968e-01   0.0000000e+00
   6.2930420e-03   5.5806452e-01   5.8064516e-01   0.0000000e+00
   0.0000000e+00   5.4838710e-01   5.7258065e-01   0.0000000e+00
   4.7494657e-04   5.3870968e-01   5.6451613e-01   0.0000000e+00
   4.7494657e-04   5.2903226e-01   5.5645161e-01   0.0000000e+00
   1.1873664e-04   5.1935484e-01   5.4838710e-01   0.0000000e+00
   2.2559962e-03   5.0967742e-01   5.4032258e-01   0.0000000e+00
   2.9209214e-02   5.0000000e-01   5.3225806e-01   1.6666667e-01
   1.0092615e-01   4.6774194e-01   5.4838710e-01   1.6666667e-01
   1.7240560e-01   4.5161290e-01   5.6451613e-01   1.6666667e-01
   2.2013773e-01   4.3548387e-01   5.8064516e-01   1.6666667e-01
   2.4732843e-01   4.3548387e-01   5.9677419e-01   1.6666667e-01
   2.7238186e-01   4.3548387e-01   6.1290323e-01   1.6666667e-01
   2.8484920e-01   4.3548387e-01   6.1290323e-01   1.6666667e-01
   2.8473047e-01   4.3548387e-01   6.2903226e-01   1.6666667e-01
   2.7107575e-01   4.1935484e-01   6.2903226e-01   1.6666667e-01
   2.6288293e-01   4.1935484e-01   6.2903226e-01   1.6666667e-01
   2.5124673e-01   4.1935484e-01   6.4516129e-01   1.6666667e-01
   2.4020423e-01   4.1935484e-01   6.4516129e-01   3.3333333e-01
   2.3996675e-01   4.3548387e-01   6.4516129e-01   3.3333333e-01
   2.5029684e-01   4.3548387e-01   6.6129032e-01   3.3333333e-01
   2.7535027e-01   4.3548387e-01   6.6129032e-01   1.6666667e-01
   2.9933507e-01   4.3548387e-01   6.6129032e-01   1.6666667e-01
   3.1227737e-01   4.5161290e-01   6.6129032e-01   1.6666667e-01
   2.9648540e-01   4.5161290e-01   6.6129032e-01   1.6666667e-01
   2.6513892e-01   4.5161290e-01   6.6129032e-01   1.6666667e-01
   2.3379245e-01   4.6774194e-01   6.6129032e-01   1.6666667e-01
   2.0030872e-01   4.6774194e-01   6.4516129e-01   1.6666667e-01
   1.7501781e-01   4.6774194e-01   6.1290323e-01   1.6666667e-01
   1.5043933e-01   4.6774194e-01   5.8064516e-01   1.6666667e-01
   1.2692947e-01   4.6774194e-01   5.4838710e-01   1.6666667e-01
   1.0864403e-01   4.5161290e-01   5.3225806e-01   1.6666667e-01
   9.8670150e-02   4.5161290e-01   5.3225806e-01   1.6666667e-01
   9.6770363e-02   4.5161290e-01   5.1612903e-01   1.6666667e-01
   9.1664688e-02   4.5161290e-01   5.1612903e-01   1.6666667e-01
   9.0002375e-02   4.5161290e-01   5.1612903e-01   1.6666667e-01
   9.4870577e-02   4.5161290e-01   5.1612903e-01   1.6666667e-01
   1.0116362e-01   4.5161290e-01   5.1612903e-01   1.6666667e-01
   1.0626929e-01   4.3548387e-01   5.1612903e-01   1.6666667e-01
   1.1078129e-01   4.3548387e-01   5.0000000e-01   1.6666667e-01
   1.0769413e-01   4.3548387e-01   5.0000000e-01   1.6666667e-01
   1.0662550e-01   4.3548387e-01   5.0000000e-01   1.6666667e-01
   1.0472572e-01   4.3548387e-01   5.0000000e-01   1.6666667e-01
   1.0211351e-01   4.3548387e-01   5.0000000e-01   1.6666667e-01
   9.8670150e-02   4.3548387e-01   5.0000000e-01   1.6666667e-01
   9.4989314e-02   4.3548387e-01   5.0000000e-01   1.6666667e-01
   9.6889100e-02   4.3548387e-01   5.0000000e-01   1.6666667e-01
   1.0567561e-01   4.3548387e-01   5.0000000e-01   1.6666667e-01
   1.2419853e-01   4.3548387e-01   5.1612903e-01   1.6666667e-01
   1.5317027e-01   4.3548387e-01   5.4838710e-01   1.6666667e-01
   1.8831631e-01   4.3548387e-01   5.6451613e-01   1.6666667e-01
   2.0743291e-01   4.5161290e-01   5.8064516e-01   1.6666667e-01
   2.1657564e-01   4.5161290e-01   5.9677419e-01   1.6666667e-01
   2.1966279e-01   4.6774194e-01   6.1290323e-01   1.6666667e-01
   2.1146996e-01   4.6774194e-01   6.1290323e-01   1.6666667e-01
   1.8843505e-01   4.8387097e-01   6.2903226e-01   1.6666667e-01
   1.6504393e-01   5.0000000e-01   6.2903226e-01   1.6666667e-01
   1.4485870e-01   5.1612903e-01   6.4516129e-01   1.6666667e-01
   1.2051769e-01   5.4838710e-01   6.4516129e-01   1.6666667e-01
   1.0033246e-01   5.8064516e-01   6.4516129e-01   1.6666667e-01
   8.6084066e-02   5.9677419e-01   6.6129032e-01   1.6666667e-01
   8.0740917e-02   6.1290323e-01   6.6129032e-01   1.6666667e-01
   7.8247447e-02   6.1290323e-01   6.6129032e-01   1.6666667e-01
   8.2759440e-02   6.1290323e-01   6.6129032e-01   1.6666667e-01
   9.2020898e-02   6.1290323e-01   6.6129032e-01   1.6666667e-01
   1.2407979e-01   4.1935484e-01   6.6129032e-01   3.3333333e-01
   1.5958205e-01   4.1935484e-01   6.6129032e-01   3.3333333e-01
   1.9674662e-01   4.1935484e-01   6.6129032e-01   3.3333333e-01
   2.4329138e-01   4.1935484e-01   6.6129032e-01   3.3333333e-01
   2.6193303e-01   4.1935484e-01   6.6129032e-01   1.6666667e-01
   2.5195915e-01   4.1935484e-01   6.4516129e-01   1.6666667e-01
   2.2358110e-01   4.3548387e-01   6.4516129e-01   1.6666667e-01
   1.9069105e-01   4.3548387e-01   6.2903226e-01   1.6666667e-01
   1.6397530e-01   4.5161290e-01   5.9677419e-01   1.6666667e-01
   1.3334125e-01   4.6774194e-01   5.9677419e-01   1.6666667e-01
   1.0721919e-01   4.8387097e-01   5.9677419e-01   3.3333333e-01
   9.1545951e-02   4.8387097e-01   5.4838710e-01   1.6666667e-01
   6.8036096e-02   5.0000000e-01   5.4838710e-01   1.6666667e-01
   5.7349798e-02   5.1612903e-01   5.4838710e-01   1.6666667e-01
   5.6993588e-02   5.1612903e-01   5.4838710e-01   1.6666667e-01
   5.2600332e-02   5.1612903e-01   5.6451613e-01   1.6666667e-01
   5.1887913e-02   5.3225806e-01   5.6451613e-01   1.6666667e-01
   5.1650439e-02   5.3225806e-01   5.6451613e-01   1.6666667e-01
   4.7494657e-02   5.3225806e-01   5.8064516e-01   1.6666667e-01
   4.7613393e-02   5.4838710e-01   5.8064516e-01   1.6666667e-01
   4.6663500e-02   5.4838710e-01   5.8064516e-01   1.6666667e-01
   4.5357397e-02   5.4838710e-01   5.8064516e-01   1.6666667e-01
   4.6426027e-02   5.6451613e-01   5.8064516e-01   1.6666667e-01
   6.3286630e-02   5.6451613e-01   5.9677419e-01   1.6666667e-01
   1.2989789e-01   4.6774194e-01   5.9677419e-01   1.6666667e-01
   2.0814533e-01   4.5161290e-01   5.9677419e-01   1.6666667e-01
   2.5457136e-01   4.3548387e-01   6.1290323e-01   1.6666667e-01
   2.7974353e-01   4.3548387e-01   6.1290323e-01   1.6666667e-01
   2.9660413e-01   4.3548387e-01   6.2903226e-01   1.6666667e-01
   3.0075991e-01   4.1935484e-01   6.2903226e-01   1.6666667e-01
   3.0182854e-01   4.1935484e-01   6.4516129e-01   1.6666667e-01
   2.9589171e-01   4.1935484e-01   6.4516129e-01   1.6666667e-01
   2.8805509e-01   4.1935484e-01   6.6129032e-01   1.6666667e-01
   2.7475659e-01   4.1935484e-01   6.6129032e-01   1.6666667e-01
   2.6751365e-01   4.3548387e-01   6.6129032e-01   1.6666667e-01
   2.6561387e-01   4.3548387e-01   6.7741935e-01   1.6666667e-01
   2.6858228e-01   4.3548387e-01   6.7741935e-01   1.6666667e-01
   2.5801472e-01   4.5161290e-01   6.7741935e-01   1.6666667e-01
   2.3023035e-01   4.5161290e-01   6.9354839e-01   3.3333333e-01
   2.0125861e-01   4.6774194e-01   6.9354839e-01   3.3333333e-01
   1.6967466e-01   4.8387097e-01   6.9354839e-01   3.3333333e-01
   1.4533365e-01   5.0000000e-01   6.9354839e-01   3.3333333e-01
   1.2087390e-01   5.3225806e-01   6.9354839e-01   3.3333333e-01
   9.8670150e-02   6.6129032e-01   6.9354839e-01   1.6666667e-01
   8.1572073e-02   6.6129032e-01   7.0967742e-01   1.6666667e-01
   6.5661363e-02   6.6129032e-01   7.0967742e-01   1.6666667e-01
   6.1268107e-02   6.4516129e-01   7.0967742e-01   1.6666667e-01
   6.2455474e-02   6.4516129e-01   7.0967742e-01   1.6666667e-01
   6.1980527e-02   6.4516129e-01   6.9354839e-01   1.6666667e-01
   6.3642840e-02   6.4516129e-01   6.9354839e-01   1.6666667e-01
   6.8154833e-02   6.2903226e-01   6.9354839e-01   1.6666667e-01
   6.7204939e-02   6.2903226e-01   6.7741935e-01   1.6666667e-01
   6.4948943e-02   6.2903226e-01   6.7741935e-01   1.6666667e-01
   6.9223462e-02   6.1290323e-01   6.7741935e-01   1.6666667e-01
   7.4329138e-02   6.1290323e-01   6.7741935e-01   1.6666667e-01
   7.0410829e-02   6.1290323e-01   6.6129032e-01   1.6666667e-01
   6.6492520e-02   6.1290323e-01   6.6129032e-01   1.6666667e-01
   6.3167894e-02   5.9677419e-01   6.6129032e-01   1.6666667e-01
   6.6492520e-02   5.9677419e-01   6.6129032e-01   1.6666667e-01
   7.0054619e-02   5.8064516e-01   6.6129032e-01   1.6666667e-01
   7.1123249e-02   5.6451613e-01   6.2903226e-01   1.6666667e-01
   8.8340062e-02   5.4838710e-01   6.1290323e-01   1.6666667e-01
   1.2479221e-01   5.1612903e-01   6.1290323e-01   1.6666667e-01
   1.7786749e-01   4.8387097e-01   6.1290323e-01   1.6666667e-01
   2.3391118e-01   4.6774194e-01   6.1290323e-01   1.6666667e-01
   2.7404417e-01   4.5161290e-01   6.2903226e-01   1.6666667e-01
   3.0206602e-01   4.3548387e-01   6.2903226e-01   1.6666667e-01
   3.2343861e-01   4.3548387e-01   6.4516129e-01   1.6666667e-01
   3.4065543e-01   4.3548387e-01   6.4516129e-01   1.6666667e-01
   3.5359772e-01   4.3548387e-01   6.6129032e-01   1.6666667e-01
   3.4303016e-01   4.3548387e-01   6.6129032e-01   1.6666667e-01
   3.1726431e-01   4.3548387e-01   6.7741935e-01   1.6666667e-01
   2.9565424e-01   4.3548387e-01   6.7741935e-01   1.6666667e-01
   2.7618143e-01   4.3548387e-01   6.9354839e-01   1.6666667e-01
   2.5552125e-01   4.3548387e-01   6.9354839e-01   3.3333333e-01
   2.3913560e-01   4.3548387e-01   6.9354839e-01   3.3333333e-01
   2.2227499e-01   4.5161290e-01   7.0967742e-01   3.3333333e-01
   2.2132510e-01   4.5161290e-01   7.0967742e-01   3.3333333e-01
   2.2749941e-01   4.5161290e-01   7.0967742e-01   3.3333333e-01
   2.4720969e-01   4.6774194e-01   7.0967742e-01   3.3333333e-01
   2.7048207e-01   4.6774194e-01   7.0967742e-01   3.3333333e-01
   2.8734267e-01   4.8387097e-01   7.0967742e-01   1.6666667e-01
   3.3911185e-01   4.8387097e-01   7.0967742e-01   1.6666667e-01
   5.1448587e-01   1.4516129e-01   7.0967742e-01   3.3333333e-01
   7.6632629e-01   4.8387097e-02   6.9354839e-01   1.6666667e-01
   9.3944431e-01   1.6129032e-02   6.9354839e-01   1.6666667e-01
   9.9857516e-01   1.6129032e-02   6.9354839e-01   1.6666667e-01
   1.0000000e+00   0.0000000e+00   6.7741935e-01   1.6666667e-01
   9.7672762e-01   0.0000000e+00   6.7741935e-01   1.6666667e-01
   9.2567086e-01   0.0000000e+00   6.6129032e-01   1.6666667e-01
   8.4754215e-01   1.6129032e-02   6.6129032e-01   1.6666667e-01
   7.6822607e-01   1.6129032e-02   6.6129032e-01   1.6666667e-01
   6.8879126e-01   3.2258065e-02   6.6129032e-01   1.6666667e-01
   5.8667775e-01   4.8387097e-02   6.6129032e-01   3.3333333e-01
   4.5677986e-01   2.9032258e-01   6.7741935e-01   3.3333333e-01
   3.2153883e-01   4.0322581e-01   6.7741935e-01   1.6666667e-01
   2.2987414e-01   4.3548387e-01   6.7741935e-01   1.6666667e-01
   1.7620518e-01   4.5161290e-01   6.7741935e-01   3.3333333e-01
   1.2740442e-01   6.2903226e-01   6.9354839e-01   1.6666667e-01
   7.5397768e-02   6.4516129e-01   6.9354839e-01   1.6666667e-01
   6.0318214e-02   6.6129032e-01   6.9354839e-01   1.6666667e-01
   5.6518642e-02   6.6129032e-01   6.9354839e-01   1.6666667e-01
   5.1887913e-02   6.6129032e-01   6.9354839e-01   1.6666667e-01
   4.5951081e-02   6.6129032e-01   6.9354839e-01   1.6666667e-01
   4.3813821e-02   6.7741935e-01   6.9354839e-01   1.6666667e-01
   4.2032771e-02   6.7741935e-01   6.9354839e-01   1.6666667e-01
   4.1439088e-02   6.7741935e-01   6.9354839e-01   1.6666667e-01
   4.5476134e-02   6.6129032e-01   6.9354839e-01   1.6666667e-01
   5.0938019e-02   6.4516129e-01   6.9354839e-01   1.6666667e-01
   5.6874852e-02   6.4516129e-01   6.7741935e-01   1.6666667e-01
   6.0199478e-02   6.2903226e-01   6.7741935e-01   1.6666667e-01
   6.5898836e-02   6.1290323e-01   6.7741935e-01   1.6666667e-01
   7.2548088e-02   6.1290323e-01   6.6129032e-01   1.6666667e-01
   7.3616718e-02   5.9677419e-01   6.6129032e-01   1.6666667e-01
   7.5041558e-02   5.9677419e-01   6.6129032e-01   1.6666667e-01
   7.7891237e-02   5.8064516e-01   6.4516129e-01   1.6666667e-01
   7.3616718e-02   5.8064516e-01   6.4516129e-01   1.6666667e-01
   7.2073142e-02   5.8064516e-01   6.2903226e-01   1.6666667e-01
   6.3880313e-02   5.6451613e-01   6.1290323e-01   1.6666667e-01
   6.0436951e-02   5.4838710e-01   5.9677419e-01   1.6666667e-01
   5.8418428e-02   5.4838710e-01   5.6451613e-01   1.6666667e-01
   5.2600332e-02   5.3225806e-01   5.6451613e-01   1.6666667e-01
   4.5594871e-02   5.3225806e-01   5.6451613e-01   0.0000000e+00
   4.2626455e-02   5.3225806e-01   5.6451613e-01   0.0000000e+00
   2.9446687e-02   5.3225806e-01   5.6451613e-01   0.0000000e+00
