   1.1400000e+02
   3.0563003e-02   5.2713178e-01   5.3488372e-01   0.0000000e+00
   3.3780161e-02   5.2713178e-01   5.3488372e-01   0.0000000e+00
   3.5210009e-02   5.2713178e-01   5.3488372e-01   0.0000000e+00
   2.6988382e-02   5.2713178e-01   5.3488372e-01   0.0000000e+00
   2.9848079e-02   5.2713178e-01   5.3488372e-01   0.0000000e+00
   4.7184987e-02   5.2713178e-01   5.3488372e-01   1.6666667e-01
   7.8284182e-02   5.2713178e-01   5.5038760e-01   1.6666667e-01
   1.3172475e-01   5.2713178e-01   5.5813953e-01   1.6666667e-01
   2.1930295e-01   5.2713178e-01   5.9689922e-01   1.6666667e-01
   3.2618409e-01   5.3488372e-01   6.2015504e-01   1.6666667e-01
   4.1626452e-01   5.3488372e-01   6.4341085e-01   1.6666667e-01
   4.8203753e-01   5.4263566e-01   6.5891473e-01   1.6666667e-01
   5.1385165e-01   5.5038760e-01   6.7441860e-01   1.6666667e-01
   5.2225201e-01   5.5813953e-01   6.8217054e-01   1.6666667e-01
   5.1742627e-01   5.7364341e-01   6.9767442e-01   1.6666667e-01
   4.8561215e-01   5.8139535e-01   7.0542636e-01   1.6666667e-01
   4.4486148e-01   5.9689922e-01   7.0542636e-01   1.6666667e-01
   3.9106345e-01   6.1240310e-01   7.1317829e-01   1.6666667e-01
   3.3136729e-01   6.2790698e-01   7.2093023e-01   1.6666667e-01
   2.6934763e-01   6.5116279e-01   7.2093023e-01   1.6666667e-01
   2.1376229e-01   6.5891473e-01   7.2093023e-01   1.6666667e-01
   1.6067918e-01   6.8217054e-01   7.2093023e-01   1.6666667e-01
   1.1331546e-01   6.9767442e-01   7.2868217e-01   1.6666667e-01
   8.1143878e-02   7.0542636e-01   7.2868217e-01   1.6666667e-01
   5.9338695e-02   7.0542636e-01   7.2868217e-01   1.6666667e-01
   4.2001787e-02   7.1317829e-01   7.2868217e-01   1.6666667e-01
   2.5201072e-02   7.1317829e-01   7.2093023e-01   1.6666667e-01
   2.2162645e-02   6.0852713e-01   6.7441860e-01   0.0000000e+00
   1.8516533e-01   5.0387597e-01   6.2790698e-01   3.3333333e-01
   4.4146559e-01   5.0387597e-01   6.4341085e-01   1.6666667e-01
   6.3002681e-01   4.9612403e-01   6.5116279e-01   1.6666667e-01
   6.7202860e-01   4.9612403e-01   6.5891473e-01   1.6666667e-01
   6.5701519e-01   5.0387597e-01   6.6666667e-01   1.6666667e-01
   6.6434316e-01   5.0387597e-01   6.8217054e-01   1.6666667e-01
   6.6595174e-01   5.1937984e-01   6.9767442e-01   1.6666667e-01
   6.7220733e-01   5.3488372e-01   7.1317829e-01   1.6666667e-01
   7.0902592e-01   5.7364341e-01   8.1395349e-01   3.3333333e-01
   7.5478105e-01   5.8914729e-01   8.1395349e-01   1.6666667e-01
   7.6693476e-01   6.1240310e-01   8.2170543e-01   1.6666667e-01
   7.7229669e-01   6.4341085e-01   8.2945736e-01   1.6666667e-01
   7.9213584e-01   6.5891473e-01   8.4496124e-01   1.6666667e-01
   8.1519214e-01   6.6666667e-01   8.6046512e-01   1.6666667e-01
   8.4182306e-01   6.8217054e-01   8.9147287e-01   1.6666667e-01
   8.9097408e-01   6.8992248e-01   9.1472868e-01   1.6666667e-01
   9.6836461e-01   7.0542636e-01   9.6124031e-01   1.6666667e-01
   1.0000000e+00   7.1317829e-01   1.0000000e+00   1.6666667e-01
   9.3422699e-01   7.6744186e-01   1.0000000e+00   1.6666667e-01
   7.7980340e-01   7.9069767e-01   1.0000000e+00   1.6666667e-01
   5.9267203e-01   8.2170543e-01   1.0000000e+00   1.6666667e-01
   4.4092940e-01   8.3720930e-01   1.0000000e+00   1.6666667e-01
   3.4924039e-01   8.7596899e-01   1.0000000e+00   1.6666667e-01
   3.0420018e-01   6.2015504e-01   1.0000000e+00   3.3333333e-01
   2.8990170e-01   6.2015504e-01   9.6124031e-01   3.3333333e-01
   2.5612154e-01   6.1240310e-01   6.6666667e-01   1.6666667e-01
   2.4700626e-01   6.1240310e-01   6.7441860e-01   1.6666667e-01
   2.6666667e-01   6.1240310e-01   6.8217054e-01   1.6666667e-01
   2.5701519e-01   5.8139535e-01   6.8217054e-01   3.3333333e-01
   2.4414656e-01   5.7364341e-01   6.8217054e-01   3.3333333e-01
   2.3806971e-01   5.6589147e-01   6.8217054e-01   3.3333333e-01
   2.2931189e-01   5.6589147e-01   6.8992248e-01   3.3333333e-01
   2.3753351e-01   5.6589147e-01   6.8992248e-01   3.3333333e-01
   2.4003575e-01   5.7364341e-01   6.8992248e-01   3.3333333e-01
   2.5183199e-01   5.7364341e-01   6.8992248e-01   3.3333333e-01
   2.2770331e-01   5.7364341e-01   6.8992248e-01   3.3333333e-01
   1.9070599e-01   5.8139535e-01   6.8217054e-01   3.3333333e-01
   1.3261841e-01   5.8139535e-01   6.5116279e-01   3.3333333e-01
   6.8275246e-02   5.8914729e-01   6.0465116e-01   1.6666667e-01
   3.5031278e-02   5.8914729e-01   6.0465116e-01   1.6666667e-01
   2.5737265e-02   5.8914729e-01   6.0465116e-01   1.6666667e-01
   2.1447721e-02   5.9689922e-01   6.0465116e-01   1.6666667e-01
   1.4834674e-02   5.9689922e-01   6.0465116e-01   1.6666667e-01
   5.0044683e-03   6.0465116e-01   6.0465116e-01   1.6666667e-01
   1.6085791e-03   6.0465116e-01   6.0465116e-01   1.6666667e-01
   0.0000000e+00   5.9689922e-01   6.0465116e-01   0.0000000e+00
   1.5370867e-02   5.8914729e-01   6.0465116e-01   1.6666667e-01
   5.7730116e-02   5.8914729e-01   6.0465116e-01   1.6666667e-01
   1.0741734e-01   5.8139535e-01   6.1240310e-01   1.6666667e-01
   1.7998213e-01   5.8139535e-01   6.2015504e-01   1.6666667e-01
   2.3806971e-01   5.7364341e-01   6.3565891e-01   1.6666667e-01
   2.7882038e-01   5.7364341e-01   6.4341085e-01   1.6666667e-01
   2.7971403e-01   5.8139535e-01   6.5116279e-01   1.6666667e-01
   2.4575514e-01   5.8139535e-01   6.5116279e-01   1.6666667e-01
   2.1644325e-01   5.8914729e-01   6.5891473e-01   1.6666667e-01
   1.7319035e-01   5.9689922e-01   6.5891473e-01   1.6666667e-01
   1.3100983e-01   6.1240310e-01   6.5891473e-01   1.6666667e-01
   8.9186774e-02   6.2790698e-01   6.6666667e-01   1.6666667e-01
   5.5227882e-02   6.4341085e-01   6.6666667e-01   1.6666667e-01
   4.4504021e-02   6.5116279e-01   6.6666667e-01   1.6666667e-01
   2.7703307e-02   6.5116279e-01   6.6666667e-01   1.6666667e-01
   1.4834674e-02   6.5116279e-01   6.5891473e-01   1.6666667e-01
   9.4727435e-03   6.2532300e-01   6.4599483e-01   0.0000000e+00
   2.8060769e-02   5.9948320e-01   6.3307494e-01   0.0000000e+00
   1.3154602e-01   5.7364341e-01   6.2015504e-01   1.6666667e-01
   2.2323503e-01   5.7364341e-01   6.2790698e-01   1.6666667e-01
   2.7077748e-01   5.6589147e-01   6.2790698e-01   1.6666667e-01
   2.9365505e-01   5.6589147e-01   6.3565891e-01   1.6666667e-01
   3.1170688e-01   5.7364341e-01   6.4341085e-01   1.6666667e-01
   3.1045576e-01   5.7364341e-01   6.5116279e-01   1.6666667e-01
   2.8257373e-01   5.8139535e-01   6.5116279e-01   1.6666667e-01
   2.4879357e-01   5.8914729e-01   6.5891473e-01   1.6666667e-01
   2.0840036e-01   5.9689922e-01   6.5891473e-01   1.6666667e-01
   1.5746202e-01   6.1240310e-01   6.6666667e-01   1.6666667e-01
   1.1385165e-01   6.2790698e-01   6.6666667e-01   1.6666667e-01
   7.4888293e-02   6.4341085e-01   6.6666667e-01   1.6666667e-01
   5.9517426e-02   6.5116279e-01   6.6666667e-01   1.6666667e-01
   4.3431635e-02   6.5116279e-01   6.6666667e-01   1.6666667e-01
   3.1099196e-02   6.5891473e-01   6.6666667e-01   1.6666667e-01
   2.5915996e-02   6.5891473e-01   6.6666667e-01   1.6666667e-01
   2.1090259e-02   6.5891473e-01   6.6666667e-01   1.6666667e-01
   1.9124218e-02   6.5891473e-01   6.5891473e-01   1.6666667e-01
   2.8418231e-02   6.5116279e-01   6.5891473e-01   1.6666667e-01
   3.6461126e-02   6.5116279e-01   6.5891473e-01   1.6666667e-01
   3.7712243e-02   6.5116279e-01   6.5891473e-01   0.0000000e+00
   1.8945487e-02   6.5116279e-01   6.5891473e-01   0.0000000e+00
