   1.7600000e+02
   3.8669951e-02   6.5116279e-01   6.7441860e-01   1.6666667e-01
   1.2266010e-01   6.2790698e-01   6.7441860e-01   1.6666667e-01
   2.8115764e-01   5.2325581e-01   6.8604651e-01   3.3333333e-01
   4.9950739e-01   3.9534884e-01   6.8604651e-01   3.3333333e-01
   6.7992611e-01   3.3720930e-01   6.8604651e-01   1.6666667e-01
   7.5061576e-01   3.2558140e-01   6.9767442e-01   1.6666667e-01
   7.3325123e-01   3.2558140e-01   6.9767442e-01   1.6666667e-01
   6.7401478e-01   3.2558140e-01   6.8604651e-01   1.6666667e-01
   5.9827586e-01   3.2558140e-01   6.8604651e-01   1.6666667e-01
   5.0049261e-01   3.3720930e-01   6.7441860e-01   1.6666667e-01
   3.7536946e-01   3.4883721e-01   6.5116279e-01   3.3333333e-01
   2.5369458e-01   5.1162791e-01   6.3953488e-01   1.6666667e-01
   1.8312808e-01   5.2325581e-01   6.2790698e-01   1.6666667e-01
   1.4926108e-01   5.3488372e-01   6.1627907e-01   1.6666667e-01
   1.2142857e-01   5.3488372e-01   5.9302326e-01   1.6666667e-01
   9.5197044e-02   5.2325581e-01   5.9302326e-01   1.6666667e-01
   8.6083744e-02   5.2325581e-01   5.8139535e-01   1.6666667e-01
   6.9827586e-02   5.2325581e-01   5.8139535e-01   1.6666667e-01
   5.9113300e-02   5.1162791e-01   5.6976744e-01   1.6666667e-01
   5.0246305e-02   5.0000000e-01   5.3488372e-01   1.6666667e-01
   4.9261084e-02   5.0000000e-01   5.3488372e-01   1.6666667e-01
   5.2339901e-02   4.8837209e-01   5.2325581e-01   1.6666667e-01
   5.4310345e-02   4.8837209e-01   5.2325581e-01   1.6666667e-01
   4.8645320e-02   4.7674419e-01   5.2325581e-01   1.6666667e-01
   4.0763547e-02   4.7674419e-01   5.1162791e-01   1.6666667e-01
   4.3349754e-02   4.7674419e-01   5.0000000e-01   1.6666667e-01
   5.2339901e-02   4.6511628e-01   5.0000000e-01   1.6666667e-01
   5.9113300e-02   4.5348837e-01   5.0000000e-01   1.6666667e-01
   6.8103448e-02   4.4186047e-01   4.8837209e-01   1.6666667e-01
   7.1921182e-02   4.4186047e-01   4.8837209e-01   1.6666667e-01
   6.6256158e-02   4.4186047e-01   4.8837209e-01   1.6666667e-01
   6.2068966e-02   4.3023256e-01   4.7674419e-01   1.6666667e-01
   5.8128079e-02   4.3023256e-01   4.7674419e-01   1.6666667e-01
   5.5665025e-02   4.1860465e-01   4.6511628e-01   1.6666667e-01
   5.8128079e-02   4.1860465e-01   4.6511628e-01   1.6666667e-01
   6.9334975e-02   3.9534884e-01   4.5348837e-01   1.6666667e-01
   1.2881773e-01   3.9534884e-01   4.5348837e-01   1.6666667e-01
   3.6748768e-01   3.8372093e-01   6.6279070e-01   1.6666667e-01
   5.9815271e-01   3.7209302e-01   6.7441860e-01   1.6666667e-01
   7.1810345e-01   3.6046512e-01   6.7441860e-01   1.6666667e-01
   7.7746305e-01   3.3720930e-01   6.8604651e-01   1.6666667e-01
   8.3411330e-01   3.2558140e-01   6.8604651e-01   1.6666667e-01
   9.0985222e-01   2.5581395e-01   6.8604651e-01   1.6666667e-01
   9.8189655e-01   2.0930233e-01   6.8604651e-01   1.6666667e-01
   1.0000000e+00   1.7441860e-01   6.8604651e-01   1.6666667e-01
   9.4187192e-01   1.5116279e-01   6.8604651e-01   1.6666667e-01
   8.4987685e-01   1.0465116e-01   6.8604651e-01   1.6666667e-01
   7.5036946e-01   9.3023256e-02   6.5116279e-01   3.3333333e-01
   6.0911330e-01   8.1395349e-02   6.2790698e-01   3.3333333e-01
   5.0406404e-01   6.9767442e-02   6.1627907e-01   5.0000000e-01
   4.1256158e-01   5.8139535e-02   6.0465116e-01   5.0000000e-01
   3.4298030e-01   4.6511628e-02   5.9302326e-01   5.0000000e-01
   3.0554187e-01   3.4883721e-02   5.8139535e-01   6.6666667e-01
   2.8485222e-01   3.4883721e-02   5.6976744e-01   5.0000000e-01
   2.7327586e-01   2.3255814e-02   5.5813953e-01   5.0000000e-01
   2.6662562e-01   2.3255814e-02   5.5813953e-01   5.0000000e-01
   2.7216749e-01   1.1627907e-02   5.5813953e-01   5.0000000e-01
   2.8201970e-01   1.1627907e-02   5.6976744e-01   5.0000000e-01
   3.0307882e-01   1.1627907e-02   5.9302326e-01   5.0000000e-01
   3.1674877e-01   1.1627907e-02   6.0465116e-01   5.0000000e-01
   3.1921182e-01   1.1627907e-02   6.1627907e-01   5.0000000e-01
   3.1613300e-01   1.1627907e-02   6.2790698e-01   5.0000000e-01
   3.1736453e-01   1.1627907e-02   6.3953488e-01   5.0000000e-01
   3.0431034e-01   1.1627907e-02   6.3953488e-01   5.0000000e-01
   3.1514778e-01   2.3255814e-02   6.5116279e-01   5.0000000e-01
   3.3928571e-01   2.3255814e-02   6.5116279e-01   5.0000000e-01
   3.8078818e-01   3.4883721e-02   6.5116279e-01   5.0000000e-01
   3.9581281e-01   3.4883721e-02   6.6279070e-01   3.3333333e-01
   3.7512315e-01   4.6511628e-02   6.6279070e-01   3.3333333e-01
   3.3238916e-01   5.8139535e-02   6.6279070e-01   3.3333333e-01
   2.8472906e-01   6.9767442e-02   6.6279070e-01   3.3333333e-01
   2.2302956e-01   8.1395349e-02   6.6279070e-01   3.3333333e-01
   1.7266010e-01   9.3023256e-02   6.6279070e-01   3.3333333e-01
   1.2586207e-01   1.0465116e-01   6.7441860e-01   3.3333333e-01
   8.4236453e-02   6.3953488e-01   6.7441860e-01   1.6666667e-01
   5.6034483e-02   6.2790698e-01   6.6279070e-01   1.6666667e-01
   6.1822660e-02   6.2790698e-01   6.6279070e-01   1.6666667e-01
   5.6527094e-02   6.2790698e-01   6.6279070e-01   1.6666667e-01
   5.3940887e-02   6.2790698e-01   6.5116279e-01   1.6666667e-01
   4.8152709e-02   6.2790698e-01   6.5116279e-01   1.6666667e-01
   3.6822660e-02   6.2790698e-01   6.5116279e-01   1.6666667e-01
   3.3128079e-02   6.2790698e-01   6.5116279e-01   1.6666667e-01
   3.5344828e-02   6.1627907e-01   6.3953488e-01   1.6666667e-01
   2.8694581e-02   6.1627907e-01   6.2790698e-01   1.6666667e-01
   2.5615764e-02   6.1627907e-01   6.2790698e-01   1.6666667e-01
   1.6133005e-02   6.1627907e-01   6.1627907e-01   1.6666667e-01
   1.8842365e-02   6.0465116e-01   6.0465116e-01   0.0000000e+00
   1.6502463e-02   5.9302326e-01   5.9302326e-01   1.6666667e-01
   1.7857143e-02   5.9302326e-01   5.9302326e-01   1.6666667e-01
   1.7610837e-02   5.9302326e-01   5.9302326e-01   1.6666667e-01
   2.1551724e-02   5.8720930e-01   5.9302326e-01   0.0000000e+00
   2.6724138e-02   5.8139535e-01   5.9302326e-01   1.6666667e-01
   5.6280788e-02   5.6976744e-01   6.0465116e-01   1.6666667e-01
   1.0295567e-01   5.5813953e-01   6.2790698e-01   1.6666667e-01
   1.5701970e-01   5.4651163e-01   6.3953488e-01   1.6666667e-01
   1.9556650e-01   5.2325581e-01   6.5116279e-01   1.6666667e-01
   2.0825123e-01   5.1162791e-01   6.5116279e-01   1.6666667e-01
   2.1514778e-01   5.1162791e-01   6.6279070e-01   1.6666667e-01
   1.9827586e-01   5.0000000e-01   6.6279070e-01   1.6666667e-01
   1.7906404e-01   5.0000000e-01   6.6279070e-01   5.0000000e-01
   1.3657635e-01   5.0000000e-01   6.7441860e-01   3.3333333e-01
   1.0911330e-01   5.0000000e-01   6.7441860e-01   3.3333333e-01
   9.6182266e-02   5.0000000e-01   6.7441860e-01   3.3333333e-01
   9.8891626e-02   4.8837209e-01   6.7441860e-01   3.3333333e-01
   9.4704433e-02   4.8837209e-01   6.7441860e-01   3.3333333e-01
   9.1502463e-02   4.8837209e-01   6.7441860e-01   3.3333333e-01
   8.6822660e-02   5.0000000e-01   6.7441860e-01   3.3333333e-01
   7.0689655e-02   5.0000000e-01   6.7441860e-01   3.3333333e-01
   6.2931034e-02   5.0000000e-01   6.7441860e-01   3.3333333e-01
   5.1108374e-02   5.1162791e-01   6.6279070e-01   3.3333333e-01
   3.1403941e-02   6.3953488e-01   6.3953488e-01   1.6666667e-01
   1.6995074e-02   6.0852713e-01   6.1240310e-01   0.0000000e+00
   4.0640394e-02   5.7751938e-01   5.8527132e-01   0.0000000e+00
   5.2463054e-02   5.4651163e-01   5.5813953e-01   1.6666667e-01
   6.6625616e-02   5.3488372e-01   5.6976744e-01   1.6666667e-01
   7.2536946e-02   5.2325581e-01   5.6976744e-01   1.6666667e-01
   8.8300493e-02   5.2325581e-01   5.6976744e-01   1.6666667e-01
   9.1379310e-02   5.2325581e-01   5.8139535e-01   1.6666667e-01
   9.4334975e-02   5.2325581e-01   5.8139535e-01   1.6666667e-01
   9.0517241e-02   5.3488372e-01   5.9302326e-01   1.6666667e-01
   8.4975369e-02   5.4651163e-01   6.1627907e-01   1.6666667e-01
   7.8078818e-02   5.5813953e-01   6.1627907e-01   1.6666667e-01
   6.3177340e-02   5.8139535e-01   6.2790698e-01   1.6666667e-01
   4.9014778e-02   6.0465116e-01   6.2790698e-01   1.6666667e-01
   3.9162562e-02   6.1627907e-01   6.3953488e-01   1.6666667e-01
   2.8940887e-02   6.2790698e-01   6.3953488e-01   1.6666667e-01
   2.6354680e-02   6.2790698e-01   6.5116279e-01   1.6666667e-01
   2.3891626e-02   6.3953488e-01   6.5116279e-01   1.6666667e-01
   2.1428571e-02   6.3953488e-01   6.5116279e-01   1.6666667e-01
   1.5394089e-02   6.3953488e-01   6.5116279e-01   1.6666667e-01
   1.4532020e-02   6.3953488e-01   6.5116279e-01   1.6666667e-01
   1.3793103e-02   6.3953488e-01   6.5116279e-01   1.6666667e-01
   1.2068966e-02   6.3621262e-01   6.4617940e-01   0.0000000e+00
   1.0098522e-02   6.3289037e-01   6.4119601e-01   0.0000000e+00
   0.0000000e+00   6.2956811e-01   6.3621262e-01   0.0000000e+00
   0.0000000e+00   6.2624585e-01   6.3122924e-01   0.0000000e+00
   5.5418719e-03   6.2292359e-01   6.2624585e-01   0.0000000e+00
   1.2315271e-02   6.1960133e-01   6.2126246e-01   0.0000000e+00
   2.0935961e-02   6.1627907e-01   6.1627907e-01   1.6666667e-01
   2.9187192e-02   6.0465116e-01   6.1627907e-01   1.6666667e-01
   4.3965517e-02   5.9302326e-01   6.1627907e-01   1.6666667e-01
   4.3842365e-02   5.8139535e-01   6.1627907e-01   1.6666667e-01
   4.8522167e-02   5.6976744e-01   6.0465116e-01   1.6666667e-01
   4.8768473e-02   5.6976744e-01   5.9302326e-01   1.6666667e-01
   4.6551724e-02   5.3488372e-01   5.4651163e-01   1.6666667e-01
   5.7266010e-02   4.8837209e-01   5.4651163e-01   3.3333333e-01
   1.3965517e-01   4.4186047e-01   5.3488372e-01   3.3333333e-01
   2.5948276e-01   3.9534884e-01   5.1162791e-01   1.6666667e-01
   3.8091133e-01   3.6046512e-01   5.3488372e-01   1.6666667e-01
   5.3004926e-01   3.3720930e-01   6.0465116e-01   1.6666667e-01
   6.7007389e-01   3.2558140e-01   6.3953488e-01   1.6666667e-01
   7.4642857e-01   3.2558140e-01   6.5116279e-01   1.6666667e-01
   7.5738916e-01   3.2558140e-01   6.5116279e-01   1.6666667e-01
   7.2376847e-01   3.2558140e-01   6.6279070e-01   1.6666667e-01
   6.3657635e-01   3.3720930e-01   6.6279070e-01   1.6666667e-01
   5.1243842e-01   3.4883721e-01   6.6279070e-01   1.6666667e-01
   3.7524631e-01   3.6046512e-01   6.6279070e-01   3.3333333e-01
   2.3263547e-01   4.7674419e-01   6.6279070e-01   1.6666667e-01
   1.0467980e-01   5.6976744e-01   6.5116279e-01   1.6666667e-01
   2.5615764e-02   5.6395349e-01   6.0465116e-01   0.0000000e+00
   2.7955665e-02   5.5813953e-01   5.5813953e-01   1.6666667e-01
   4.1256158e-02   5.4651163e-01   5.5813953e-01   1.6666667e-01
   4.9507389e-02   5.4651163e-01   5.6976744e-01   1.6666667e-01
   5.3201970e-02   5.4651163e-01   5.6976744e-01   1.6666667e-01
   6.0098522e-02   5.4651163e-01   5.6976744e-01   1.6666667e-01
   6.1945813e-02   5.4651163e-01   5.6976744e-01   1.6666667e-01
   6.1083744e-02   5.4651163e-01   5.6976744e-01   1.6666667e-01
   5.6773399e-02   5.4651163e-01   5.6976744e-01   1.6666667e-01
   5.0862069e-02   5.5813953e-01   5.6976744e-01   1.6666667e-01
   4.1502463e-02   5.5813953e-01   5.6976744e-01   1.6666667e-01
   3.4729064e-02   5.5813953e-01   5.6976744e-01   1.6666667e-01
   3.3251232e-02   5.5813953e-01   5.5813953e-01   1.6666667e-01
   3.3374384e-02   5.5813953e-01   5.5813953e-01   1.6666667e-01
   3.3374384e-02   5.5813953e-01   5.5813953e-01   0.0000000e+00
   3.3251232e-02   5.5813953e-01   5.5813953e-01   0.0000000e+00
   3.2758621e-02   5.5813953e-01   5.5813953e-01   0.0000000e+00
