   3.3300000e+02
   6.0248259e-02   6.0563380e-01   6.3380282e-01   1.6666667e-01
   1.7090524e-01   4.6478873e-01   6.4788732e-01   3.3333333e-01
   3.6345746e-01   4.0845070e-01   6.6197183e-01   1.6666667e-01
   5.5283076e-01   3.3802817e-01   6.6197183e-01   1.6666667e-01
   6.6424463e-01   3.2394366e-01   6.6197183e-01   1.6666667e-01
   6.9149258e-01   3.2394366e-01   6.6197183e-01   1.6666667e-01
   6.5758401e-01   3.2394366e-01   6.4788732e-01   1.6666667e-01
   5.9627611e-01   3.2394366e-01   6.3380282e-01   1.6666667e-01
   5.1680291e-01   3.3802817e-01   6.1971831e-01   1.6666667e-01
   4.3248562e-01   3.3802817e-01   6.0563380e-01   1.6666667e-01
   3.5755374e-01   3.6619718e-01   5.9154930e-01   1.6666667e-01
   2.7898880e-01   3.8028169e-01   5.4929577e-01   1.6666667e-01
   2.0102937e-01   4.2253521e-01   5.3521127e-01   1.6666667e-01
   1.4062973e-01   4.5070423e-01   5.2112676e-01   1.6666667e-01
   1.0974871e-01   4.5070423e-01   5.0704225e-01   1.6666667e-01
   9.0069634e-02   4.5070423e-01   4.9295775e-01   1.6666667e-01
   7.3115350e-02   4.5070423e-01   4.9295775e-01   1.6666667e-01
   5.8431729e-02   4.5070423e-01   4.7887324e-01   1.6666667e-01
   5.1165607e-02   4.5070423e-01   4.7887324e-01   1.6666667e-01
   4.0871935e-02   4.3661972e-01   4.5070423e-01   1.6666667e-01
   4.5413261e-02   4.3661972e-01   4.5070423e-01   1.6666667e-01
   4.2991220e-02   4.3661972e-01   4.5070423e-01   1.6666667e-01
   4.6472903e-02   4.2253521e-01   4.5070423e-01   1.6666667e-01
   5.4798668e-02   4.2253521e-01   4.5070423e-01   1.6666667e-01
   5.9945504e-02   4.2253521e-01   4.5070423e-01   1.6666667e-01
   1.0384499e-01   4.0845070e-01   6.4788732e-01   3.3333333e-01
   2.1207993e-01   4.0845070e-01   6.6197183e-01   3.3333333e-01
   4.1401756e-01   3.9436620e-01   6.7605634e-01   1.6666667e-01
   5.8719346e-01   3.8028169e-01   6.7605634e-01   1.6666667e-01
   7.2085982e-01   3.6619718e-01   6.9014085e-01   1.6666667e-01
   8.2894338e-01   3.0985915e-01   6.9014085e-01   1.6666667e-01
   9.2612776e-01   1.6901408e-01   6.9014085e-01   1.6666667e-01
   9.5473812e-01   1.4084507e-01   6.9014085e-01   1.6666667e-01
   9.1795338e-01   1.2676056e-01   6.9014085e-01   1.6666667e-01
   8.6254920e-01   1.1267606e-01   6.7605634e-01   1.6666667e-01
   7.9155313e-01   9.8591549e-02   6.7605634e-01   1.6666667e-01
   6.9875870e-01   8.4507042e-02   6.6197183e-01   3.3333333e-01
   6.1141387e-01   7.0422535e-02   6.4788732e-01   6.6666667e-01
   5.1029367e-01   7.0422535e-02   6.1971831e-01   5.0000000e-01
   4.1068725e-01   5.6338028e-02   5.9154930e-01   5.0000000e-01
   3.6693915e-01   5.6338028e-02   5.9154930e-01   5.0000000e-01
   3.3999394e-01   5.6338028e-02   5.9154930e-01   5.0000000e-01
   3.2001211e-01   5.6338028e-02   6.0563380e-01   5.0000000e-01
   3.0926431e-01   7.0422535e-02   6.1971831e-01   3.3333333e-01
   2.8519528e-01   7.0422535e-02   6.3380282e-01   5.0000000e-01
   2.7520436e-01   8.4507042e-02   6.4788732e-01   5.0000000e-01
   2.6506206e-01   8.4507042e-02   6.4788732e-01   5.0000000e-01
   2.4205268e-01   9.8591549e-02   6.6197183e-01   5.0000000e-01
   2.6142900e-01   9.8591549e-02   6.6197183e-01   6.6666667e-01
   2.8065395e-01   1.1267606e-01   6.7605634e-01   5.0000000e-01
   2.7005752e-01   1.4084507e-01   6.7605634e-01   3.3333333e-01
   2.4719952e-01   1.5492958e-01   6.7605634e-01   3.3333333e-01
   2.1616712e-01   1.8309859e-01   6.9014085e-01   3.3333333e-01
   1.8831365e-01   1.9718310e-01   6.9014085e-01   3.3333333e-01
   1.5152891e-01   2.3943662e-01   6.9014085e-01   3.3333333e-01
   1.1383591e-01   6.1971831e-01   6.7605634e-01   1.6666667e-01
   9.1583409e-02   6.1971831e-01   6.7605634e-01   1.6666667e-01
   8.8707236e-02   6.1971831e-01   6.6197183e-01   1.6666667e-01
   8.7344838e-02   6.0563380e-01   6.6197183e-01   1.6666667e-01
   8.9312746e-02   6.0563380e-01   6.6197183e-01   1.6666667e-01
   7.9927339e-02   5.9154930e-01   6.4788732e-01   1.6666667e-01
   7.9170451e-02   5.9154930e-01   6.4788732e-01   1.6666667e-01
   7.5234635e-02   5.9154930e-01   6.3380282e-01   1.6666667e-01
   8.8555858e-02   5.6338028e-01   6.1971831e-01   1.6666667e-01
   9.8698153e-02   5.3521127e-01   5.9154930e-01   1.6666667e-01
   9.9909173e-02   5.2112676e-01   5.9154930e-01   1.6666667e-01
   1.0551014e-01   5.2112676e-01   5.9154930e-01   1.6666667e-01
   1.0596427e-01   5.2112676e-01   5.7746479e-01   1.6666667e-01
   1.1580381e-01   5.0704225e-01   5.7746479e-01   1.6666667e-01
   1.2730851e-01   5.0704225e-01   5.7746479e-01   1.6666667e-01
   1.4047835e-01   5.0704225e-01   5.7746479e-01   1.6666667e-01
   1.6197396e-01   5.0704225e-01   6.0563380e-01   1.6666667e-01
   1.6197396e-01   5.2112676e-01   6.1971831e-01   1.6666667e-01
   1.5183167e-01   5.2112676e-01   6.3380282e-01   1.6666667e-01
   1.4456555e-01   5.3521127e-01   6.3380282e-01   1.6666667e-01
   1.2609749e-01   5.4929577e-01   6.4788732e-01   1.6666667e-01
   9.6881623e-02   5.6338028e-01   6.4788732e-01   1.6666667e-01
   7.5083258e-02   6.3380282e-01   6.4788732e-01   1.6666667e-01
   4.4807751e-02   6.4788732e-01   6.6197183e-01   1.6666667e-01
   2.9821375e-02   6.4788732e-01   6.6197183e-01   1.6666667e-01
   2.7853467e-02   6.4788732e-01   6.6197183e-01   1.6666667e-01
   2.8004844e-02   6.4788732e-01   6.6197183e-01   1.6666667e-01
   2.9064487e-02   6.4788732e-01   6.6197183e-01   1.6666667e-01
   3.5270966e-02   6.4788732e-01   6.6197183e-01   1.6666667e-01
   3.5876476e-02   6.4788732e-01   6.6197183e-01   1.6666667e-01
   3.5422343e-02   6.4788732e-01   6.4788732e-01   1.6666667e-01
   2.9215864e-02   6.4788732e-01   6.4788732e-01   1.6666667e-01
   2.7247956e-02   6.4788732e-01   6.4788732e-01   1.6666667e-01
   2.2858008e-02   6.4185111e-01   6.4285714e-01   0.0000000e+00
   1.3169846e-02   6.3581489e-01   6.3782696e-01   0.0000000e+00
   0.0000000e+00   6.2977867e-01   6.3279678e-01   0.0000000e+00
   3.0275507e-04   6.2374245e-01   6.2776660e-01   0.0000000e+00
   3.0275507e-04   6.1770624e-01   6.2273642e-01   0.0000000e+00
   3.0275507e-04   6.1167002e-01   6.1770624e-01   0.0000000e+00
   3.0275507e-04   6.0563380e-01   6.1267606e-01   0.0000000e+00
   3.0275507e-04   5.9959759e-01   6.0764588e-01   0.0000000e+00
   3.0275507e-04   5.9356137e-01   6.0261569e-01   0.0000000e+00
   3.0275507e-04   5.8752515e-01   5.9758551e-01   0.0000000e+00
   3.0275507e-04   5.8148893e-01   5.9255533e-01   0.0000000e+00
   3.0275507e-04   5.7545272e-01   5.8752515e-01   0.0000000e+00
   1.6651529e-03   5.6941650e-01   5.8249497e-01   0.0000000e+00
   4.7078414e-02   5.6338028e-01   5.7746479e-01   1.6666667e-01
   1.0611565e-01   5.2112676e-01   6.0563380e-01   1.6666667e-01
   1.3926733e-01   5.2112676e-01   6.1971831e-01   1.6666667e-01
   1.6606116e-01   5.0704225e-01   6.3380282e-01   1.6666667e-01
   1.7650621e-01   5.0704225e-01   6.4788732e-01   1.6666667e-01
   1.7393279e-01   4.9295775e-01   6.4788732e-01   1.6666667e-01
   1.5455646e-01   5.0704225e-01   6.6197183e-01   1.6666667e-01
   1.3260672e-01   5.0704225e-01   6.6197183e-01   3.3333333e-01
   9.3702695e-02   5.0704225e-01   6.6197183e-01   3.3333333e-01
   8.1441114e-02   5.2112676e-01   6.7605634e-01   3.3333333e-01
   6.9936421e-02   5.3521127e-01   6.7605634e-01   3.3333333e-01
   7.4629125e-02   6.3380282e-01   6.6197183e-01   1.6666667e-01
   8.7042083e-02   6.1971831e-01   6.6197183e-01   1.6666667e-01
   1.0278535e-01   5.2112676e-01   6.6197183e-01   3.3333333e-01
   1.2306994e-01   5.2112676e-01   6.6197183e-01   3.3333333e-01
   1.1383591e-01   5.3521127e-01   6.4788732e-01   3.3333333e-01
   9.1280654e-02   5.3521127e-01   6.3380282e-01   3.3333333e-01
   6.2064790e-02   5.4929577e-01   5.6338028e-01   1.6666667e-01
   1.9981835e-02   5.4929577e-01   5.6338028e-01   1.6666667e-01
   2.1646988e-02   5.5037920e-01   5.6446371e-01   0.0000000e+00
   1.3018468e-02   5.5146262e-01   5.6554713e-01   0.0000000e+00
   5.9037239e-03   5.5254605e-01   5.6663055e-01   0.0000000e+00
   6.0551014e-03   5.5362947e-01   5.6771398e-01   0.0000000e+00
   6.6606116e-03   5.5471289e-01   5.6879740e-01   0.0000000e+00
   7.1147442e-03   5.5579632e-01   5.6988082e-01   0.0000000e+00
   1.2412958e-02   5.5687974e-01   5.7096425e-01   0.0000000e+00
   1.1656070e-02   5.5796316e-01   5.7204767e-01   0.0000000e+00
   5.4495913e-03   5.5904659e-01   5.7313109e-01   0.0000000e+00
   3.0275507e-04   5.6013001e-01   5.7421452e-01   0.0000000e+00
   6.5092340e-03   5.6121343e-01   5.7529794e-01   0.0000000e+00
   2.3009385e-02   5.6229686e-01   5.7638137e-01   0.0000000e+00
   4.2537087e-02   5.6338028e-01   5.7746479e-01   1.6666667e-01
   6.3881320e-02   5.4929577e-01   5.7746479e-01   1.6666667e-01
   9.4913715e-02   5.4929577e-01   5.9154930e-01   1.6666667e-01
   1.2912504e-01   5.3521127e-01   5.9154930e-01   1.6666667e-01
   1.5410233e-01   5.2112676e-01   6.0563380e-01   1.6666667e-01
   1.7544656e-01   5.2112676e-01   6.0563380e-01   1.6666667e-01
   1.6818044e-01   5.2112676e-01   6.1971831e-01   1.6666667e-01
   1.5622162e-01   5.2112676e-01   6.3380282e-01   1.6666667e-01
   1.4441417e-01   5.2112676e-01   6.3380282e-01   1.6666667e-01
   1.3321223e-01   5.3521127e-01   6.4788732e-01   1.6666667e-01
   1.0293672e-01   5.4929577e-01   6.4788732e-01   3.3333333e-01
   7.8867696e-02   6.3380282e-01   6.4788732e-01   1.6666667e-01
   4.0569180e-02   6.3380282e-01   6.4788732e-01   1.6666667e-01
   3.1940660e-02   6.4788732e-01   6.6197183e-01   1.6666667e-01
   2.7399334e-02   6.4788732e-01   6.6197183e-01   1.6666667e-01
   1.8770814e-02   6.6197183e-01   6.6197183e-01   1.6666667e-01
   2.1798365e-02   6.4788732e-01   6.5258216e-01   0.0000000e+00
   2.1344233e-02   6.3380282e-01   6.4319249e-01   0.0000000e+00
   2.2101120e-02   6.1971831e-01   6.3380282e-01   0.0000000e+00
   2.4523161e-02   6.0563380e-01   6.2441315e-01   0.0000000e+00
   4.3596730e-02   5.9154930e-01   6.1502347e-01   0.0000000e+00
   6.7363003e-02   5.7746479e-01   6.0563380e-01   1.6666667e-01
   9.5065092e-02   5.6338028e-01   6.1971831e-01   1.6666667e-01
   1.2276718e-01   5.4929577e-01   6.1971831e-01   1.6666667e-01
   1.6136845e-01   5.3521127e-01   6.1971831e-01   1.6666667e-01
   1.9573115e-01   5.2112676e-01   6.1971831e-01   1.6666667e-01
   2.2055707e-01   5.2112676e-01   6.1971831e-01   1.6666667e-01
   2.2918559e-01   5.2112676e-01   6.1971831e-01   1.6666667e-01
   2.2540115e-01   5.2112676e-01   6.1971831e-01   1.6666667e-01
   1.9981835e-01   5.2112676e-01   6.3380282e-01   1.6666667e-01
   1.8104753e-01   5.3521127e-01   6.3380282e-01   1.6666667e-01
   1.5697850e-01   5.3521127e-01   6.4788732e-01   1.6666667e-01
   1.3381774e-01   5.4929577e-01   6.4788732e-01   1.6666667e-01
   1.0853769e-01   6.0563380e-01   6.4788732e-01   1.6666667e-01
   8.1895247e-02   6.1971831e-01   6.4788732e-01   1.6666667e-01
   6.7060248e-02   6.1971831e-01   6.6197183e-01   1.6666667e-01
   6.2064790e-02   6.3380282e-01   6.6197183e-01   1.6666667e-01
   6.2973055e-02   6.3380282e-01   6.6197183e-01   1.6666667e-01
   6.2216167e-02   6.3380282e-01   6.6197183e-01   1.6666667e-01
   5.9339994e-02   6.3380282e-01   6.6197183e-01   1.6666667e-01
   6.2216167e-02   6.3380282e-01   6.6197183e-01   1.6666667e-01
   6.0096882e-02   6.3380282e-01   6.6197183e-01   1.6666667e-01
   5.4950045e-02   6.3380282e-01   6.6197183e-01   1.6666667e-01
   4.2234332e-02   6.3380282e-01   6.6197183e-01   1.6666667e-01
   3.5573721e-02   6.3380282e-01   6.4788732e-01   1.6666667e-01
   2.9669997e-02   6.2910798e-01   6.4084507e-01   0.0000000e+00
   2.1344233e-02   6.2441315e-01   6.3380282e-01   0.0000000e+00
   1.4380866e-02   6.1971831e-01   6.2676056e-01   0.0000000e+00
   2.0284590e-02   6.1502347e-01   6.1971831e-01   0.0000000e+00
   2.2252498e-02   6.1032864e-01   6.1267606e-01   0.0000000e+00
   2.7550711e-02   6.0563380e-01   6.0563380e-01   1.6666667e-01
   3.4362701e-02   5.9154930e-01   6.0563380e-01   1.6666667e-01
   4.8440811e-02   5.9154930e-01   6.1971831e-01   1.6666667e-01
   5.7523464e-02   5.9154930e-01   6.1971831e-01   1.6666667e-01
   7.0996064e-02   5.9154930e-01   6.1971831e-01   1.6666667e-01
   9.7638510e-02   5.7746479e-01   6.3380282e-01   1.6666667e-01
   1.2655162e-01   5.7746479e-01   6.3380282e-01   1.6666667e-01
   1.5546473e-01   5.6338028e-01   6.4788732e-01   1.6666667e-01
   1.6924008e-01   5.4929577e-01   6.4788732e-01   1.6666667e-01
   1.7847411e-01   5.4929577e-01   6.6197183e-01   1.6666667e-01
   1.9936421e-01   5.3521127e-01   6.6197183e-01   1.6666667e-01
   2.3766273e-01   5.3521127e-01   6.7605634e-01   1.6666667e-01
   2.4583712e-01   5.2112676e-01   9.4366197e-01   3.3333333e-01
   2.5537390e-01   5.2112676e-01   9.4366197e-01   5.0000000e-01
   2.3766273e-01   5.2112676e-01   9.1549296e-01   5.0000000e-01
   2.0451105e-01   5.2112676e-01   9.1549296e-01   5.0000000e-01
   2.0890100e-01   5.0704225e-01   8.8732394e-01   5.0000000e-01
   2.1495610e-01   5.0704225e-01   8.8732394e-01   5.0000000e-01
   2.2994248e-01   5.0704225e-01   8.8732394e-01   6.6666667e-01
   2.5491977e-01   5.0704225e-01   8.5915493e-01   5.0000000e-01
   2.9972752e-01   5.2112676e-01   9.8591549e-01   6.6666667e-01
   3.7814108e-01   5.2112676e-01   9.8591549e-01   6.6666667e-01
   4.9137148e-01   5.2112676e-01   9.8591549e-01   6.6666667e-01
   5.9415683e-01   5.3521127e-01   9.8591549e-01   5.0000000e-01
   6.5894641e-01   5.3521127e-01   9.7183099e-01   5.0000000e-01
   6.6227672e-01   5.4929577e-01   9.0140845e-01   1.6666667e-01
   5.9718438e-01   5.6338028e-01   9.0140845e-01   1.6666667e-01
   5.0196791e-01   5.7746479e-01   9.0140845e-01   1.6666667e-01
   4.0402664e-01   5.9154930e-01   8.7323944e-01   1.6666667e-01
   3.1380563e-01   6.0563380e-01   8.0281690e-01   1.6666667e-01
   2.1843778e-01   6.1971831e-01   7.7464789e-01   1.6666667e-01
   1.4078111e-01   6.9014085e-01   7.7464789e-01   1.6666667e-01
   8.5528308e-02   7.0422535e-01   7.3239437e-01   1.6666667e-01
   3.3303058e-02   7.1830986e-01   7.3239437e-01   1.6666667e-01
   1.3018468e-02   7.0246479e-01   7.1919014e-01   0.0000000e+00
   0.0000000e+00   6.8661972e-01   7.0598592e-01   0.0000000e+00
   3.0275507e-04   6.7077465e-01   6.9278169e-01   0.0000000e+00
   3.0275507e-04   6.5492958e-01   6.7957746e-01   0.0000000e+00
   3.0275507e-04   6.3908451e-01   6.6637324e-01   0.0000000e+00
   4.5413261e-04   6.2323944e-01   6.5316901e-01   0.0000000e+00
   6.8119891e-03   6.0739437e-01   6.3996479e-01   0.0000000e+00
   1.8165304e-02   5.9154930e-01   6.2676056e-01   0.0000000e+00
   1.9679080e-02   5.7570423e-01   6.1355634e-01   0.0000000e+00
   2.1798365e-02   5.5985915e-01   6.0035211e-01   0.0000000e+00
   2.8156222e-02   5.4401408e-01   5.8714789e-01   0.0000000e+00
   2.0738722e-02   5.2816901e-01   5.7394366e-01   0.0000000e+00
   1.2412958e-02   5.1232394e-01   5.6073944e-01   0.0000000e+00
   2.0133212e-02   4.9647887e-01   5.4753521e-01   0.0000000e+00
   3.7844384e-02   4.8063380e-01   5.3433099e-01   0.0000000e+00
   7.4023615e-02   4.6478873e-01   5.2112676e-01   3.3333333e-01
   1.5395095e-01   4.5070423e-01   5.0704225e-01   1.6666667e-01
   3.1380563e-01   4.2253521e-01   6.7605634e-01   3.3333333e-01
   4.9470179e-01   4.0845070e-01   6.9014085e-01   3.3333333e-01
   6.4623070e-01   3.8028169e-01   6.9014085e-01   1.6666667e-01
   8.2773236e-01   3.5211268e-01   7.0422535e-01   1.6666667e-01
   9.6442628e-01   7.0422535e-02   7.0422535e-01   5.0000000e-01
   1.0000000e+00   2.8169014e-02   7.0422535e-01   3.3333333e-01
   9.5837118e-01   1.4084507e-02   7.0422535e-01   3.3333333e-01
   8.9418710e-01   1.4084507e-02   7.0422535e-01   3.3333333e-01
   7.9987890e-01   0.0000000e+00   7.0422535e-01   3.3333333e-01
   6.9164396e-01   0.0000000e+00   6.9014085e-01   5.0000000e-01
   5.9355132e-01   0.0000000e+00   6.0563380e-01   5.0000000e-01
   4.7971541e-01   1.4084507e-02   5.9154930e-01   5.0000000e-01
   4.9712383e-01   1.4084507e-02   6.0563380e-01   6.6666667e-01
   5.0060551e-01   1.4084507e-02   6.3380282e-01   5.0000000e-01
   4.5731153e-01   2.8169014e-02   6.4788732e-01   5.0000000e-01
   4.0871935e-01   2.8169014e-02   6.4788732e-01   5.0000000e-01
   3.4726007e-01   4.2253521e-02   6.6197183e-01   3.3333333e-01
   2.7671814e-01   5.6338028e-02   6.6197183e-01   3.3333333e-01
   2.0693309e-01   7.0422535e-02   6.7605634e-01   3.3333333e-01
   1.5395095e-01   9.8591549e-02   6.7605634e-01   3.3333333e-01
   9.8546776e-02   6.3380282e-01   6.7605634e-01   1.6666667e-01
   7.3266727e-02   6.3380282e-01   6.7605634e-01   1.6666667e-01
   7.1752952e-02   6.3380282e-01   6.7605634e-01   1.6666667e-01
   6.8119891e-02   6.3380282e-01   6.7605634e-01   1.6666667e-01
   6.2064790e-02   6.3380282e-01   6.7605634e-01   1.6666667e-01
   4.9651832e-02   6.3380282e-01   6.6197183e-01   1.6666667e-01
   3.5270966e-02   6.3380282e-01   6.4788732e-01   1.6666667e-01
   2.2252498e-02   6.2355954e-01   6.3892446e-01   0.0000000e+00
   5.2982137e-03   6.1331626e-01   6.2996159e-01   0.0000000e+00
   1.5137754e-04   6.0307298e-01   6.2099872e-01   0.0000000e+00
   3.0275507e-04   5.9282971e-01   6.1203585e-01   0.0000000e+00
   3.0275507e-04   5.8258643e-01   6.0307298e-01   0.0000000e+00
   3.0275507e-04   5.7234315e-01   5.9411012e-01   0.0000000e+00
   3.0275507e-04   5.6209987e-01   5.8514725e-01   0.0000000e+00
   3.0275507e-04   5.5185659e-01   5.7618438e-01   0.0000000e+00
   3.0275507e-04   5.4161332e-01   5.6722151e-01   0.0000000e+00
   1.8165304e-03   5.3137004e-01   5.5825864e-01   0.0000000e+00
   6.0248259e-02   5.2112676e-01   5.4929577e-01   1.6666667e-01
   1.3381774e-01   4.9295775e-01   6.0563380e-01   1.6666667e-01
   1.9028156e-01   4.7887324e-01   6.1971831e-01   1.6666667e-01
   2.1601574e-01   4.7887324e-01   6.1971831e-01   1.6666667e-01
   2.3206176e-01   4.6478873e-01   6.3380282e-01   1.6666667e-01
   2.3145625e-01   4.6478873e-01   6.3380282e-01   1.6666667e-01
   2.3054799e-01   4.6478873e-01   6.3380282e-01   1.6666667e-01
   2.4432334e-01   4.6478873e-01   6.3380282e-01   1.6666667e-01
   2.5915834e-01   4.6478873e-01   6.3380282e-01   1.6666667e-01
   2.7929155e-01   4.6478873e-01   6.3380282e-01   1.6666667e-01
   2.9594308e-01   4.7887324e-01   6.3380282e-01   1.6666667e-01
   2.9170451e-01   4.7887324e-01   6.3380282e-01   1.6666667e-01
   2.7550711e-01   4.9295775e-01   6.1971831e-01   1.6666667e-01
   2.5915834e-01   4.9295775e-01   6.1971831e-01   1.6666667e-01
   2.4992431e-01   5.0704225e-01   6.1971831e-01   1.6666667e-01
   2.2419013e-01   5.0704225e-01   6.1971831e-01   1.6666667e-01
   1.9346049e-01   5.2112676e-01   6.3380282e-01   1.6666667e-01
   1.6500151e-01   5.3521127e-01   6.3380282e-01   1.6666667e-01
   1.4153800e-01   5.4929577e-01   6.4788732e-01   1.6666667e-01
   1.1656070e-01   5.6338028e-01   6.4788732e-01   1.6666667e-01
   9.7789888e-02   6.0563380e-01   6.4788732e-01   1.6666667e-01
   7.4931880e-02   6.1971831e-01   6.6197183e-01   1.6666667e-01
   6.0853769e-02   6.3380282e-01   6.6197183e-01   1.6666667e-01
   6.0096882e-02   6.3380282e-01   6.6197183e-01   1.6666667e-01
   6.6606116e-02   6.3380282e-01   6.6197183e-01   1.6666667e-01
   1.4138662e-01   3.6619718e-01   6.6197183e-01   3.3333333e-01
   3.1864971e-01   1.8309859e-01   6.6197183e-01   6.6666667e-01
   4.5549500e-01   1.6901408e-01   6.6197183e-01   3.3333333e-01
   5.6660612e-01   1.6901408e-01   6.4788732e-01   3.3333333e-01
   5.8038147e-01   1.8309859e-01   6.3380282e-01   1.6666667e-01
   5.2649107e-01   1.9718310e-01   6.1971831e-01   3.3333333e-01
   4.5246745e-01   2.1126761e-01   6.1971831e-01   3.3333333e-01
   3.6603088e-01   2.2535211e-01   6.1971831e-01   3.3333333e-01
   3.1002119e-01   2.3943662e-01   6.1971831e-01   3.3333333e-01
   3.0532849e-01   2.5352113e-01   6.1971831e-01   3.3333333e-01
   3.2803512e-01   2.6760563e-01   6.1971831e-01   3.3333333e-01
   3.1759007e-01   3.6619718e-01   6.3380282e-01   3.3333333e-01
   2.8958523e-01   3.2394366e-01   6.3380282e-01   3.3333333e-01
   2.4069028e-01   3.2394366e-01   6.3380282e-01   3.3333333e-01
   2.0133212e-01   3.6619718e-01   6.4788732e-01   5.0000000e-01
   1.9300636e-01   5.0704225e-01   6.4788732e-01   3.3333333e-01
   1.5319407e-01   5.0704225e-01   6.4788732e-01   3.3333333e-01
   2.0330003e-01   5.0704225e-01   6.4788732e-01   3.3333333e-01
   2.3100212e-01   5.0704225e-01   6.4788732e-01   1.6666667e-01
   2.4962156e-01   5.0704225e-01   6.4788732e-01   1.6666667e-01
   2.3796549e-01   5.2112676e-01   6.4788732e-01   1.6666667e-01
   2.0224039e-01   5.2112676e-01   6.4788732e-01   1.6666667e-01
   1.6394187e-01   5.3521127e-01   6.3380282e-01   1.6666667e-01
   1.3275810e-01   5.4929577e-01   6.1971831e-01   1.6666667e-01
   9.7487133e-02   5.6338028e-01   6.0563380e-01   1.6666667e-01
   6.4789585e-02   5.9154930e-01   6.0563380e-01   1.6666667e-01
   4.0115047e-02   5.9467919e-01   6.0876369e-01   0.0000000e+00
   2.1646988e-02   5.9780908e-01   6.1189358e-01   0.0000000e+00
   2.2706630e-02   6.0093897e-01   6.1502347e-01   0.0000000e+00
   2.3312140e-02   6.0406886e-01   6.1815336e-01   0.0000000e+00
   2.3917651e-02   6.0719875e-01   6.2128326e-01   0.0000000e+00
   2.4523161e-02   6.1032864e-01   6.2441315e-01   0.0000000e+00
   2.5431426e-02   6.1345853e-01   6.2754304e-01   0.0000000e+00
   3.4211323e-02   6.1658842e-01   6.3067293e-01   0.0000000e+00
   5.9794127e-02   6.1971831e-01   6.3380282e-01   1.6666667e-01
   7.1450197e-02   6.1971831e-01   6.3380282e-01   1.6666667e-01
   6.7817136e-02   6.3380282e-01   6.4788732e-01   1.6666667e-01
   4.9651832e-02   6.4788732e-01   6.4788732e-01   1.6666667e-01
