   1.9900000e+02
   4.5616536e-02   2.6086957e-01   4.3478261e-01   0.0000000e+00
   2.1382751e-01   2.6086957e-01   4.3478261e-01   1.6666667e-01
   4.3121882e-01   2.6086957e-01   5.2173913e-01   1.6666667e-01
   6.0548824e-01   2.1739130e-01   5.6521739e-01   1.6666667e-01
   7.1454027e-01   1.7391304e-01   6.0869565e-01   1.6666667e-01
   7.5124733e-01   1.3043478e-01   6.0869565e-01   1.6666667e-01
   7.3663578e-01   1.3043478e-01   6.5217391e-01   1.6666667e-01
   7.0705631e-01   8.6956522e-02   6.5217391e-01   1.6666667e-01
   6.8424804e-01   8.6956522e-02   6.9565217e-01   1.6666667e-01
   6.1831789e-01   8.6956522e-02   6.9565217e-01   1.6666667e-01
   5.5024947e-01   4.3478261e-02   6.9565217e-01   3.3333333e-01
   5.1781896e-01   4.3478261e-02   6.9565217e-01   3.3333333e-01
   4.8752673e-01   4.3478261e-02   7.3913043e-01   3.3333333e-01
   5.3314326e-01   8.6956522e-02   7.3913043e-01   3.3333333e-01
   6.3934426e-01   8.6956522e-02   7.3913043e-01   3.3333333e-01
   7.8118318e-01   8.6956522e-02   6.9565217e-01   1.6666667e-01
   8.8275125e-01   1.3043478e-01   6.9565217e-01   1.6666667e-01
   8.6208125e-01   1.3043478e-01   6.9565217e-01   1.6666667e-01
   7.8118318e-01   1.7391304e-01   6.9565217e-01   1.6666667e-01
   6.9280114e-01   1.7391304e-01   6.5217391e-01   1.6666667e-01
   6.2295082e-01   2.1739130e-01   6.0869565e-01   1.6666667e-01
   5.2744120e-01   2.1739130e-01   5.6521739e-01   1.6666667e-01
   4.5687812e-01   2.6086957e-01   5.2173913e-01   1.6666667e-01
   3.9201711e-01   2.6086957e-01   5.2173913e-01   1.6666667e-01
   3.4996436e-01   3.0434783e-01   5.2173913e-01   1.6666667e-01
   3.2822523e-01   3.4782609e-01   5.2173913e-01   1.6666667e-01
   2.9472559e-01   3.9130435e-01   5.6521739e-01   1.6666667e-01
   2.5623664e-01   3.9130435e-01   5.6521739e-01   1.6666667e-01
   2.4376336e-01   4.3478261e-01   5.6521739e-01   1.6666667e-01
   2.1204562e-01   4.7826087e-01   6.0869565e-01   1.6666667e-01
   2.0776907e-01   4.7826087e-01   6.0869565e-01   1.6666667e-01
   2.3057733e-01   4.7826087e-01   6.0869565e-01   1.6666667e-01
   2.5766215e-01   4.7826087e-01   6.0869565e-01   1.6666667e-01
   3.1218817e-01   4.3478261e-01   6.5217391e-01   1.6666667e-01
   3.5459729e-01   3.9130435e-01   6.5217391e-01   1.6666667e-01
   3.9166073e-01   3.9130435e-01   6.5217391e-01   1.6666667e-01
   4.2409123e-01   3.4782609e-01   6.5217391e-01   1.6666667e-01
   4.4689950e-01   2.6086957e-01   6.5217391e-01   1.6666667e-01
   4.6400570e-01   2.1739130e-01   6.0869565e-01   1.6666667e-01
   4.7042053e-01   1.7391304e-01   6.0869565e-01   1.6666667e-01
   4.6151105e-01   1.3043478e-01   5.2173913e-01   1.6666667e-01
   4.6471846e-01   1.3043478e-01   4.7826087e-01   1.6666667e-01
   4.4689950e-01   8.6956522e-02   4.3478261e-01   1.6666667e-01
   4.1446900e-01   8.6956522e-02   3.9130435e-01   1.6666667e-01
   3.9593728e-01   8.6956522e-02   3.0434783e-01   1.6666667e-01
   3.6635780e-01   8.6956522e-02   2.6086957e-01   1.6666667e-01
   3.7384177e-01   8.6956522e-02   3.0434783e-01   1.6666667e-01
   4.2017106e-01   8.6956522e-02   3.0434783e-01   1.6666667e-01
   4.6543122e-01   8.6956522e-02   3.9130435e-01   1.6666667e-01
   5.2352103e-01   1.3043478e-01   4.3478261e-01   1.6666667e-01
   5.5630791e-01   1.3043478e-01   4.7826087e-01   1.6666667e-01
   5.5702067e-01   1.7391304e-01   4.7826087e-01   1.6666667e-01
   5.2601568e-01   1.7391304e-01   5.2173913e-01   1.6666667e-01
   5.0035638e-01   2.1739130e-01   5.6521739e-01   1.6666667e-01
   4.3442623e-01   2.6086957e-01   5.6521739e-01   1.6666667e-01
   3.7526728e-01   3.4782609e-01   6.0869565e-01   1.6666667e-01
   3.0719886e-01   3.9130435e-01   6.0869565e-01   1.6666667e-01
   2.4732716e-01   4.7826087e-01   6.0869565e-01   1.6666667e-01
   2.0598717e-01   5.2173913e-01   6.5217391e-01   1.6666667e-01
   1.7997149e-01   5.2173913e-01   6.5217391e-01   1.6666667e-01
   1.6215253e-01   5.6521739e-01   6.5217391e-01   1.6666667e-01
   1.7783321e-01   5.6521739e-01   6.5217391e-01   1.6666667e-01
   2.1204562e-01   5.2173913e-01   6.9565217e-01   1.6666667e-01
   2.7120456e-01   4.7826087e-01   6.9565217e-01   1.6666667e-01
   5.1853172e-01   4.3478261e-02   6.9565217e-01   3.3333333e-01
   7.1133286e-01   4.3478261e-02   6.9565217e-01   1.6666667e-01
   8.1218817e-01   0.0000000e+00   6.5217391e-01   1.6666667e-01
   7.9009266e-01   4.3478261e-02   6.5217391e-01   1.6666667e-01
   6.7498218e-01   4.3478261e-02   6.0869565e-01   1.6666667e-01
   5.9158945e-01   4.3478261e-02   6.0869565e-01   1.6666667e-01
   5.0356379e-01   8.6956522e-02   5.2173913e-01   1.6666667e-01
   3.7277263e-01   8.6956522e-02   4.7826087e-01   1.6666667e-01
   2.5017819e-01   8.6956522e-02   1.7391304e-01   1.6666667e-01
   1.2865289e-01   1.3043478e-01   1.7391304e-01   1.6666667e-01
   1.2366358e-01   1.3043478e-01   1.7391304e-01   1.6666667e-01
   1.2081254e-01   1.3043478e-01   2.1739130e-01   1.6666667e-01
   1.0762651e-01   1.3043478e-01   2.1739130e-01   1.6666667e-01
   1.1903065e-01   1.3043478e-01   2.1739130e-01   1.6666667e-01
   1.2009979e-01   1.7391304e-01   2.1739130e-01   1.6666667e-01
   1.2188168e-01   1.7391304e-01   2.1739130e-01   1.6666667e-01
   1.2330720e-01   1.7391304e-01   2.1739130e-01   1.6666667e-01
   1.2401996e-01   1.7391304e-01   2.6086957e-01   1.6666667e-01
   1.2437634e-01   1.7391304e-01   2.6086957e-01   1.6666667e-01
   1.2580185e-01   1.7391304e-01   2.6086957e-01   1.6666667e-01
   1.3007840e-01   1.7391304e-01   2.6086957e-01   1.6666667e-01
   1.6571632e-01   1.7391304e-01   2.6086957e-01   1.6666667e-01
   2.3734854e-01   1.3043478e-01   2.6086957e-01   1.6666667e-01
   3.2181041e-01   8.6956522e-02   2.6086957e-01   1.6666667e-01
   4.5866001e-01   8.6956522e-02   3.4782609e-01   1.6666667e-01
   6.0477548e-01   4.3478261e-02   3.9130435e-01   1.6666667e-01
   7.5516750e-01   4.3478261e-02   4.7826087e-01   1.6666667e-01
   8.6279401e-01   4.3478261e-02   4.7826087e-01   1.6666667e-01
   9.4476123e-01   0.0000000e+00   5.2173913e-01   1.6666667e-01
   9.9572345e-01   0.0000000e+00   5.6521739e-01   1.6666667e-01
   1.0000000e+00   0.0000000e+00   6.0869565e-01   1.6666667e-01
   9.4262295e-01   0.0000000e+00   6.0869565e-01   1.6666667e-01
   8.9558090e-01   4.3478261e-02   6.0869565e-01   1.6666667e-01
   8.6243763e-01   4.3478261e-02   6.5217391e-01   1.6666667e-01
   8.5352815e-01   4.3478261e-02   6.5217391e-01   1.6666667e-01
   9.3014968e-01   8.6956522e-02   6.9565217e-01   1.6666667e-01
   9.7362794e-01   1.3043478e-01   6.9565217e-01   1.6666667e-01
   9.6650036e-01   1.3043478e-01   6.9565217e-01   1.6666667e-01
   9.1446900e-01   1.7391304e-01   6.9565217e-01   1.6666667e-01
   8.1967213e-01   2.1739130e-01   6.9565217e-01   1.6666667e-01
   6.8709907e-01   2.1739130e-01   6.9565217e-01   1.6666667e-01
   5.5702067e-01   2.6086957e-01   6.9565217e-01   1.6666667e-01
   4.3620813e-01   3.0434783e-01   6.9565217e-01   1.6666667e-01
   3.1503920e-01   3.0434783e-01   6.5217391e-01   1.6666667e-01
   2.0883820e-01   4.7826087e-01   5.6521739e-01   1.6666667e-01
   1.0940841e-01   4.3478261e-01   5.0000000e-01   0.0000000e+00
   3.3499644e-02   3.9130435e-01   4.3478261e-01   0.0000000e+00
   5.2031361e-02   3.4782609e-01   3.6956522e-01   0.0000000e+00
   6.1297220e-02   3.0434783e-01   3.0434783e-01   1.6666667e-01
   9.3727726e-02   2.6086957e-01   3.0434783e-01   1.6666667e-01
   1.6464718e-01   2.1739130e-01   3.4782609e-01   1.6666667e-01
   2.6764077e-01   1.7391304e-01   3.4782609e-01   1.6666667e-01
   3.6742694e-01   1.3043478e-01   3.4782609e-01   1.6666667e-01
   4.3585175e-01   1.3043478e-01   3.9130435e-01   1.6666667e-01
   5.0570207e-01   1.3043478e-01   4.3478261e-01   1.6666667e-01
   5.5915895e-01   1.3043478e-01   4.3478261e-01   1.6666667e-01
   5.6806842e-01   1.3043478e-01   4.7826087e-01   1.6666667e-01
   5.4561654e-01   1.7391304e-01   5.2173913e-01   1.6666667e-01
   4.7647897e-01   1.7391304e-01   5.2173913e-01   1.6666667e-01
   4.1803279e-01   2.1739130e-01   5.2173913e-01   1.6666667e-01
   3.3749109e-01   2.6086957e-01   5.6521739e-01   1.6666667e-01
   2.7868852e-01   3.9130435e-01   5.6521739e-01   1.6666667e-01
   2.0741269e-01   4.7826087e-01   6.0869565e-01   1.6666667e-01
   1.8175339e-01   5.2173913e-01   6.0869565e-01   1.6666667e-01
   1.7712046e-01   5.2173913e-01   6.0869565e-01   1.6666667e-01
   1.5894512e-01   5.2173913e-01   6.5217391e-01   1.6666667e-01
   1.5502495e-01   5.2173913e-01   6.5217391e-01   1.6666667e-01
   1.5110478e-01   5.2173913e-01   6.5217391e-01   1.6666667e-01
   1.6037063e-01   5.2173913e-01   6.5217391e-01   1.6666667e-01
   1.5146115e-01   5.2173913e-01   6.5217391e-01   1.6666667e-01
   1.4967926e-01   5.2173913e-01   6.5217391e-01   1.6666667e-01
   1.4148254e-01   4.7826087e-01   6.0869565e-01   1.6666667e-01
   1.5609408e-01   4.3478261e-01   5.2173913e-01   1.6666667e-01
   2.3556664e-01   3.0434783e-01   5.2173913e-01   1.6666667e-01
   3.8203849e-01   1.7391304e-01   5.2173913e-01   1.6666667e-01
   5.2031361e-01   1.7391304e-01   4.7826087e-01   1.6666667e-01
   5.8267997e-01   1.7391304e-01   4.7826087e-01   1.6666667e-01
   6.0121169e-01   1.3043478e-01   4.7826087e-01   1.6666667e-01
   6.1297220e-01   1.7391304e-01   5.2173913e-01   1.6666667e-01
   6.2116892e-01   1.7391304e-01   5.2173913e-01   1.6666667e-01
   6.1475410e-01   1.7391304e-01   5.6521739e-01   1.6666667e-01
   5.8766928e-01   2.1739130e-01   6.0869565e-01   1.6666667e-01
   5.2066999e-01   2.6086957e-01   6.0869565e-01   1.6666667e-01
   4.5794726e-01   3.0434783e-01   6.5217391e-01   1.6666667e-01
   3.8667142e-01   3.4782609e-01   6.5217391e-01   1.6666667e-01
   3.4319316e-01   4.7826087e-01   6.9565217e-01   1.6666667e-01
   2.7583749e-01   5.2173913e-01   6.9565217e-01   1.6666667e-01
   2.3235923e-01   5.6521739e-01   6.9565217e-01   1.6666667e-01
   2.0955096e-01   5.6521739e-01   6.9565217e-01   1.6666667e-01
   1.9600855e-01   6.0869565e-01   7.3913043e-01   1.6666667e-01
   1.8781183e-01   6.0869565e-01   7.3913043e-01   1.6666667e-01
   1.8353528e-01   6.0869565e-01   7.3913043e-01   1.6666667e-01
   1.9779045e-01   5.6521739e-01   7.3913043e-01   1.6666667e-01
   1.9565217e-01   5.6521739e-01   6.9565217e-01   1.6666667e-01
   1.8781183e-01   5.6521739e-01   6.9565217e-01   1.6666667e-01
   1.9422666e-01   5.2173913e-01   6.9565217e-01   1.6666667e-01
   1.6143977e-01   5.2173913e-01   6.9565217e-01   1.6666667e-01
   1.3114754e-01   5.2173913e-01   6.0869565e-01   1.6666667e-01
   8.6956522e-02   4.6086957e-01   5.4782609e-01   0.0000000e+00
   2.9935852e-02   4.0000000e-01   4.8695652e-01   0.0000000e+00
   0.0000000e+00   3.3913043e-01   4.2608696e-01   0.0000000e+00
   3.6707056e-02   2.7826087e-01   3.6521739e-01   0.0000000e+00
   1.1083393e-01   2.1739130e-01   3.0434783e-01   1.6666667e-01
   1.9066287e-01   2.1739130e-01   3.4782609e-01   1.6666667e-01
   2.4590164e-01   1.7391304e-01   3.4782609e-01   1.6666667e-01
   2.9044904e-01   1.7391304e-01   3.4782609e-01   1.6666667e-01
   3.1290093e-01   1.7391304e-01   3.9130435e-01   1.6666667e-01
   3.9237349e-01   2.1739130e-01   4.7826087e-01   1.6666667e-01
   4.8966500e-01   2.1739130e-01   5.6521739e-01   1.6666667e-01
   5.6414825e-01   2.1739130e-01   6.0869565e-01   1.6666667e-01
   5.9479686e-01   2.6086957e-01   6.5217391e-01   1.6666667e-01
   5.6628653e-01   3.0434783e-01   6.5217391e-01   1.6666667e-01
   5.0748396e-01   3.4782609e-01   6.9565217e-01   1.6666667e-01
   4.5153243e-01   3.9130435e-01   6.9565217e-01   1.6666667e-01
   3.9415538e-01   4.3478261e-01   7.3913043e-01   1.6666667e-01
   3.5067712e-01   5.2173913e-01   7.3913043e-01   1.6666667e-01
   2.9508197e-01   6.0869565e-01   7.8260870e-01   1.6666667e-01
   2.6336422e-01   6.5217391e-01   7.8260870e-01   1.6666667e-01
   2.6514612e-01   6.5217391e-01   7.8260870e-01   1.6666667e-01
   2.6478974e-01   6.5217391e-01   8.2608696e-01   1.6666667e-01
   2.7512473e-01   6.9565217e-01   8.2608696e-01   1.6666667e-01
   2.9579473e-01   6.9565217e-01   8.2608696e-01   1.6666667e-01
   2.9508197e-01   6.5217391e-01   8.2608696e-01   1.6666667e-01
   2.8937990e-01   6.5217391e-01   8.6956522e-01   1.6666667e-01
   2.8296507e-01   6.5217391e-01   8.6956522e-01   1.6666667e-01
   2.8510335e-01   6.5217391e-01   8.6956522e-01   1.6666667e-01
   2.7013542e-01   6.5217391e-01   8.2608696e-01   1.6666667e-01
   2.5053457e-01   6.5217391e-01   8.2608696e-01   1.6666667e-01
   2.1774768e-01   6.5217391e-01   7.8260870e-01   1.6666667e-01
   2.0135424e-01   6.5217391e-01   7.8260870e-01   1.6666667e-01
   1.8246614e-01   6.5217391e-01   7.8260870e-01   1.6666667e-01
   1.4575909e-01   6.5217391e-01   7.3913043e-01   1.6666667e-01
   1.3613685e-01   6.5217391e-01   6.9565217e-01   1.6666667e-01
   9.1945830e-02   6.5217391e-01   6.9565217e-01   0.0000000e+00
   6.4861012e-02   6.5217391e-01   6.9565217e-01   0.0000000e+00
