   1.5000000e+02
   9.9753298e-03   5.1282051e-01   5.1282051e-01   1.6666667e-01
   2.3061246e-02   5.1282051e-01   5.3846154e-01   1.6666667e-01
   3.2500268e-02   5.1282051e-01   5.3846154e-01   1.6666667e-01
   3.6361686e-02   5.1282051e-01   5.5128205e-01   1.6666667e-01
   4.7624155e-02   1.1538462e-01   5.6410256e-01   3.3333333e-01
   5.3094497e-02   1.1538462e-01   5.2564103e-01   3.3333333e-01
   7.2830634e-02   1.1538462e-01   5.3846154e-01   3.3333333e-01
   7.9266331e-02   1.1538462e-01   5.3846154e-01   3.3333333e-01
   8.9563445e-02   1.1538462e-01   5.5128205e-01   3.3333333e-01
   8.8812614e-02   1.1538462e-01   5.5128205e-01   3.3333333e-01
   8.4843934e-02   1.2820513e-01   5.5128205e-01   3.3333333e-01
   7.1007187e-02   1.2820513e-01   5.6410256e-01   3.3333333e-01
   5.7170439e-02   1.4102564e-01   5.6410256e-01   3.3333333e-01
   4.5264400e-02   1.5384615e-01   5.6410256e-01   3.3333333e-01
   4.0973935e-02   1.6666667e-01   5.7692308e-01   3.3333333e-01
   3.3465623e-02   5.5128205e-01   5.7692308e-01   1.6666667e-01
   4.4728092e-02   5.5128205e-01   5.7692308e-01   1.6666667e-01
   6.4249705e-02   5.5128205e-01   5.8974359e-01   1.6666667e-01
   1.0318567e-01   5.3846154e-01   6.0256410e-01   1.6666667e-01
   1.5778183e-01   5.2564103e-01   6.1538462e-01   1.6666667e-01
   1.9725410e-01   5.2564103e-01   6.2820513e-01   1.6666667e-01
   2.2042261e-01   3.9743590e-01   6.4102564e-01   3.3333333e-01
   2.2889628e-01   5.1282051e-01   6.4102564e-01   1.6666667e-01
   2.1827738e-01   5.2564103e-01   6.5384615e-01   1.6666667e-01
   1.9156924e-01   5.2564103e-01   6.5384615e-01   1.6666667e-01
   1.6850799e-01   5.3846154e-01   6.5384615e-01   1.6666667e-01
   1.4201437e-01   5.3846154e-01   6.6666667e-01   1.6666667e-01
   1.0672530e-01   3.9743590e-01   6.6666667e-01   5.0000000e-01
   7.1865279e-02   3.8461538e-01   6.6666667e-01   3.3333333e-01
   5.5776038e-02   3.8461538e-01   6.7948718e-01   3.3333333e-01
   5.6097823e-02   3.8461538e-01   6.7948718e-01   3.3333333e-01
   5.7492224e-02   3.8461538e-01   6.7948718e-01   3.3333333e-01
   5.8243055e-02   3.8461538e-01   6.7948718e-01   3.3333333e-01
   5.8672101e-02   3.8461538e-01   6.7948718e-01   3.3333333e-01
   5.6634131e-02   3.8461538e-01   6.7948718e-01   3.3333333e-01
   5.6848654e-02   6.4102564e-01   6.7948718e-01   1.6666667e-01
   5.3845329e-02   6.2820513e-01   6.7948718e-01   1.6666667e-01
   5.0734742e-02   6.2820513e-01   6.7948718e-01   1.6666667e-01
   6.4249705e-02   6.1538462e-01   6.7948718e-01   1.6666667e-01
   8.5594766e-02   5.7692308e-01   6.6666667e-01   1.6666667e-01
   1.1133755e-01   5.6410256e-01   6.5384615e-01   1.6666667e-01
   1.4222890e-01   5.5128205e-01   6.4102564e-01   1.6666667e-01
   2.0873110e-01   5.0000000e-01   6.2820513e-01   1.6666667e-01
   3.0419393e-01   3.7179487e-01   6.2820513e-01   3.3333333e-01
   3.9751153e-01   3.7179487e-01   6.2820513e-01   1.6666667e-01
   4.6562265e-01   3.4615385e-01   6.2820513e-01   1.6666667e-01
   5.2997962e-01   3.2051282e-01   6.2820513e-01   1.6666667e-01
   5.7760378e-01   3.0769231e-01   6.2820513e-01   1.6666667e-01
   5.8500483e-01   3.0769231e-01   6.4102564e-01   1.6666667e-01
   5.3341199e-01   2.9487179e-01   6.4102564e-01   1.6666667e-01
   4.6304837e-01   3.0769231e-01   6.4102564e-01   1.6666667e-01
   3.7863349e-01   3.0769231e-01   6.5384615e-01   1.6666667e-01
   2.8499410e-01   3.0769231e-01   6.5384615e-01   3.3333333e-01
   1.7698166e-01   3.2051282e-01   6.5384615e-01   3.3333333e-01
   9.1708677e-02   3.4615385e-01   6.6666667e-01   3.3333333e-01
   6.8754693e-02   3.5897436e-01   6.6666667e-01   3.3333333e-01
   5.9959241e-02   3.5897436e-01   6.6666667e-01   3.3333333e-01
   4.5800708e-02   3.5897436e-01   6.6666667e-01   3.3333333e-01
   3.7219779e-02   3.5897436e-01   6.6666667e-01   3.3333333e-01
   3.0462298e-02   3.5897436e-01   6.6666667e-01   3.3333333e-01
   2.0916014e-02   3.5897436e-01   6.5384615e-01   3.3333333e-01
   1.8127212e-02   3.5897436e-01   6.5384615e-01   3.3333333e-01
   1.6518288e-02   3.7179487e-01   6.5384615e-01   3.3333333e-01
   1.6732811e-02   3.5897436e-01   6.4102564e-01   3.3333333e-01
   2.4455647e-02   3.5897436e-01   3.7179487e-01   1.6666667e-01
   2.4777432e-02   3.5897436e-01   3.7179487e-01   1.6666667e-01
   2.1130537e-02   3.4615385e-01   3.7179487e-01   1.6666667e-01
   2.0594229e-02   3.4615385e-01   3.7179487e-01   1.6666667e-01
   1.9521613e-02   3.4615385e-01   3.7179487e-01   1.6666667e-01
   2.0594229e-02   3.5897436e-01   3.7179487e-01   1.6666667e-01
   1.6411026e-02   3.5897436e-01   3.5897436e-01   1.6666667e-01
   1.5767457e-02   3.5897436e-01   3.5897436e-01   1.6666667e-01
   2.2846723e-02   3.4615385e-01   3.5897436e-01   1.6666667e-01
   3.9579534e-02   3.4615385e-01   6.0256410e-01   3.3333333e-01
   5.0627480e-02   3.4615385e-01   6.0256410e-01   3.3333333e-01
   5.0198434e-02   3.4615385e-01   6.0256410e-01   3.3333333e-01
   5.2987236e-02   3.4615385e-01   6.0256410e-01   3.3333333e-01
   6.7896600e-02   3.3333333e-01   5.8974359e-01   3.3333333e-01
   9.5141049e-02   3.3333333e-01   5.5128205e-01   3.3333333e-01
   1.4383782e-01   3.3333333e-01   5.5128205e-01   3.3333333e-01
   2.2396224e-01   3.2051282e-01   5.5128205e-01   3.3333333e-01
   3.3540706e-01   3.0769231e-01   5.6410256e-01   3.3333333e-01
   5.2150595e-01   1.0256410e-01   5.7692308e-01   3.3333333e-01
   7.8644213e-01   6.4102564e-02   6.4102564e-01   1.6666667e-01
   9.3961171e-01   3.8461538e-02   6.5384615e-01   1.6666667e-01
   1.0000000e+00   2.5641026e-02   6.6666667e-01   1.6666667e-01
   9.9045372e-01   1.2820513e-02   6.7948718e-01   1.6666667e-01
   9.3210340e-01   1.2820513e-02   6.7948718e-01   1.6666667e-01
   8.4414888e-01   0.0000000e+00   6.7948718e-01   3.3333333e-01
   7.3109514e-01   0.0000000e+00   6.9230769e-01   3.3333333e-01
   6.2651507e-01   0.0000000e+00   6.9230769e-01   5.0000000e-01
   5.7985627e-01   0.0000000e+00   6.9230769e-01   6.6666667e-01
   6.1889950e-01   1.2820513e-02   6.7948718e-01   3.3333333e-01
   6.4571490e-01   1.2820513e-02   6.5384615e-01   3.3333333e-01
   6.0752977e-01   2.5641026e-02   6.1538462e-01   3.3333333e-01
   5.1689370e-01   3.8461538e-02   6.0256410e-01   3.3333333e-01
   4.2132361e-01   5.1282051e-02   5.8974359e-01   3.3333333e-01
   3.4613322e-01   6.4102564e-02   5.8974359e-01   3.3333333e-01
   2.6890486e-01   8.9743590e-02   6.0256410e-01   3.3333333e-01
   1.8524080e-01   1.5384615e-01   6.1538462e-01   3.3333333e-01
   1.2131288e-01   5.5128205e-01   6.2820513e-01   1.6666667e-01
   1.2410168e-01   5.6410256e-01   6.4102564e-01   1.6666667e-01
   1.2485252e-01   5.6410256e-01   6.5384615e-01   1.6666667e-01
   1.2077657e-01   5.7692308e-01   6.6666667e-01   1.6666667e-01
   1.0704709e-01   5.8974359e-01   6.6666667e-01   1.6666667e-01
   9.5677357e-02   6.0256410e-01   6.7948718e-01   1.6666667e-01
   8.4629411e-02   6.2820513e-01   6.7948718e-01   1.6666667e-01
   7.9480854e-02   6.4102564e-01   6.7948718e-01   1.6666667e-01
   7.7871930e-02   6.4102564e-01   6.9230769e-01   1.6666667e-01
   8.0660732e-02   6.4102564e-01   6.9230769e-01   1.6666667e-01
   8.8598091e-02   6.4102564e-01   6.9230769e-01   1.6666667e-01
   9.8466159e-02   6.4102564e-01   6.9230769e-01   1.6666667e-01
   1.0243484e-01   6.2820513e-01   6.9230769e-01   1.6666667e-01
   1.0168401e-01   6.1538462e-01   6.9230769e-01   1.6666667e-01
   1.0050413e-01   6.1538462e-01   6.9230769e-01   1.6666667e-01
   9.4175695e-02   6.0256410e-01   6.9230769e-01   1.6666667e-01
   8.6452859e-02   6.0256410e-01   6.7948718e-01   1.6666667e-01
   8.0124423e-02   5.8974359e-01   6.6666667e-01   1.6666667e-01
   7.3474204e-02   5.7692308e-01   6.5384615e-01   1.6666667e-01
   6.1460903e-02   5.6410256e-01   6.4102564e-01   1.6666667e-01
   4.7945940e-02   5.6410256e-01   6.2820513e-01   1.6666667e-01
   2.7566234e-02   5.7692308e-01   5.8974359e-01   1.6666667e-01
   9.1172369e-03   5.7929725e-01   5.9164292e-01   0.0000000e+00
   1.0726161e-03   5.8167142e-01   5.9354226e-01   0.0000000e+00
   0.0000000e+00   5.8404558e-01   5.9544160e-01   0.0000000e+00
   6.4356967e-04   5.8641975e-01   5.9734093e-01   0.0000000e+00
   1.0726161e-03   5.8879392e-01   5.9924027e-01   0.0000000e+00
   1.5016626e-03   5.9116809e-01   6.0113960e-01   0.0000000e+00
   1.9307090e-03   5.9354226e-01   6.0303894e-01   0.0000000e+00
   2.3597554e-03   5.9591643e-01   6.0493827e-01   0.0000000e+00
   2.7888019e-03   5.9829060e-01   6.0683761e-01   0.0000000e+00
   3.3251099e-03   6.0066477e-01   6.0873694e-01   0.0000000e+00
   3.7541564e-03   6.0303894e-01   6.1063628e-01   0.0000000e+00
   4.1832028e-03   6.0541311e-01   6.1253561e-01   0.0000000e+00
   4.6122493e-03   6.0778727e-01   6.1443495e-01   0.0000000e+00
   5.0412957e-03   6.1016144e-01   6.1633428e-01   0.0000000e+00
   5.4703422e-03   6.1253561e-01   6.1823362e-01   0.0000000e+00
   5.8993886e-03   6.1490978e-01   6.2013295e-01   0.0000000e+00
   6.3284351e-03   6.1728395e-01   6.2203229e-01   0.0000000e+00
   6.7574815e-03   6.1965812e-01   6.2393162e-01   0.0000000e+00
   7.1865279e-03   6.2203229e-01   6.2583096e-01   0.0000000e+00
   7.6155744e-03   6.2440646e-01   6.2773029e-01   0.0000000e+00
   8.0446208e-03   6.2678063e-01   6.2962963e-01   0.0000000e+00
   8.4736673e-03   6.2915480e-01   6.3152896e-01   0.0000000e+00
   8.9027137e-03   6.3152896e-01   6.3342830e-01   0.0000000e+00
   9.3317602e-03   6.3390313e-01   6.3532764e-01   0.0000000e+00
   9.2244986e-03   6.3627730e-01   6.3722697e-01   0.0000000e+00
   1.4694841e-02   6.3865147e-01   6.3912631e-01   0.0000000e+00
   2.0701491e-02   6.4102564e-01   6.4102564e-01   1.6666667e-01
   2.2953985e-02   6.5384615e-01   6.5384615e-01   1.6666667e-01
