   2.3100000e+02
   4.4359255e-02   5.6989247e-01   5.6989247e-01   1.6666667e-01
   7.5575027e-02   5.5913978e-01   5.8064516e-01   1.6666667e-01
   1.0199890e-01   5.4838710e-01   5.9139785e-01   1.6666667e-01
   1.1418401e-01   5.3763441e-01   6.0215054e-01   1.6666667e-01
   1.1391019e-01   5.3763441e-01   6.0215054e-01   1.6666667e-01
   1.0021906e-01   5.3763441e-01   5.9139785e-01   3.3333333e-01
   7.5985761e-02   5.2688172e-01   5.5913978e-01   1.6666667e-01
   7.2699890e-02   5.2688172e-01   6.4516129e-01   3.3333333e-01
   8.7486309e-02   5.2688172e-01   6.6666667e-01   3.3333333e-01
   1.0939211e-01   5.2688172e-01   6.6666667e-01   3.3333333e-01
   1.3184556e-01   5.2688172e-01   6.7741935e-01   3.3333333e-01
   1.5046550e-01   5.3763441e-01   6.7741935e-01   3.3333333e-01
   1.9455093e-01   5.3763441e-01   6.7741935e-01   3.3333333e-01
   2.6533406e-01   5.3763441e-01   6.7741935e-01   1.6666667e-01
   3.0900876e-01   5.4838710e-01   6.7741935e-01   1.6666667e-01
   3.2776561e-01   5.5913978e-01   6.7741935e-01   1.6666667e-01
   3.5898138e-01   5.5913978e-01   7.4193548e-01   3.3333333e-01
   3.9978094e-01   5.5913978e-01   7.5268817e-01   1.6666667e-01
   4.2866922e-01   5.6989247e-01   7.5268817e-01   1.6666667e-01
   4.2839540e-01   5.6989247e-01   7.5268817e-01   1.6666667e-01
   3.9882256e-01   5.8064516e-01   7.6344086e-01   1.6666667e-01
   3.6103505e-01   5.9139785e-01   7.7419355e-01   1.6666667e-01
   3.2092004e-01   6.4516129e-01   8.1720430e-01   1.6666667e-01
   2.8422782e-01   6.5591398e-01   8.2795699e-01   1.6666667e-01
   2.4739869e-01   6.5591398e-01   8.3870968e-01   1.6666667e-01
   1.8441950e-01   6.5591398e-01   8.3870968e-01   5.0000000e-01
   9.8576123e-02   6.6666667e-01   6.8817204e-01   1.6666667e-01
   3.8198248e-02   6.6666667e-01   6.7741935e-01   1.6666667e-01
   1.1363636e-02   6.5949821e-01   6.7204301e-01   0.0000000e+00
   1.0952903e-03   6.5232975e-01   6.6666667e-01   0.0000000e+00
   1.9167579e-03   6.4516129e-01   6.6129032e-01   0.0000000e+00
   0.0000000e+00   6.3799283e-01   6.5591398e-01   0.0000000e+00
   8.2146769e-03   6.3082437e-01   6.5053763e-01   0.0000000e+00
   5.2984666e-02   6.2365591e-01   6.4516129e-01   1.6666667e-01
   1.3677437e-01   5.5913978e-01   6.4516129e-01   3.3333333e-01
   2.1686747e-01   5.3763441e-01   6.5591398e-01   1.6666667e-01
   2.7094743e-01   5.3763441e-01   6.5591398e-01   1.6666667e-01
   3.0038335e-01   5.2688172e-01   6.6666667e-01   1.6666667e-01
   3.0106791e-01   5.1612903e-01   6.6666667e-01   1.6666667e-01
   2.8518620e-01   5.1612903e-01   6.6666667e-01   1.6666667e-01
   2.6108981e-01   5.1612903e-01   6.7741935e-01   3.3333333e-01
   2.2960022e-01   5.1612903e-01   6.7741935e-01   3.3333333e-01
   2.0002738e-01   5.1612903e-01   6.7741935e-01   3.3333333e-01
   1.7798467e-01   5.1612903e-01   6.7741935e-01   3.3333333e-01
   1.6963308e-01   5.1612903e-01   6.7741935e-01   3.3333333e-01
   1.6566265e-01   5.2688172e-01   6.7741935e-01   3.3333333e-01
   1.6429354e-01   5.2688172e-01   6.7741935e-01   3.3333333e-01
   1.8880066e-01   5.3763441e-01   6.6666667e-01   3.3333333e-01
   2.2850493e-01   5.3763441e-01   6.6666667e-01   1.6666667e-01
   2.4917853e-01   5.4838710e-01   6.5591398e-01   1.6666667e-01
   2.4712486e-01   5.4838710e-01   6.5591398e-01   1.6666667e-01
   2.3644578e-01   5.5913978e-01   6.5591398e-01   1.6666667e-01
   2.2343921e-01   5.5913978e-01   6.4516129e-01   1.6666667e-01
   2.1768894e-01   5.5913978e-01   6.4516129e-01   1.6666667e-01
   2.1700438e-01   5.5913978e-01   6.4516129e-01   1.6666667e-01
   2.2795728e-01   5.5913978e-01   6.4516129e-01   1.6666667e-01
   2.3507667e-01   5.6989247e-01   6.5591398e-01   1.6666667e-01
   2.2823111e-01   5.6989247e-01   6.5591398e-01   1.6666667e-01
   2.0837897e-01   5.8064516e-01   6.6666667e-01   1.6666667e-01
   1.7634173e-01   5.8064516e-01   6.6666667e-01   1.6666667e-01
   1.4348302e-01   6.0215054e-01   6.6666667e-01   1.6666667e-01
   1.1213034e-01   6.2365591e-01   6.6666667e-01   1.6666667e-01
   9.1319825e-02   6.3440860e-01   6.7741935e-01   1.6666667e-01
   7.4205915e-02   6.4516129e-01   6.7741935e-01   1.6666667e-01
   6.3253012e-02   6.4516129e-01   6.7741935e-01   1.6666667e-01
   6.0377875e-02   6.5591398e-01   6.7741935e-01   1.6666667e-01
   6.0788609e-02   6.4516129e-01   6.7741935e-01   1.6666667e-01
   6.3526835e-02   6.4516129e-01   6.7741935e-01   1.6666667e-01
   6.3526835e-02   6.4516129e-01   6.7741935e-01   1.6666667e-01
   5.9967141e-02   6.4516129e-01   6.7741935e-01   1.6666667e-01
   5.3943045e-02   6.4516129e-01   6.7741935e-01   1.6666667e-01
   4.5317634e-02   6.4516129e-01   6.6666667e-01   1.6666667e-01
   3.6555312e-02   6.4516129e-01   6.6666667e-01   1.6666667e-01
   3.1215772e-02   6.4516129e-01   6.5591398e-01   1.6666667e-01
   2.3959474e-02   6.4516129e-01   6.4516129e-01   1.6666667e-01
   1.4512596e-02   6.4112903e-01   6.4112903e-01   0.0000000e+00
   9.3099671e-03   6.3709677e-01   6.3709677e-01   0.0000000e+00
   9.7207010e-03   6.3306452e-01   6.3306452e-01   0.0000000e+00
   6.9824754e-03   6.2903226e-01   6.2903226e-01   0.0000000e+00
   3.4227820e-03   6.2500000e-01   6.2500000e-01   0.0000000e+00
   6.1610077e-03   6.2096774e-01   6.2096774e-01   0.0000000e+00
   1.0131435e-02   6.1693548e-01   6.1693548e-01   0.0000000e+00
   1.5197152e-02   6.1290323e-01   6.1290323e-01   1.6666667e-01
   2.0536692e-02   6.1290323e-01   6.1290323e-01   1.6666667e-01
   2.2590361e-02   6.1290323e-01   6.1290323e-01   1.6666667e-01
   4.5865279e-02   5.9139785e-01   6.2365591e-01   1.6666667e-01
   9.7617744e-02   5.6989247e-01   6.3440860e-01   1.6666667e-01
   1.4937021e-01   5.5913978e-01   6.4516129e-01   1.6666667e-01
   1.7935378e-01   5.5913978e-01   6.5591398e-01   1.6666667e-01
   2.0098576e-01   5.4838710e-01   6.6666667e-01   1.6666667e-01
   2.4027930e-01   5.4838710e-01   9.8924731e-01   3.3333333e-01
   2.5999452e-01   5.3763441e-01   1.0000000e+00   3.3333333e-01
   2.7423330e-01   5.2688172e-01   1.0000000e+00   5.0000000e-01
   2.7190581e-01   5.2688172e-01   1.0000000e+00   5.0000000e-01
   2.6738773e-01   5.2688172e-01   1.0000000e+00   8.3333333e-01
   2.3891019e-01   5.2688172e-01   9.4623656e-01   5.0000000e-01
   2.0824206e-01   5.2688172e-01   9.0322581e-01   5.0000000e-01
   2.1234940e-01   5.2688172e-01   9.0322581e-01   5.0000000e-01
   2.5383352e-01   5.2688172e-01   8.9247312e-01   5.0000000e-01
   2.9079956e-01   5.2688172e-01   8.7096774e-01   5.0000000e-01
   3.6144578e-01   5.3763441e-01   8.6021505e-01   5.0000000e-01
   5.2094743e-01   5.3763441e-01   1.0000000e+00   8.3333333e-01
   7.3001095e-01   5.4838710e-01   1.0000000e+00   5.0000000e-01
   9.0457284e-01   5.5913978e-01   1.0000000e+00   1.6666667e-01
   9.7316539e-01   5.5913978e-01   1.0000000e+00   1.6666667e-01
   9.3770537e-01   5.6989247e-01   9.7849462e-01   1.6666667e-01
   8.3817087e-01   5.6989247e-01   9.7849462e-01   1.6666667e-01
   6.9578313e-01   5.8064516e-01   9.6774194e-01   1.6666667e-01
   5.2957284e-01   5.9139785e-01   9.3548387e-01   1.6666667e-01
   3.4296276e-01   6.9892473e-01   9.0322581e-01   1.6666667e-01
   1.8346112e-01   7.2043011e-01   8.3870968e-01   1.6666667e-01
   1.1226725e-01   7.2043011e-01   7.7419355e-01   1.6666667e-01
   8.8033954e-02   7.0967742e-01   7.6344086e-01   1.6666667e-01
   8.7623220e-02   7.0967742e-01   7.5268817e-01   1.6666667e-01
   9.4468784e-02   6.9892473e-01   7.4193548e-01   1.6666667e-01
   1.1733297e-01   6.8817204e-01   7.4193548e-01   1.6666667e-01
   1.3814348e-01   6.7741935e-01   7.4193548e-01   1.6666667e-01
   1.4608434e-01   6.7741935e-01   7.4193548e-01   1.6666667e-01
   1.4416758e-01   6.7741935e-01   7.4193548e-01   1.6666667e-01
   1.3430997e-01   6.7741935e-01   7.4193548e-01   1.6666667e-01
   1.1856517e-01   6.7741935e-01   7.4193548e-01   1.6666667e-01
   9.8439211e-02   6.7741935e-01   7.3118280e-01   1.6666667e-01
   8.8718510e-02   6.7741935e-01   7.3118280e-01   1.6666667e-01
   7.9271632e-02   6.7741935e-01   7.2043011e-01   1.6666667e-01
   7.5027382e-02   6.6666667e-01   7.2043011e-01   1.6666667e-01
   1.3280394e-01   6.1290323e-01   7.0967742e-01   3.3333333e-01
   2.4589266e-01   5.3763441e-01   6.9892473e-01   1.6666667e-01
   3.1462212e-01   5.2688172e-01   6.8817204e-01   1.6666667e-01
   3.3611720e-01   5.1612903e-01   6.8817204e-01   1.6666667e-01
   3.3105148e-01   5.1612903e-01   6.7741935e-01   1.6666667e-01
   3.1653888e-01   5.1612903e-01   6.7741935e-01   1.6666667e-01
   3.0120482e-01   5.1612903e-01   6.7741935e-01   1.6666667e-01
   2.9435926e-01   5.1612903e-01   6.6666667e-01   3.3333333e-01
   2.8573384e-01   5.1612903e-01   6.6666667e-01   3.3333333e-01
   2.7026287e-01   5.2688172e-01   6.7741935e-01   3.3333333e-01
   2.5109529e-01   5.2688172e-01   6.7741935e-01   1.6666667e-01
   2.2576670e-01   5.3763441e-01   6.7741935e-01   1.6666667e-01
   1.8811610e-01   5.3763441e-01   6.7741935e-01   1.6666667e-01
   1.4581051e-01   5.4838710e-01   6.7741935e-01   3.3333333e-01
   1.0076670e-01   5.5913978e-01   6.7741935e-01   3.3333333e-01
   7.0235487e-02   6.5591398e-01   6.7741935e-01   1.6666667e-01
   5.1067908e-02   6.5591398e-01   6.7741935e-01   1.6666667e-01
   5.5859803e-02   6.5591398e-01   6.7741935e-01   1.6666667e-01
   5.8598028e-02   6.5591398e-01   6.7741935e-01   1.6666667e-01
   5.9145674e-02   6.5591398e-01   6.7741935e-01   1.6666667e-01
   5.6681271e-02   6.5591398e-01   6.7741935e-01   1.6666667e-01
   5.3532311e-02   6.5591398e-01   6.7741935e-01   1.6666667e-01
   4.9288061e-02   6.5591398e-01   6.7741935e-01   1.6666667e-01
   4.9151150e-02   6.5591398e-01   6.7741935e-01   1.6666667e-01
   5.0246440e-02   6.4516129e-01   6.7741935e-01   1.6666667e-01
   5.0520263e-02   6.4516129e-01   6.7741935e-01   1.6666667e-01
   5.3395400e-02   6.4516129e-01   6.7741935e-01   1.6666667e-01
   5.2437021e-02   6.4516129e-01   6.7741935e-01   1.6666667e-01
   5.0794085e-02   6.4516129e-01   6.6666667e-01   1.6666667e-01
   4.8055860e-02   6.4516129e-01   6.6666667e-01   1.6666667e-01
   3.8198248e-02   6.4516129e-01   6.6666667e-01   1.6666667e-01
   2.7656079e-02   6.4516129e-01   6.5591398e-01   1.6666667e-01
   2.6286966e-02   6.3440860e-01   6.4516129e-01   1.6666667e-01
   3.1078861e-02   6.3440860e-01   6.4516129e-01   1.6666667e-01
   2.8751369e-02   6.2365591e-01   6.4516129e-01   1.6666667e-01
   2.4780942e-02   6.2365591e-01   6.4516129e-01   1.6666667e-01
   2.2453450e-02   6.3440860e-01   6.3440860e-01   1.6666667e-01
   1.0679080e-02   6.3440860e-01   6.3440860e-01   1.6666667e-01
   9.0361446e-03   6.1290323e-01   6.2365591e-01   0.0000000e+00
   5.3669222e-02   5.9139785e-01   6.1290323e-01   1.6666667e-01
   1.2582147e-01   5.6989247e-01   6.2365591e-01   1.6666667e-01
   1.8414567e-01   5.5913978e-01   6.3440860e-01   1.6666667e-01
   2.2521906e-01   5.5913978e-01   6.3440860e-01   1.6666667e-01
   2.5753012e-01   5.4838710e-01   6.4516129e-01   1.6666667e-01
   2.7902519e-01   5.4838710e-01   6.4516129e-01   1.6666667e-01
   2.8600767e-01   5.4838710e-01   6.5591398e-01   1.6666667e-01
   2.7012596e-01   5.3763441e-01   6.5591398e-01   1.6666667e-01
   2.5260131e-01   5.3763441e-01   6.5591398e-01   1.6666667e-01
   2.3398138e-01   5.3763441e-01   6.6666667e-01   1.6666667e-01
   2.0331325e-01   5.2688172e-01   6.6666667e-01   3.3333333e-01
   1.7469880e-01   5.2688172e-01   6.6666667e-01   3.3333333e-01
   1.6306134e-01   5.2688172e-01   6.6666667e-01   3.3333333e-01
   1.6155531e-01   5.2688172e-01   6.6666667e-01   3.3333333e-01
   1.5868018e-01   5.3763441e-01   6.6666667e-01   3.3333333e-01
   1.5347755e-01   5.3763441e-01   6.7741935e-01   3.3333333e-01
   1.4978094e-01   5.3763441e-01   6.7741935e-01   3.3333333e-01
   1.4964403e-01   5.3763441e-01   6.7741935e-01   3.3333333e-01
   1.4841183e-01   5.4838710e-01   6.6666667e-01   3.3333333e-01
   1.5758488e-01   5.4838710e-01   6.6666667e-01   3.3333333e-01
   1.6867470e-01   5.5913978e-01   6.6666667e-01   1.6666667e-01
   1.7059146e-01   5.5913978e-01   6.6666667e-01   1.6666667e-01
   1.6757941e-01   5.6989247e-01   6.5591398e-01   1.6666667e-01
   1.6703176e-01   5.6989247e-01   6.4516129e-01   1.6666667e-01
   2.8915663e-01   3.6559140e-01   6.3440860e-01   5.0000000e-01
   6.2814896e-01   2.6881720e-01   6.3440860e-01   3.3333333e-01
   8.7719058e-01   2.5806452e-01   6.2365591e-01   1.6666667e-01
   9.6618291e-01   2.4731183e-01   6.2365591e-01   1.6666667e-01
   9.9822015e-01   2.3655914e-01   6.1290323e-01   1.6666667e-01
   1.0000000e+00   2.3655914e-01   6.1290323e-01   1.6666667e-01
   9.7658817e-01   2.3655914e-01   6.1290323e-01   1.6666667e-01
   9.3441950e-01   2.3655914e-01   6.2365591e-01   1.6666667e-01
   8.6815444e-01   2.4731183e-01   6.2365591e-01   1.6666667e-01
   7.4123768e-01   2.5806452e-01   6.3440860e-01   1.6666667e-01
   5.7009858e-01   2.6881720e-01   6.3440860e-01   5.0000000e-01
   3.6486857e-01   4.5161290e-01   6.4516129e-01   1.6666667e-01
   2.4055312e-01   4.9462366e-01   6.4516129e-01   1.6666667e-01
   1.6114458e-01   5.9139785e-01   6.4516129e-01   1.6666667e-01
   1.0268346e-01   6.1290323e-01   6.5591398e-01   1.6666667e-01
   8.7212486e-02   6.2365591e-01   6.5591398e-01   1.6666667e-01
   7.6533406e-02   6.2365591e-01   6.5591398e-01   1.6666667e-01
   7.1467689e-02   6.3440860e-01   6.5591398e-01   1.6666667e-01
   6.5032859e-02   6.3440860e-01   6.5591398e-01   1.6666667e-01
   5.7092004e-02   6.3440860e-01   6.5591398e-01   1.6666667e-01
   5.5038335e-02   6.3440860e-01   6.5591398e-01   1.6666667e-01
   4.9561884e-02   6.3440860e-01   6.5591398e-01   1.6666667e-01
   4.3948521e-02   6.3440860e-01   6.5591398e-01   1.6666667e-01
   4.2031763e-02   6.3440860e-01   6.5591398e-01   1.6666667e-01
   4.4085433e-02   6.3440860e-01   6.5591398e-01   1.6666667e-01
   4.8055860e-02   6.3440860e-01   6.5591398e-01   1.6666667e-01
   4.8466594e-02   6.3440860e-01   6.5591398e-01   1.6666667e-01
   4.7918949e-02   6.2365591e-01   6.4516129e-01   1.6666667e-01
   4.2168675e-02   6.2365591e-01   6.4516129e-01   1.6666667e-01
   3.8198248e-02   6.2365591e-01   6.4516129e-01   1.6666667e-01
   4.2579409e-02   6.2365591e-01   6.3440860e-01   1.6666667e-01
   4.2442497e-02   6.1290323e-01   6.2365591e-01   1.6666667e-01
   3.9978094e-02   6.0215054e-01   6.1290323e-01   1.6666667e-01
   4.6276013e-02   6.0215054e-01   6.1290323e-01   1.6666667e-01
   5.2573932e-02   5.9139785e-01   6.1290323e-01   1.6666667e-01
   4.9424973e-02   5.9139785e-01   6.1290323e-01   1.6666667e-01
   4.2716320e-02   5.9139785e-01   6.0215054e-01   1.6666667e-01
   3.6144578e-02   6.0215054e-01   6.0215054e-01   1.6666667e-01
   2.7245345e-02   5.8870968e-01   5.8870968e-01   0.0000000e+00
   1.8893757e-02   5.7526882e-01   5.7526882e-01   0.0000000e+00
   2.2179628e-02   5.6182796e-01   5.6182796e-01   0.0000000e+00
   3.6966046e-02   5.4838710e-01   5.4838710e-01   1.6666667e-01
   3.5596933e-02   5.4838710e-01   5.4838710e-01   1.6666667e-01
