   1.6500000e+02
   3.4505531e-02   4.4067797e-01   4.7457627e-01   1.6666667e-01
   1.2233779e-01   4.2372881e-01   5.0847458e-01   1.6666667e-01
   2.2750537e-01   4.0677966e-01   5.4237288e-01   1.6666667e-01
   3.1005448e-01   3.8983051e-01   5.5932203e-01   1.6666667e-01
   3.6536239e-01   3.8983051e-01   5.9322034e-01   1.6666667e-01
   3.9904243e-01   3.8983051e-01   6.1016949e-01   1.6666667e-01
   3.9739145e-01   3.7288136e-01   6.2711864e-01   1.6666667e-01
   3.7097573e-01   3.7288136e-01   6.2711864e-01   1.6666667e-01
   3.3911177e-01   3.8983051e-01   6.2711864e-01   3.3333333e-01
   3.1434704e-01   3.8983051e-01   6.2711864e-01   3.3333333e-01
   3.0163447e-01   3.8983051e-01   6.2711864e-01   3.3333333e-01
   2.9585603e-01   4.0677966e-01   6.2711864e-01   1.6666667e-01
   2.7719993e-01   4.0677966e-01   6.4406780e-01   1.6666667e-01
   2.5375598e-01   4.2372881e-01   6.4406780e-01   1.6666667e-01
   2.0703318e-01   4.4067797e-01   6.4406780e-01   3.3333333e-01
   1.5271587e-01   4.5762712e-01   6.6101695e-01   5.0000000e-01
   1.0516757e-01   6.1016949e-01   6.6101695e-01   1.6666667e-01
   7.8091464e-02   6.1016949e-01   6.6101695e-01   1.6666667e-01
   8.1723626e-02   6.1016949e-01   6.6101695e-01   1.6666667e-01
   8.0567938e-02   6.1016949e-01   6.6101695e-01   1.6666667e-01
   7.7100875e-02   6.1016949e-01   6.6101695e-01   1.6666667e-01
   6.9176160e-02   6.1016949e-01   6.6101695e-01   1.6666667e-01
   6.1251445e-02   6.1016949e-01   6.6101695e-01   1.6666667e-01
   5.4812614e-02   6.1016949e-01   6.6101695e-01   1.6666667e-01
   5.4647515e-02   5.9322034e-01   6.6101695e-01   1.6666667e-01
   5.3987122e-02   5.9322034e-01   6.4406780e-01   1.6666667e-01
   5.0189863e-02   5.7627119e-01   6.2711864e-01   1.6666667e-01
   5.3491828e-02   5.5932203e-01   6.2711864e-01   1.6666667e-01
   5.7784382e-02   5.4237288e-01   6.1016949e-01   1.6666667e-01
   6.5213802e-02   5.4237288e-01   5.9322034e-01   1.6666667e-01
   6.4553409e-02   5.2542373e-01   5.9322034e-01   1.6666667e-01
   5.6298498e-02   5.2542373e-01   5.7627119e-01   1.6666667e-01
   4.4741621e-02   5.4237288e-01   5.7627119e-01   1.6666667e-01
   4.0944362e-02   5.4237288e-01   5.5932203e-01   1.6666667e-01
   6.3562820e-02   4.5762712e-01   4.7457627e-01   1.6666667e-01
   1.6031038e-01   2.7118644e-01   4.9152542e-01   3.3333333e-01
   4.1192009e-01   1.8644068e-01   5.0847458e-01   1.6666667e-01
   6.6782235e-01   1.6949153e-01   5.2542373e-01   1.6666667e-01
   8.0980684e-01   1.3559322e-01   5.4237288e-01   1.6666667e-01
   8.7766221e-01   1.1864407e-01   5.5932203e-01   1.6666667e-01
   8.7270926e-01   1.1864407e-01   5.5932203e-01   1.6666667e-01
   8.0666997e-01   1.1864407e-01   5.7627119e-01   1.6666667e-01
   7.0959221e-01   1.1864407e-01   5.7627119e-01   1.6666667e-01
   5.8560343e-01   1.3559322e-01   5.9322034e-01   1.6666667e-01
   4.3371306e-01   1.6949153e-01   5.9322034e-01   1.6666667e-01
   2.8281327e-01   2.3728814e-01   6.1016949e-01   3.3333333e-01
   1.3736173e-01   2.5423729e-01   6.1016949e-01   3.3333333e-01
   1.0549777e-01   2.5423729e-01   6.1016949e-01   3.3333333e-01
   8.0402840e-02   2.5423729e-01   6.1016949e-01   3.3333333e-01
   7.1487535e-02   2.7118644e-01   6.1016949e-01   3.3333333e-01
   6.7360079e-02   2.7118644e-01   6.1016949e-01   3.3333333e-01
   6.2407132e-02   2.7118644e-01   6.2711864e-01   3.3333333e-01
   6.6204392e-02   2.5423729e-01   6.2711864e-01   3.3333333e-01
   7.2808321e-02   2.5423729e-01   6.2711864e-01   3.3333333e-01
   8.0402840e-02   2.5423729e-01   6.1016949e-01   3.3333333e-01
   7.5119696e-02   2.5423729e-01   6.1016949e-01   3.3333333e-01
   6.1416543e-02   2.7118644e-01   6.1016949e-01   3.3333333e-01
   4.2760442e-02   5.7627119e-01   5.9322034e-01   1.6666667e-01
   1.5849430e-02   5.5932203e-01   5.7062147e-01   0.0000000e+00
   9.2455011e-03   5.4237288e-01   5.4802260e-01   0.0000000e+00
   9.0804028e-03   5.2542373e-01   5.2542373e-01   1.6666667e-01
   1.2712564e-02   5.2542373e-01   5.2542373e-01   1.6666667e-01
   1.7335315e-02   4.7457627e-01   4.8305085e-01   0.0000000e+00
   3.1368664e-02   4.2372881e-01   4.4067797e-01   1.6666667e-01
   9.9224038e-02   3.8983051e-01   4.5762712e-01   1.6666667e-01
   2.8561994e-01   2.3728814e-01   4.7457627e-01   1.6666667e-01
   5.1659237e-01   1.8644068e-01   4.9152542e-01   1.6666667e-01
   7.6093776e-01   1.1864407e-01   5.2542373e-01   1.6666667e-01
   9.3049364e-01   1.0169492e-01   5.5932203e-01   1.6666667e-01
   1.0000000e+00   8.4745763e-02   5.7627119e-01   1.6666667e-01
   9.9669804e-01   8.4745763e-02   5.9322034e-01   1.6666667e-01
   9.4370150e-01   1.0169492e-01   6.1016949e-01   1.6666667e-01
   8.4068020e-01   1.0169492e-01   6.1016949e-01   1.6666667e-01
   7.0579495e-01   1.0169492e-01   6.2711864e-01   1.6666667e-01
   5.4845633e-01   1.1864407e-01   6.2711864e-01   5.0000000e-01
   3.8946673e-01   1.3559322e-01   6.2711864e-01   3.3333333e-01
   2.4847284e-01   1.5254237e-01   6.4406780e-01   3.3333333e-01
   1.7219746e-01   2.0338983e-01   6.4406780e-01   3.3333333e-01
   1.1622916e-01   2.0338983e-01   6.4406780e-01   3.3333333e-01
   9.9719333e-02   2.0338983e-01   6.4406780e-01   3.3333333e-01
   9.4436190e-02   2.0338983e-01   6.4406780e-01   3.3333333e-01
   8.8327555e-02   2.0338983e-01   6.4406780e-01   3.3333333e-01
   8.8492653e-02   2.0338983e-01   6.4406780e-01   3.3333333e-01
   8.9318144e-02   2.0338983e-01   6.4406780e-01   3.3333333e-01
   8.7832260e-02   2.0338983e-01   6.4406780e-01   3.3333333e-01
   7.4624402e-02   2.0338983e-01   6.4406780e-01   3.3333333e-01
   7.0001651e-02   5.9322034e-01   6.4406780e-01   1.6666667e-01
   6.4883606e-02   5.9322034e-01   6.4406780e-01   1.6666667e-01
   5.6133399e-02   5.7627119e-01   6.4406780e-01   1.6666667e-01
   5.2996533e-02   5.7627119e-01   6.2711864e-01   1.6666667e-01
   5.4152221e-02   5.5932203e-01   6.2711864e-01   1.6666667e-01
   5.7619283e-02   5.5932203e-01   6.1016949e-01   1.6666667e-01
   6.7690276e-02   5.4237288e-01   6.1016949e-01   1.6666667e-01
   7.9907545e-02   5.4237288e-01   6.1016949e-01   1.6666667e-01
   8.2879313e-02   5.2542373e-01   5.9322034e-01   1.6666667e-01
   8.2218920e-02   5.2542373e-01   5.9322034e-01   1.6666667e-01
   8.1228331e-02   5.2542373e-01   5.9322034e-01   1.6666667e-01
   1.0912993e-01   5.0847458e-01   5.7627119e-01   1.6666667e-01
   2.7076110e-01   2.7118644e-01   5.7627119e-01   5.0000000e-01
   5.0123824e-01   2.5423729e-01   5.5932203e-01   1.6666667e-01
   6.8581806e-01   1.8644068e-01   5.5932203e-01   1.6666667e-01
   7.4096087e-01   1.5254237e-01   5.5932203e-01   1.6666667e-01
   8.2202410e-01   5.0847458e-02   5.5932203e-01   3.3333333e-01
   8.7006769e-01   3.3898305e-02   5.7627119e-01   1.6666667e-01
   8.6082219e-01   3.3898305e-02   5.7627119e-01   1.6666667e-01
   7.9098564e-01   1.6949153e-02   5.9322034e-01   1.6666667e-01
   6.8928512e-01   1.6949153e-02   6.1016949e-01   3.3333333e-01
   5.5984811e-01   1.6949153e-02   6.1016949e-01   3.3333333e-01
   4.6739310e-01   0.0000000e+00   6.2711864e-01   5.0000000e-01
   3.9904243e-01   0.0000000e+00   6.4406780e-01   5.0000000e-01
   3.4720158e-01   0.0000000e+00   6.4406780e-01   6.6666667e-01
   3.2705960e-01   1.6949153e-02   6.4406780e-01   6.6666667e-01
   3.7279181e-01   1.6949153e-02   6.6101695e-01   6.6666667e-01
   3.9194321e-01   1.6949153e-02   6.6101695e-01   5.0000000e-01
   4.0449067e-01   3.3898305e-02   6.6101695e-01   5.0000000e-01
   3.9739145e-01   5.0847458e-02   6.7796610e-01   5.0000000e-01
   3.5347532e-01   6.7796610e-02   6.7796610e-01   3.3333333e-01
   3.0790821e-01   8.4745763e-02   6.7796610e-01   3.3333333e-01
   2.3344890e-01   1.0169492e-01   6.7796610e-01   3.3333333e-01
   1.5535744e-01   6.2711864e-01   6.7796610e-01   1.6666667e-01
   6.8515767e-02   6.2711864e-01   6.7796610e-01   1.6666667e-01
   8.1558527e-02   6.2711864e-01   6.7796610e-01   1.6666667e-01
   8.4695394e-02   6.2711864e-01   6.7796610e-01   1.6666667e-01
   8.5685983e-02   6.1016949e-01   6.7796610e-01   1.6666667e-01
   7.9907545e-02   6.1016949e-01   6.7796610e-01   1.6666667e-01
   1.0582797e-01   6.1016949e-01   6.6101695e-01   1.6666667e-01
   2.0125475e-01   4.7457627e-01   6.6101695e-01   1.6666667e-01
   2.9585603e-01   4.5762712e-01   6.6101695e-01   1.6666667e-01
   3.4819217e-01   4.4067797e-01   6.4406780e-01   1.6666667e-01
   3.6684827e-01   4.2372881e-01   6.4406780e-01   1.6666667e-01
   3.7031534e-01   4.2372881e-01   6.4406780e-01   1.6666667e-01
   3.7658907e-01   4.0677966e-01   6.4406780e-01   1.6666667e-01
   3.6701337e-01   4.0677966e-01   6.4406780e-01   1.6666667e-01
   3.5165924e-01   4.2372881e-01   6.4406780e-01   1.6666667e-01
   3.2590391e-01   4.2372881e-01   6.4406780e-01   1.6666667e-01
   3.0130428e-01   4.2372881e-01   6.4406780e-01   1.6666667e-01
   2.6663365e-01   4.4067797e-01   6.6101695e-01   1.6666667e-01
   2.1825986e-01   4.5762712e-01   6.6101695e-01   3.3333333e-01
   1.5502724e-01   4.7457627e-01   6.6101695e-01   3.3333333e-01
   9.5096582e-02   5.0847458e-01   6.6101695e-01   3.3333333e-01
   6.2572230e-02   6.4406780e-01   6.7796610e-01   1.6666667e-01
   4.5402014e-02   6.4406780e-01   6.7796610e-01   1.6666667e-01
   4.4246327e-02   6.4406780e-01   6.7796610e-01   1.6666667e-01
   4.5567112e-02   6.4406780e-01   6.7796610e-01   1.6666667e-01
   4.4741621e-02   6.4406780e-01   6.7796610e-01   1.6666667e-01
   4.3090639e-02   6.4406780e-01   6.7796610e-01   1.6666667e-01
   4.0449067e-02   6.4406780e-01   6.7796610e-01   1.6666667e-01
   3.6816906e-02   6.4406780e-01   6.7796610e-01   1.6666667e-01
   3.4010236e-02   6.4406780e-01   6.7796610e-01   1.6666667e-01
   3.2524352e-02   6.4406780e-01   6.7796610e-01   1.6666667e-01
   3.7312201e-02   6.4406780e-01   6.7796610e-01   1.6666667e-01
   4.6887898e-02   6.4406780e-01   6.7796610e-01   1.6666667e-01
   5.0685158e-02   6.2711864e-01   6.7796610e-01   1.6666667e-01
   5.1345551e-02   6.2711864e-01   6.6101695e-01   1.6666667e-01
   4.4906719e-02   6.2711864e-01   6.6101695e-01   1.6666667e-01
   3.5826317e-02   6.2711864e-01   6.6101695e-01   1.6666667e-01
   3.0708271e-02   6.2711864e-01   6.4406780e-01   1.6666667e-01
   2.2288262e-02   6.2711864e-01   6.4406780e-01   0.0000000e+00
   8.2549117e-03   6.2711864e-01   6.4406780e-01   0.0000000e+00
   0.0000000e+00   6.2711864e-01   6.4406780e-01   0.0000000e+00
   1.3207859e-03   6.2711864e-01   6.4406780e-01   0.0000000e+00
   4.7878488e-03   6.2711864e-01   6.4406780e-01   0.0000000e+00
   1.4033350e-02   6.2711864e-01   6.4406780e-01   0.0000000e+00
   1.9976886e-02   6.2711864e-01   6.4406780e-01   0.0000000e+00
   1.7500413e-02   6.2711864e-01   6.4406780e-01   0.0000000e+00
