   1.3200000e+02
   4.4887235e-02   6.5384615e-01   6.5384615e-01   0.0000000e+00
   4.5544121e-02   6.5384615e-01   6.5384615e-01   0.0000000e+00
   4.4011386e-02   6.5384615e-01   6.5384615e-01   0.0000000e+00
   4.2697613e-02   6.5384615e-01   6.5384615e-01   0.0000000e+00
   4.4230348e-02   6.5384615e-01   6.5384615e-01   0.0000000e+00
   4.7733742e-02   6.5384615e-01   6.5384615e-01   1.6666667e-01
   5.0580250e-02   6.5384615e-01   6.5384615e-01   1.6666667e-01
   6.2404204e-02   6.5384615e-01   6.5384615e-01   1.6666667e-01
   6.1966280e-02   6.4102564e-01   6.5384615e-01   1.6666667e-01
   5.9776659e-02   6.5384615e-01   6.5384615e-01   1.6666667e-01
   5.8243924e-02   6.5384615e-01   6.5384615e-01   1.6666667e-01
   5.8681848e-02   6.5384615e-01   6.5384615e-01   1.6666667e-01
   6.1966280e-02   6.4102564e-01   6.5384615e-01   1.6666667e-01
   6.3936939e-02   6.4102564e-01   6.5384615e-01   1.6666667e-01
   6.3061090e-02   6.4102564e-01   6.5384615e-01   1.6666667e-01
   6.0652507e-02   6.5384615e-01   6.5384615e-01   1.6666667e-01
   5.8900810e-02   6.5384615e-01   6.5384615e-01   1.6666667e-01
   6.0871469e-02   6.5384615e-01   6.6666667e-01   1.6666667e-01
   6.4593825e-02   6.5384615e-01   6.6666667e-01   1.6666667e-01
   6.7002409e-02   6.5384615e-01   6.6666667e-01   1.6666667e-01
   6.7878257e-02   6.5384615e-01   6.6666667e-01   1.6666667e-01
   7.0286840e-02   6.4102564e-01   6.6666667e-01   1.6666667e-01
   8.2329757e-02   6.4102564e-01   6.6666667e-01   1.6666667e-01
   8.0140136e-02   6.4102564e-01   6.6666667e-01   1.6666667e-01
   7.6855704e-02   6.4102564e-01   6.6666667e-01   1.6666667e-01
   7.4009196e-02   6.5384615e-01   6.6666667e-01   1.6666667e-01
   7.0943727e-02   6.5384615e-01   6.6666667e-01   1.6666667e-01
   6.7659295e-02   6.5384615e-01   6.6666667e-01   1.6666667e-01
   6.2842128e-02   6.5384615e-01   6.6666667e-01   1.6666667e-01
   4.9266477e-02   6.5384615e-01   6.6666667e-01   1.6666667e-01
   1.0356908e-01   6.5384615e-01   6.6666667e-01   1.6666667e-01
   3.2231224e-01   6.5384615e-01   9.1025641e-01   3.3333333e-01
   5.4631049e-01   6.5384615e-01   9.2307692e-01   3.3333333e-01
   7.1556821e-01   6.4102564e-01   9.3589744e-01   3.3333333e-01
   8.6533830e-01   6.4102564e-01   9.4871795e-01   3.3333333e-01
   9.6014889e-01   6.4102564e-01   9.4871795e-01   1.6666667e-01
   1.0000000e+00   6.2820513e-01   9.6153846e-01   1.6666667e-01
   9.6496606e-01   6.1538462e-01   9.6153846e-01   1.6666667e-01
   9.0015327e-01   6.1538462e-01   9.6153846e-01   1.6666667e-01
   8.0096343e-01   6.1538462e-01   9.6153846e-01   3.3333333e-01
   6.5951390e-01   6.1538462e-01   9.7435897e-01   3.3333333e-01
   4.9003722e-01   6.1538462e-01   9.7435897e-01   3.3333333e-01
   3.4355157e-01   6.2820513e-01   9.7435897e-01   3.3333333e-01
   2.4304795e-01   6.2820513e-01   9.7435897e-01   3.3333333e-01
   1.7779724e-01   6.4102564e-01   9.6153846e-01   3.3333333e-01
   1.6203197e-01   6.4102564e-01   9.6153846e-01   3.3333333e-01
   1.6071820e-01   6.4102564e-01   9.6153846e-01   3.3333333e-01
   1.5414933e-01   6.5384615e-01   9.6153846e-01   3.3333333e-01
   1.5436829e-01   6.5384615e-01   9.6153846e-01   3.3333333e-01
   1.5042698e-01   6.5384615e-01   9.6153846e-01   3.3333333e-01
   1.4298226e-01   6.5384615e-01   9.4871795e-01   3.3333333e-01
   1.3444274e-01   6.5384615e-01   9.4871795e-01   3.3333333e-01
   1.1823954e-01   6.5384615e-01   9.4871795e-01   3.3333333e-01
   1.1999124e-01   6.5384615e-01   9.3589744e-01   3.3333333e-01
   1.1232757e-01   6.6666667e-01   9.3589744e-01   3.3333333e-01
   1.1101379e-01   6.6666667e-01   9.2307692e-01   3.3333333e-01
   1.2656011e-01   6.6666667e-01   9.1025641e-01   3.3333333e-01
   1.5546310e-01   6.6666667e-01   9.1025641e-01   3.3333333e-01
   1.9181082e-01   6.6666667e-01   9.1025641e-01   3.3333333e-01
   2.5968907e-01   6.6666667e-01   9.1025641e-01   3.3333333e-01
   3.0348150e-01   6.6666667e-01   9.2307692e-01   3.3333333e-01
   3.3479308e-01   8.4615385e-01   9.3589744e-01   1.6666667e-01
   3.4333260e-01   8.4615385e-01   9.4871795e-01   1.6666667e-01
   3.1771404e-01   8.4615385e-01   9.6153846e-01   1.6666667e-01
   2.9253339e-01   8.5897436e-01   9.6153846e-01   1.6666667e-01
   2.6165973e-01   8.5897436e-01   9.7435897e-01   1.6666667e-01
   2.1020363e-01   8.8461538e-01   9.7435897e-01   1.6666667e-01
   1.7473177e-01   9.3589744e-01   9.7435897e-01   1.6666667e-01
   1.2568426e-01   9.4871795e-01   9.8717949e-01   1.6666667e-01
   1.2502737e-01   9.4871795e-01   9.8717949e-01   1.6666667e-01
   1.2042917e-01   9.4871795e-01   9.8717949e-01   1.6666667e-01
   1.3093935e-01   9.3589744e-01   9.8717949e-01   1.6666667e-01
   1.5568207e-01   9.2307692e-01   9.8717949e-01   1.6666667e-01
   1.8130063e-01   9.2307692e-01   9.8717949e-01   1.6666667e-01
   2.4764616e-01   8.7179487e-01   9.8717949e-01   1.6666667e-01
   3.1968469e-01   8.5897436e-01   9.8717949e-01   1.6666667e-01
   3.5778410e-01   8.4615385e-01   9.7435897e-01   1.6666667e-01
   3.5099628e-01   8.4615385e-01   9.6153846e-01   1.6666667e-01
   3.3895336e-01   8.5897436e-01   9.6153846e-01   1.6666667e-01
   3.1311583e-01   8.5897436e-01   9.4871795e-01   1.6666667e-01
   2.8946792e-01   8.5897436e-01   9.4871795e-01   1.6666667e-01
   2.8903000e-01   8.7179487e-01   9.4871795e-01   1.6666667e-01
   2.5728049e-01   8.8461538e-01   9.6153846e-01   1.6666667e-01
   2.1326910e-01   8.9743590e-01   9.6153846e-01   1.6666667e-01
   1.8414714e-01   8.9743590e-01   9.7435897e-01   1.6666667e-01
   1.4758047e-01   9.2307692e-01   9.7435897e-01   1.6666667e-01
   1.2743595e-01   9.3589744e-01   9.8717949e-01   1.6666667e-01
   1.1188964e-01   9.4871795e-01   9.8717949e-01   1.6666667e-01
   1.0400701e-01   9.6153846e-01   9.8717949e-01   1.6666667e-01
   1.5502518e-01   8.4615385e-01   1.0000000e+00   3.3333333e-01
   2.3691701e-01   8.4615385e-01   1.0000000e+00   3.3333333e-01
   3.3632582e-01   8.4615385e-01   1.0000000e+00   3.3333333e-01
   3.7486315e-01   8.4615385e-01   1.0000000e+00   1.6666667e-01
   3.5428071e-01   8.4615385e-01   1.0000000e+00   1.6666667e-01
   3.2121743e-01   8.5897436e-01   1.0000000e+00   1.6666667e-01
   2.6647690e-01   8.5897436e-01   9.8717949e-01   1.6666667e-01
   2.0494854e-01   8.7179487e-01   9.8717949e-01   3.3333333e-01
   1.2831180e-01   9.4871795e-01   9.6153846e-01   1.6666667e-01
   4.0945916e-02   9.4280079e-01   9.5660750e-01   0.0000000e+00
   8.7584848e-03   9.3688363e-01   9.5167653e-01   0.0000000e+00
   0.0000000e+00   9.3096647e-01   9.4674556e-01   0.0000000e+00
   2.1896212e-04   9.2504931e-01   9.4181460e-01   0.0000000e+00
   2.1896212e-04   9.1913215e-01   9.3688363e-01   0.0000000e+00
   2.1896212e-04   9.1321499e-01   9.3195266e-01   0.0000000e+00
   2.1896212e-04   9.0729783e-01   9.2702170e-01   0.0000000e+00
   2.1896212e-04   9.0138067e-01   9.2209073e-01   0.0000000e+00
   2.1896212e-04   8.9546351e-01   9.1715976e-01   0.0000000e+00
   1.0948106e-03   8.8954635e-01   9.1222880e-01   0.0000000e+00
   2.1896212e-03   8.8362919e-01   9.0729783e-01   0.0000000e+00
   1.4451500e-02   8.7771203e-01   9.0236686e-01   0.0000000e+00
   5.8462886e-02   8.7179487e-01   8.9743590e-01   1.6666667e-01
   1.4188745e-01   8.5897436e-01   8.9743590e-01   1.6666667e-01
   2.7720604e-01   8.3333333e-01   9.1025641e-01   1.6666667e-01
   4.0376615e-01   8.2051282e-01   9.2307692e-01   1.6666667e-01
   4.7843223e-01   8.2051282e-01   9.3589744e-01   1.6666667e-01
   5.1149551e-01   8.0769231e-01   9.4871795e-01   1.6666667e-01
   5.2988833e-01   8.2051282e-01   9.6153846e-01   1.6666667e-01
   4.9726297e-01   8.2051282e-01   9.6153846e-01   1.6666667e-01
   4.3682943e-01   8.2051282e-01   9.7435897e-01   1.6666667e-01
   3.9500766e-01   8.2051282e-01   9.7435897e-01   1.6666667e-01
   3.4727392e-01   8.3333333e-01   9.8717949e-01   1.6666667e-01
   3.0063499e-01   8.3333333e-01   9.8717949e-01   3.3333333e-01
   2.6647690e-01   8.4615385e-01   9.8717949e-01   3.3333333e-01
   2.6078388e-01   8.4615385e-01   9.8717949e-01   3.3333333e-01
   2.6800963e-01   8.5897436e-01   1.0000000e+00   3.3333333e-01
   2.6582001e-01   8.7179487e-01   1.0000000e+00   3.3333333e-01
   2.5903219e-01   8.7179487e-01   1.0000000e+00   3.3333333e-01
   2.4414276e-01   8.8461538e-01   1.0000000e+00   1.6666667e-01
   2.0779505e-01   8.9743590e-01   9.8717949e-01   1.6666667e-01
   1.5152179e-01   9.1025641e-01   9.7435897e-01   1.6666667e-01
   9.5467484e-02   9.3589744e-01   9.3589744e-01   1.6666667e-01
   3.0435735e-02   9.3589744e-01   9.3589744e-01   0.0000000e+00
