   2.6400000e+02
   3.2244072e-02   4.2424242e-01   4.8484848e-01   0.0000000e+00
   1.0670908e-01   4.2424242e-01   4.8484848e-01   1.6666667e-01
   2.7501446e-01   3.9393939e-01   5.7575758e-01   3.3333333e-01
   4.9508386e-01   3.7878788e-01   6.6666667e-01   1.6666667e-01
   6.8941585e-01   2.7272727e-01   6.8181818e-01   1.6666667e-01
   8.0248699e-01   2.5757576e-01   6.9696970e-01   1.6666667e-01
   8.4962406e-01   2.5757576e-01   6.9696970e-01   1.6666667e-01
   8.6249277e-01   2.5757576e-01   6.9696970e-01   1.6666667e-01
   8.5844419e-01   2.5757576e-01   7.1212121e-01   1.6666667e-01
   8.2562175e-01   2.7272727e-01   7.1212121e-01   1.6666667e-01
   7.3568537e-01   2.7272727e-01   7.1212121e-01   1.6666667e-01
   5.8805668e-01   2.8787879e-01   7.1212121e-01   1.6666667e-01
   4.5546559e-01   3.0303030e-01   7.2727273e-01   1.6666667e-01
   3.4890110e-01   3.3333333e-01   7.2727273e-01   1.6666667e-01
   2.4378253e-01   5.3030303e-01   7.1212121e-01   1.6666667e-01
   1.5413534e-01   5.0000000e-01   6.7272727e-01   0.0000000e+00
   7.7212261e-02   4.6969697e-01   6.3333333e-01   0.0000000e+00
   1.7495662e-02   4.3939394e-01   5.9393939e-01   0.0000000e+00
   4.7570850e-02   4.0909091e-01   5.5454545e-01   0.0000000e+00
   1.4083285e-01   3.7878788e-01   5.1515152e-01   1.6666667e-01
   2.8455755e-01   3.6363636e-01   5.3030303e-01   1.6666667e-01
   4.0254482e-01   3.3333333e-01   5.4545455e-01   1.6666667e-01
   4.8149219e-01   3.1818182e-01   5.7575758e-01   1.6666667e-01
   5.5060729e-01   3.0303030e-01   6.0606061e-01   1.6666667e-01
   6.0829960e-01   2.8787879e-01   6.0606061e-01   1.6666667e-01
   6.5109890e-01   2.8787879e-01   6.2121212e-01   1.6666667e-01
   6.5803933e-01   2.7272727e-01   6.3636364e-01   1.6666667e-01
   6.2463852e-01   2.7272727e-01   6.5151515e-01   1.6666667e-01
   5.6680162e-01   2.7272727e-01   6.5151515e-01   1.6666667e-01
   5.0072296e-01   2.7272727e-01   6.5151515e-01   1.6666667e-01
   4.3204164e-01   2.7272727e-01   6.6666667e-01   3.3333333e-01
   3.6625217e-01   2.7272727e-01   6.6666667e-01   3.3333333e-01
   3.2041643e-01   2.8787879e-01   6.6666667e-01   3.3333333e-01
   2.7573742e-01   2.8787879e-01   6.6666667e-01   3.3333333e-01
   2.6995373e-01   2.8787879e-01   6.6666667e-01   3.3333333e-01
   2.9381145e-01   3.0303030e-01   6.8181818e-01   3.3333333e-01
   3.3935801e-01   3.0303030e-01   6.8181818e-01   3.3333333e-01
   4.0934066e-01   3.0303030e-01   6.8181818e-01   3.3333333e-01
   4.8539618e-01   3.1818182e-01   6.6666667e-01   3.3333333e-01
   5.2935223e-01   3.3333333e-01   6.6666667e-01   1.6666667e-01
   5.3021978e-01   3.3333333e-01   6.5151515e-01   1.6666667e-01
   4.9508386e-01   3.4848485e-01   6.3636364e-01   1.6666667e-01
   4.3912666e-01   3.7878788e-01   6.3636364e-01   1.6666667e-01
   3.5613071e-01   3.9393939e-01   6.3636364e-01   1.6666667e-01
   2.7472527e-01   4.0909091e-01   6.2121212e-01   1.6666667e-01
   2.1385194e-01   4.3939394e-01   6.2121212e-01   1.6666667e-01
   1.5558126e-01   4.5454545e-01   6.0606061e-01   1.6666667e-01
   1.0511857e-01   5.1515152e-01   5.7575758e-01   1.6666667e-01
   6.2319260e-02   5.2380952e-01   5.8116883e-01   0.0000000e+00
   2.5882013e-02   5.3246753e-01   5.8658009e-01   0.0000000e+00
   1.0121457e-03   5.4112554e-01   5.9199134e-01   0.0000000e+00
   2.0242915e-03   5.4978355e-01   5.9740260e-01   0.0000000e+00
   2.0242915e-03   5.5844156e-01   6.0281385e-01   0.0000000e+00
   2.0242915e-03   5.6709957e-01   6.0822511e-01   0.0000000e+00
   2.0242915e-03   5.7575758e-01   6.1363636e-01   0.0000000e+00
   2.0242915e-03   5.8441558e-01   6.1904762e-01   0.0000000e+00
   2.0242915e-03   5.9307359e-01   6.2445887e-01   0.0000000e+00
   2.0242915e-03   6.0173160e-01   6.2987013e-01   0.0000000e+00
   2.0242915e-03   6.1038961e-01   6.3528139e-01   0.0000000e+00
   2.3134760e-03   6.1904762e-01   6.4069264e-01   0.0000000e+00
   7.2296125e-03   6.2770563e-01   6.4610390e-01   0.0000000e+00
   2.6315789e-02   6.3636364e-01   6.5151515e-01   1.6666667e-01
   4.8004627e-02   6.3636364e-01   6.5151515e-01   1.6666667e-01
   5.9716599e-02   6.3636364e-01   6.6666667e-01   1.6666667e-01
   6.1307114e-02   6.3636364e-01   6.6666667e-01   1.6666667e-01
   5.5523424e-02   6.3636364e-01   6.6666667e-01   1.6666667e-01
   4.6414112e-02   6.5151515e-01   6.8181818e-01   1.6666667e-01
   4.0196645e-02   6.6666667e-01   6.8181818e-01   1.6666667e-01
   2.6460382e-02   6.6610550e-01   6.8069585e-01   0.0000000e+00
   1.4893002e-02   6.6554433e-01   6.7957351e-01   0.0000000e+00
   4.7715442e-03   6.6498316e-01   6.7845118e-01   0.0000000e+00
   1.8796992e-03   6.6442200e-01   6.7732884e-01   0.0000000e+00
   2.0242915e-03   6.6386083e-01   6.7620651e-01   0.0000000e+00
   2.0242915e-03   6.6329966e-01   6.7508418e-01   0.0000000e+00
   2.0242915e-03   6.6273850e-01   6.7396184e-01   0.0000000e+00
   2.0242915e-03   6.6217733e-01   6.7283951e-01   0.0000000e+00
   2.0242915e-03   6.6161616e-01   6.7171717e-01   0.0000000e+00
   2.0242915e-03   6.6105499e-01   6.7059484e-01   0.0000000e+00
   2.0242915e-03   6.6049383e-01   6.6947250e-01   0.0000000e+00
   2.0242915e-03   6.5993266e-01   6.6835017e-01   0.0000000e+00
   2.0242915e-03   6.5937149e-01   6.6722783e-01   0.0000000e+00
   2.0242915e-03   6.5881033e-01   6.6610550e-01   0.0000000e+00
   2.0242915e-03   6.5824916e-01   6.6498316e-01   0.0000000e+00
   2.0242915e-03   6.5768799e-01   6.6386083e-01   0.0000000e+00
   2.0242915e-03   6.5712682e-01   6.6273850e-01   0.0000000e+00
   2.0242915e-03   6.5656566e-01   6.6161616e-01   0.0000000e+00
   2.0242915e-03   6.5600449e-01   6.6049383e-01   0.0000000e+00
   2.0242915e-03   6.5544332e-01   6.5937149e-01   0.0000000e+00
   2.0242915e-03   6.5488215e-01   6.5824916e-01   0.0000000e+00
   2.0242915e-03   6.5432099e-01   6.5712682e-01   0.0000000e+00
   2.0242915e-03   6.5375982e-01   6.5600449e-01   0.0000000e+00
   2.8918450e-03   6.5319865e-01   6.5488215e-01   0.0000000e+00
   1.4314633e-02   6.5263749e-01   6.5375982e-01   0.0000000e+00
   3.2967033e-02   6.5207632e-01   6.5263749e-01   0.0000000e+00
   6.1162522e-02   6.5151515e-01   6.5151515e-01   1.6666667e-01
   9.1671486e-02   5.8333333e-01   6.0606061e-01   0.0000000e+00
   1.2362637e-01   5.1515152e-01   5.6060606e-01   1.6666667e-01
   1.9028340e-01   4.2424242e-01   5.6060606e-01   1.6666667e-01
   2.9207634e-01   3.1818182e-01   5.6060606e-01   1.6666667e-01
   3.8909774e-01   3.0303030e-01   5.6060606e-01   1.6666667e-01
   4.4693464e-01   3.0303030e-01   5.6060606e-01   1.6666667e-01
   4.7917872e-01   2.8787879e-01   5.7575758e-01   1.6666667e-01
   4.9262580e-01   2.8787879e-01   6.0606061e-01   1.6666667e-01
   5.0260266e-01   2.8787879e-01   6.3636364e-01   1.6666667e-01
   5.5320995e-01   3.0303030e-01   6.9696970e-01   1.6666667e-01
   6.4603817e-01   3.1818182e-01   8.3333333e-01   1.6666667e-01
   6.9577791e-01   3.1818182e-01   8.4848485e-01   3.3333333e-01
   6.8074031e-01   5.1515152e-01   8.4848485e-01   1.6666667e-01
   6.0902256e-01   5.3030303e-01   8.6363636e-01   1.6666667e-01
   5.4988433e-01   5.4545455e-01   8.6363636e-01   1.6666667e-01
   4.7484095e-01   5.7575758e-01   8.6363636e-01   1.6666667e-01
   3.7420474e-01   5.9090909e-01   8.6363636e-01   1.6666667e-01
   2.8788317e-01   6.0606061e-01   8.6363636e-01   1.6666667e-01
   2.1876807e-01   6.5151515e-01   8.4848485e-01   1.6666667e-01
   1.5297860e-01   6.8181818e-01   8.1818182e-01   1.6666667e-01
   1.5615963e-01   4.2424242e-01   7.7272727e-01   3.3333333e-01
   1.9346443e-01   3.9393939e-01   5.1515152e-01   1.6666667e-01
   2.2917872e-01   3.7878788e-01   5.1515152e-01   1.6666667e-01
   2.3843262e-01   3.7878788e-01   5.3030303e-01   1.6666667e-01
   2.2715442e-01   3.7878788e-01   5.3030303e-01   1.6666667e-01
   2.0488722e-01   3.6363636e-01   5.3030303e-01   1.6666667e-01
   1.9201851e-01   3.6363636e-01   5.3030303e-01   1.6666667e-01
   1.7032967e-01   3.6363636e-01   5.3030303e-01   1.6666667e-01
   1.4300174e-01   3.6363636e-01   5.1515152e-01   3.3333333e-01
   1.1480625e-01   3.7878788e-01   4.0909091e-01   1.6666667e-01
   9.0803933e-02   3.7878788e-01   4.2424242e-01   1.6666667e-01
   7.0705610e-02   3.9393939e-01   4.2424242e-01   1.6666667e-01
   6.8102950e-02   3.9393939e-01   4.2424242e-01   1.6666667e-01
   6.0728745e-02   3.9393939e-01   4.3939394e-01   1.6666667e-01
   5.9427415e-02   4.0909091e-01   4.3939394e-01   1.6666667e-01
   5.3065356e-02   4.0909091e-01   4.3939394e-01   1.6666667e-01
   5.3354540e-02   4.2424242e-01   4.5454545e-01   1.6666667e-01
   5.4222094e-02   4.2424242e-01   4.5454545e-01   1.6666667e-01
   6.2174667e-02   4.2424242e-01   4.5454545e-01   1.6666667e-01
   7.4898785e-02   4.2424242e-01   4.5454545e-01   1.6666667e-01
   9.6153846e-02   4.2424242e-01   4.6969697e-01   1.6666667e-01
   1.5485830e-01   4.0909091e-01   4.8484848e-01   1.6666667e-01
   3.3820127e-01   4.0909091e-01   8.4848485e-01   3.3333333e-01
   6.4733950e-01   3.7878788e-01   8.6363636e-01   1.6666667e-01
   8.9864083e-01   3.6363636e-01   8.7878788e-01   1.6666667e-01
   9.9334876e-01   3.6363636e-01   8.7878788e-01   1.6666667e-01
   1.0000000e+00   3.6363636e-01   8.9393939e-01   1.6666667e-01
   9.5112782e-01   3.6363636e-01   8.9393939e-01   1.6666667e-01
   8.6972238e-01   3.6363636e-01   8.9393939e-01   1.6666667e-01
   7.9063042e-01   3.7878788e-01   8.9393939e-01   1.6666667e-01
   6.8580104e-01   3.9393939e-01   9.0909091e-01   1.6666667e-01
   5.4193175e-01   4.0909091e-01   9.0909091e-01   3.3333333e-01
   3.9517062e-01   6.0606061e-01   9.0909091e-01   1.6666667e-01
   2.6749566e-01   6.5151515e-01   8.7878788e-01   1.6666667e-01
   1.7192019e-01   6.8181818e-01   8.4848485e-01   1.6666667e-01
   9.8901099e-02   6.8939394e-01   8.4764310e-01   0.0000000e+00
   4.7860035e-02   6.9696970e-01   8.4680135e-01   0.0000000e+00
   5.0607287e-03   7.0454545e-01   8.4595960e-01   0.0000000e+00
   1.5905147e-03   7.1212121e-01   8.4511785e-01   0.0000000e+00
   2.0242915e-03   7.1969697e-01   8.4427609e-01   0.0000000e+00
   2.0242915e-03   7.2727273e-01   8.4343434e-01   0.0000000e+00
   2.0242915e-03   7.3484848e-01   8.4259259e-01   0.0000000e+00
   2.0242915e-03   7.4242424e-01   8.4175084e-01   0.0000000e+00
   2.0242915e-03   7.5000000e-01   8.4090909e-01   0.0000000e+00
   2.0242915e-03   7.5757576e-01   8.4006734e-01   0.0000000e+00
   2.0242915e-03   7.6515152e-01   8.3922559e-01   0.0000000e+00
   2.0242915e-03   7.7272727e-01   8.3838384e-01   0.0000000e+00
   2.0242915e-03   7.8030303e-01   8.3754209e-01   0.0000000e+00
   2.0242915e-03   7.8787879e-01   8.3670034e-01   0.0000000e+00
   2.0242915e-03   7.9545455e-01   8.3585859e-01   0.0000000e+00
   1.5905147e-03   8.0303030e-01   8.3501684e-01   0.0000000e+00
   5.6390977e-03   8.1060606e-01   8.3417508e-01   0.0000000e+00
   3.9473684e-02   8.1818182e-01   8.3333333e-01   1.6666667e-01
   8.9502603e-02   8.0303030e-01   8.4848485e-01   1.6666667e-01
   1.4314633e-01   8.0303030e-01   8.6363636e-01   1.6666667e-01
   1.9895894e-01   4.8484848e-01   8.7878788e-01   3.3333333e-01
   2.8875072e-01   4.0909091e-01   8.7878788e-01   5.0000000e-01
   3.7015616e-01   3.6363636e-01   8.9393939e-01   5.0000000e-01
   4.2596877e-01   3.4848485e-01   8.9393939e-01   3.3333333e-01
   4.3146327e-01   3.4848485e-01   9.0909091e-01   3.3333333e-01
   4.1570272e-01   3.4848485e-01   9.0909091e-01   5.0000000e-01
   3.9025448e-01   3.4848485e-01   9.2424242e-01   5.0000000e-01
   3.7261423e-01   3.6363636e-01   9.2424242e-01   5.0000000e-01
   3.4991324e-01   3.6363636e-01   9.2424242e-01   5.0000000e-01
   3.3285136e-01   3.6363636e-01   9.3939394e-01   5.0000000e-01
   3.3718913e-01   3.6363636e-01   9.3939394e-01   5.0000000e-01
   3.4702140e-01   3.6363636e-01   9.3939394e-01   5.0000000e-01
   3.6379410e-01   3.7878788e-01   9.3939394e-01   5.0000000e-01
   3.8635049e-01   3.7878788e-01   9.3939394e-01   5.0000000e-01
   4.2972817e-01   3.7878788e-01   9.3939394e-01   5.0000000e-01
   4.9262580e-01   5.9090909e-01   9.3939394e-01   1.6666667e-01
   5.3455755e-01   6.0606061e-01   9.3939394e-01   1.6666667e-01
   5.2891845e-01   6.0606061e-01   9.2424242e-01   1.6666667e-01
   4.8973395e-01   6.2121212e-01   9.0909091e-01   1.6666667e-01
   4.4042799e-01   6.3636364e-01   9.0909091e-01   1.6666667e-01
   3.7102371e-01   6.5151515e-01   8.9393939e-01   1.6666667e-01
   2.8484673e-01   6.8181818e-01   8.7878788e-01   1.6666667e-01
   2.1573164e-01   6.9696970e-01   8.6363636e-01   1.6666667e-01
   1.5876229e-01   7.1212121e-01   8.4848485e-01   1.6666667e-01
   1.0439560e-01   7.4242424e-01   8.3333333e-01   1.6666667e-01
   6.0150376e-02   7.3011364e-01   8.1628788e-01   0.0000000e+00
   2.6171197e-02   7.1780303e-01   7.9924242e-01   0.0000000e+00
   0.0000000e+00   7.0549242e-01   7.8219697e-01   0.0000000e+00
   2.0242915e-03   6.9318182e-01   7.6515152e-01   0.0000000e+00
   2.0242915e-03   6.8087121e-01   7.4810606e-01   0.0000000e+00
   2.0242915e-03   6.6856061e-01   7.3106061e-01   0.0000000e+00
   2.0242915e-03   6.5625000e-01   7.1401515e-01   0.0000000e+00
   2.0242915e-03   6.4393939e-01   6.9696970e-01   0.0000000e+00
   2.0242915e-03   6.3162879e-01   6.7992424e-01   0.0000000e+00
   2.0242915e-03   6.1931818e-01   6.6287879e-01   0.0000000e+00
   2.0242915e-03   6.0700758e-01   6.4583333e-01   0.0000000e+00
   2.0242915e-03   5.9469697e-01   6.2878788e-01   0.0000000e+00
   2.0242915e-03   5.8238636e-01   6.1174242e-01   0.0000000e+00
   2.6026605e-03   5.7007576e-01   5.9469697e-01   0.0000000e+00
   1.2868710e-02   5.5776515e-01   5.7765152e-01   0.0000000e+00
   4.6124928e-02   5.4545455e-01   5.6060606e-01   1.6666667e-01
   1.3432620e-01   4.8484848e-01   5.7575758e-01   1.6666667e-01
   2.4031232e-01   3.7878788e-01   5.7575758e-01   1.6666667e-01
   3.2576634e-01   3.6363636e-01   5.7575758e-01   1.6666667e-01
   3.7102371e-01   3.3333333e-01   5.7575758e-01   1.6666667e-01
   4.0153268e-01   3.3333333e-01   9.0909091e-01   3.3333333e-01
   4.2886061e-01   3.3333333e-01   9.2424242e-01   3.3333333e-01
   4.4765761e-01   3.3333333e-01   9.3939394e-01   3.3333333e-01
   4.4331984e-01   3.3333333e-01   9.3939394e-01   3.3333333e-01
   4.2466744e-01   3.3333333e-01   9.5454545e-01   5.0000000e-01
   4.0890688e-01   3.3333333e-01   9.6969697e-01   5.0000000e-01
   3.8996530e-01   3.4848485e-01   9.6969697e-01   5.0000000e-01
   3.6263736e-01   3.4848485e-01   9.6969697e-01   5.0000000e-01
   3.3921342e-01   3.4848485e-01   9.8484848e-01   5.0000000e-01
   3.1680162e-01   3.4848485e-01   9.8484848e-01   5.0000000e-01
   3.0436669e-01   3.4848485e-01   9.8484848e-01   5.0000000e-01
   2.9106420e-01   3.6363636e-01   9.8484848e-01   5.0000000e-01
   2.8484673e-01   5.9090909e-01   1.0000000e+00   3.3333333e-01
   2.7819549e-01   5.9090909e-01   1.0000000e+00   3.3333333e-01
   2.7385772e-01   6.0606061e-01   1.0000000e+00   3.3333333e-01
   2.7443609e-01   6.2121212e-01   9.8484848e-01   3.3333333e-01
   3.1550029e-01   6.2121212e-01   9.8484848e-01   3.3333333e-01
   4.0109890e-01   6.3636364e-01   9.8484848e-01   3.3333333e-01
   4.7874494e-01   6.5151515e-01   9.8484848e-01   1.6666667e-01
   5.1388086e-01   6.6666667e-01   9.8484848e-01   1.6666667e-01
   4.9465009e-01   6.8181818e-01   9.8484848e-01   1.6666667e-01
   4.5112782e-01   6.9696970e-01   9.6969697e-01   1.6666667e-01
   3.9358010e-01   7.1212121e-01   9.6969697e-01   1.6666667e-01
   3.2171776e-01   7.4242424e-01   9.5454545e-01   1.6666667e-01
   2.4334876e-01   7.5757576e-01   9.3939394e-01   1.6666667e-01
   1.8898207e-01   7.8787879e-01   9.3939394e-01   1.6666667e-01
   1.3938693e-01   8.0303030e-01   9.2424242e-01   1.6666667e-01
   8.9358010e-02   8.4848485e-01   9.0909091e-01   3.3333333e-01
   5.4511278e-02   8.5537190e-01   9.1184573e-01   0.0000000e+00
   2.9641411e-02   8.6225895e-01   9.1460055e-01   0.0000000e+00
   1.4025448e-02   8.6914601e-01   9.1735537e-01   0.0000000e+00
   1.5905147e-02   8.7603306e-01   9.2011019e-01   0.0000000e+00
   1.6483516e-02   8.8292011e-01   9.2286501e-01   0.0000000e+00
   1.7061885e-02   8.8980716e-01   9.2561983e-01   0.0000000e+00
   1.7640254e-02   8.9669421e-01   9.2837466e-01   0.0000000e+00
   1.8074031e-02   9.0358127e-01   9.3112948e-01   0.0000000e+00
   1.9086177e-02   9.1046832e-01   9.3388430e-01   0.0000000e+00
   2.7183343e-02   9.1735537e-01   9.3663912e-01   0.0000000e+00
   5.2486987e-02   9.2424242e-01   9.3939394e-01   1.6666667e-01
   8.3140544e-02   9.0909091e-01   9.5454545e-01   1.6666667e-01
   1.0829960e-01   9.0909091e-01   9.5454545e-01   1.6666667e-01
   1.2565067e-01   9.0909091e-01   9.6969697e-01   1.6666667e-01
   1.3100058e-01   9.0909091e-01   9.6969697e-01   1.6666667e-01
   1.2941006e-01   9.2424242e-01   9.6969697e-01   1.6666667e-01
   1.1205899e-01   9.2424242e-01   9.8484848e-01   1.6666667e-01
   9.0803933e-02   9.3939394e-01   9.8484848e-01   1.6666667e-01
   8.0248699e-02   9.5454545e-01   9.8484848e-01   1.6666667e-01
   6.4921920e-02   9.6969697e-01   9.8484848e-01   1.6666667e-01
   4.9305957e-02   9.6969697e-01   9.8484848e-01   0.0000000e+00
