   1.5600000e+02
   8.7059221e-02   3.7777778e-01   4.4444444e-01   1.6666667e-01
   2.3300152e-01   3.1111111e-01   4.8888889e-01   1.6666667e-01
   4.2483550e-01   2.8888889e-01   6.0000000e-01   1.6666667e-01
   5.8005736e-01   2.6666667e-01   6.4444444e-01   1.6666667e-01
   6.6171756e-01   2.6666667e-01   6.6666667e-01   1.6666667e-01
   6.7065969e-01   2.6666667e-01   6.6666667e-01   1.6666667e-01
   6.4147123e-01   2.6666667e-01   6.8888889e-01   1.6666667e-01
   5.8174456e-01   2.6666667e-01   6.8888889e-01   1.6666667e-01
   5.1830606e-01   2.8888889e-01   7.1111111e-01   1.6666667e-01
   4.4474439e-01   3.1111111e-01   7.1111111e-01   1.6666667e-01
   3.6477139e-01   3.3333333e-01   7.1111111e-01   1.6666667e-01
   2.8311119e-01   3.5555556e-01   7.1111111e-01   3.3333333e-01
   2.0651257e-01   3.7777778e-01   7.1111111e-01   3.3333333e-01
   1.6618863e-01   4.0000000e-01   7.1111111e-01   3.3333333e-01
   1.4729205e-01   4.0000000e-01   7.1111111e-01   3.3333333e-01
   1.2198414e-01   4.0000000e-01   7.1111111e-01   3.3333333e-01
   1.0291885e-01   6.0000000e-01   6.8888889e-01   1.6666667e-01
   8.5034587e-02   5.7777778e-01   6.6666667e-01   1.6666667e-01
   6.6644171e-02   5.7777778e-01   6.4444444e-01   1.6666667e-01
   5.6352286e-02   5.7777778e-01   6.2222222e-01   1.6666667e-01
   5.7195883e-02   5.7777778e-01   6.2222222e-01   1.6666667e-01
   6.2257466e-02   5.5555556e-01   6.0000000e-01   1.6666667e-01
   6.4788257e-02   5.3333333e-01   6.0000000e-01   1.6666667e-01
   7.0693437e-02   5.1111111e-01   5.7777778e-01   1.6666667e-01
   8.4865868e-02   5.1111111e-01   5.7777778e-01   1.6666667e-01
   9.3976717e-02   4.8888889e-01   5.7777778e-01   1.6666667e-01
   1.0460604e-01   4.8888889e-01   5.5555556e-01   1.6666667e-01
   1.1051122e-01   4.6666667e-01   5.5555556e-01   1.6666667e-01
   1.1405433e-01   4.6666667e-01   5.5555556e-01   1.6666667e-01
   1.1405433e-01   4.6666667e-01   5.5555556e-01   1.6666667e-01
   1.0342500e-01   4.6666667e-01   5.5555556e-01   1.6666667e-01
   1.0173781e-01   4.4444444e-01   5.5555556e-01   1.6666667e-01
   1.0730555e-01   4.4444444e-01   5.3333333e-01   1.6666667e-01
   1.1540408e-01   4.2222222e-01   5.3333333e-01   1.6666667e-01
   1.6551375e-01   4.0000000e-01   5.1111111e-01   1.6666667e-01
   3.3541421e-01   0.0000000e+00   5.1111111e-01   3.3333333e-01
   5.4800067e-01   0.0000000e+00   5.1111111e-01   3.3333333e-01
   7.6244306e-01   0.0000000e+00   5.7777778e-01   1.6666667e-01
   9.3251223e-01   0.0000000e+00   6.6666667e-01   1.6666667e-01
   1.0000000e+00   0.0000000e+00   6.8888889e-01   1.6666667e-01
   9.9240763e-01   2.2222222e-02   6.8888889e-01   1.6666667e-01
   9.4854058e-01   6.6666667e-02   7.1111111e-01   1.6666667e-01
   8.8611439e-01   1.3333333e-01   7.3333333e-01   1.6666667e-01
   7.9568078e-01   1.7777778e-01   7.3333333e-01   1.6666667e-01
   7.1722625e-01   2.2222222e-01   7.3333333e-01   1.6666667e-01
   6.3505990e-01   2.6666667e-01   7.5555556e-01   1.6666667e-01
   5.7988865e-01   2.8888889e-01   7.5555556e-01   1.6666667e-01
   5.3433440e-01   2.8888889e-01   7.5555556e-01   3.3333333e-01
   4.9282942e-01   2.2222222e-01   7.5555556e-01   5.0000000e-01
   4.3883921e-01   2.0000000e-01   7.5555556e-01   3.3333333e-01
   3.8316180e-01   1.5555556e-01   7.5555556e-01   3.3333333e-01
   3.7843766e-01   1.3333333e-01   7.5555556e-01   3.3333333e-01
   3.7995613e-01   4.4444444e-02   7.3333333e-01   5.0000000e-01
   3.3119622e-01   0.0000000e+00   7.1111111e-01   5.0000000e-01
   2.7366290e-01   0.0000000e+00   6.4444444e-01   3.3333333e-01
   1.9723300e-01   0.0000000e+00   5.7777778e-01   3.3333333e-01
   1.4341151e-01   0.0000000e+00   5.5555556e-01   3.3333333e-01
   1.2249030e-01   4.6666667e-01   5.3333333e-01   1.6666667e-01
   9.3470558e-02   4.6666667e-01   5.3333333e-01   1.6666667e-01
   9.6676227e-02   4.6666667e-01   5.3333333e-01   1.6666667e-01
   9.9038299e-02   4.6666667e-01   5.5555556e-01   1.6666667e-01
   9.7688544e-02   4.8888889e-01   5.7777778e-01   1.6666667e-01
   8.9421292e-02   4.8888889e-01   5.7777778e-01   1.6666667e-01
   8.5878185e-02   5.1111111e-01   6.0000000e-01   1.6666667e-01
   7.4067825e-02   5.3333333e-01   6.0000000e-01   1.6666667e-01
   6.5294415e-02   5.5555556e-01   6.2222222e-01   1.6666667e-01
   5.0784545e-02   5.7777778e-01   6.2222222e-01   1.6666667e-01
   4.5891682e-02   6.0000000e-01   6.2222222e-01   1.6666667e-01
   4.7241437e-02   6.0000000e-01   6.4444444e-01   1.6666667e-01
   4.0323941e-02   6.0000000e-01   6.4444444e-01   1.6666667e-01
   3.8805467e-02   6.2222222e-01   6.4444444e-01   1.6666667e-01
   3.7118272e-02   6.2222222e-01   6.4444444e-01   1.6666667e-01
   3.5599798e-02   6.2222222e-01   6.6666667e-01   1.6666667e-01
   3.2562848e-02   6.4444444e-01   6.6666667e-01   1.6666667e-01
   2.9357179e-02   6.4444444e-01   6.6666667e-01   1.6666667e-01
   2.2439683e-02   5.9555556e-01   6.2222222e-01   0.0000000e+00
   1.0966762e-02   5.4666667e-01   5.7777778e-01   0.0000000e+00
   0.0000000e+00   4.9777778e-01   5.3333333e-01   0.0000000e+00
   2.0246330e-03   4.4888889e-01   4.8888889e-01   0.0000000e+00
   5.4496373e-02   4.0000000e-01   4.4444444e-01   1.6666667e-01
   1.5825882e-01   3.7777778e-01   5.1111111e-01   1.6666667e-01
   2.5763455e-01   3.7777778e-01   5.5555556e-01   1.6666667e-01
   3.1719251e-01   3.5555556e-01   5.7777778e-01   1.6666667e-01
   3.3811372e-01   3.5555556e-01   6.0000000e-01   1.6666667e-01
   3.4418762e-01   3.5555556e-01   6.0000000e-01   1.6666667e-01
   3.4570609e-01   3.7777778e-01   6.0000000e-01   1.6666667e-01
   3.3575165e-01   3.7777778e-01   6.2222222e-01   1.6666667e-01
   3.1601147e-01   3.7777778e-01   6.2222222e-01   1.6666667e-01
   2.8496710e-01   4.0000000e-01   6.2222222e-01   1.6666667e-01
   2.5628480e-01   4.2222222e-01   6.2222222e-01   1.6666667e-01
   2.3249536e-01   4.4444444e-01   6.4444444e-01   1.6666667e-01
   2.0111355e-01   4.6666667e-01   6.4444444e-01   1.6666667e-01
   1.7158765e-01   5.3333333e-01   6.4444444e-01   1.6666667e-01
   1.4358023e-01   5.5555556e-01   6.4444444e-01   1.6666667e-01
   1.3311962e-01   5.5555556e-01   6.4444444e-01   1.6666667e-01
   1.2637085e-01   5.5555556e-01   6.6666667e-01   1.6666667e-01
   1.1742872e-01   5.5555556e-01   6.6666667e-01   1.6666667e-01
   1.0916146e-01   5.5555556e-01   6.4444444e-01   1.6666667e-01
   1.0291885e-01   5.5555556e-01   6.4444444e-01   1.6666667e-01
   9.5832630e-02   5.5555556e-01   6.4444444e-01   1.6666667e-01
   9.1952084e-02   5.5555556e-01   6.4444444e-01   1.6666667e-01
   9.0433609e-02   5.3333333e-01   6.2222222e-01   1.6666667e-01
   9.0602328e-02   5.3333333e-01   6.2222222e-01   1.6666667e-01
   9.2120803e-02   5.1111111e-01   6.0000000e-01   1.6666667e-01
   1.0376244e-01   4.6666667e-01   5.7777778e-01   1.6666667e-01
   1.1742872e-01   4.6666667e-01   5.5555556e-01   1.6666667e-01
   1.3430066e-01   4.4444444e-01   5.5555556e-01   1.6666667e-01
   1.5994601e-01   4.4444444e-01   5.5555556e-01   1.6666667e-01
   1.8457905e-01   4.4444444e-01   5.7777778e-01   1.6666667e-01
   2.0803104e-01   4.4444444e-01   5.7777778e-01   1.6666667e-01
   2.2220348e-01   4.6666667e-01   6.0000000e-01   1.6666667e-01
   2.0887464e-01   4.6666667e-01   6.2222222e-01   1.6666667e-01
   1.9082166e-01   4.8888889e-01   6.2222222e-01   1.6666667e-01
   1.7006917e-01   4.8888889e-01   6.4444444e-01   1.6666667e-01
   1.5505315e-01   5.1111111e-01   6.4444444e-01   1.6666667e-01
   1.3733761e-01   5.5555556e-01   6.6666667e-01   1.6666667e-01
   1.1540408e-01   5.7777778e-01   6.6666667e-01   1.6666667e-01
   9.5326472e-02   6.0000000e-01   6.8888889e-01   1.6666667e-01
   7.9466847e-02   6.2222222e-01   6.8888889e-01   1.6666667e-01
   7.0018559e-02   6.2222222e-01   6.8888889e-01   1.6666667e-01
   7.2211912e-02   6.4444444e-01   6.8888889e-01   1.6666667e-01
   7.5248861e-02   6.4444444e-01   6.8888889e-01   1.6666667e-01
   7.9466847e-02   6.2222222e-01   6.8888889e-01   1.6666667e-01
   9.2964400e-02   6.0000000e-01   6.8888889e-01   1.6666667e-01
   1.0747427e-01   6.0000000e-01   6.8888889e-01   1.6666667e-01
   1.1304201e-01   5.7777778e-01   6.8888889e-01   1.6666667e-01
   1.1523536e-01   5.7777778e-01   6.6666667e-01   1.6666667e-01
   1.1793487e-01   5.5555556e-01   6.6666667e-01   1.6666667e-01
   1.2080310e-01   5.3333333e-01   6.6666667e-01   1.6666667e-01
   1.1709128e-01   5.3333333e-01   6.6666667e-01   1.6666667e-01
   1.1709128e-01   5.1111111e-01   6.4444444e-01   1.6666667e-01
   1.1489792e-01   4.8888889e-01   6.2222222e-01   1.6666667e-01
   1.0679939e-01   4.8888889e-01   6.0000000e-01   1.6666667e-01
   9.6844947e-02   4.8888889e-01   5.7777778e-01   1.6666667e-01
   9.7519825e-02   4.8888889e-01   5.7777778e-01   1.6666667e-01
   1.0241269e-01   4.8888889e-01   5.7777778e-01   1.6666667e-01
   1.1759744e-01   4.8888889e-01   6.0000000e-01   1.6666667e-01
   1.2097182e-01   5.1111111e-01   6.2222222e-01   1.6666667e-01
   1.1709128e-01   5.1111111e-01   6.2222222e-01   1.6666667e-01
   1.1472921e-01   5.3333333e-01   6.4444444e-01   1.6666667e-01
   1.0409988e-01   5.7777778e-01   6.4444444e-01   1.6666667e-01
   9.6170069e-02   6.0000000e-01   6.6666667e-01   1.6666667e-01
   8.6553062e-02   6.0000000e-01   6.6666667e-01   1.6666667e-01
   8.3684832e-02   6.2222222e-01   6.6666667e-01   1.6666667e-01
   8.3684832e-02   6.2222222e-01   6.8888889e-01   1.6666667e-01
   7.8791969e-02   6.2222222e-01   6.8888889e-01   1.6666667e-01
   7.9466847e-02   6.2222222e-01   6.8888889e-01   1.6666667e-01
   7.9635566e-02   6.2222222e-01   6.8888889e-01   1.6666667e-01
   8.4359710e-02   6.2222222e-01   6.8888889e-01   1.6666667e-01
   9.0771048e-02   6.2222222e-01   6.8888889e-01   1.6666667e-01
   9.7688544e-02   6.0000000e-01   6.8888889e-01   1.6666667e-01
   1.0899275e-01   6.0000000e-01   6.6666667e-01   1.6666667e-01
   1.1253585e-01   5.7777778e-01   6.6666667e-01   1.6666667e-01
   9.9713177e-02   6.0000000e-01   6.6666667e-01   1.6666667e-01
   7.2549350e-02   6.0000000e-01   6.4444444e-01   1.6666667e-01
   4.5554243e-02   6.2222222e-01   6.4444444e-01   1.6666667e-01
