   3.0000000e+02
   1.2332979e-01   5.2941176e-01   5.9803922e-01   1.6666667e-01
   2.4228450e-01   5.0980392e-01   6.1764706e-01   1.6666667e-01
   3.6644200e-01   5.0000000e-01   6.4705882e-01   1.6666667e-01
   4.6801466e-01   4.8039216e-01   6.6666667e-01   1.6666667e-01
   5.4605652e-01   4.7058824e-01   6.7647059e-01   1.6666667e-01
   5.7904694e-01   4.6078431e-01   6.7647059e-01   1.6666667e-01
   5.8767885e-01   4.6078431e-01   6.8627451e-01   1.6666667e-01
   5.6828663e-01   4.6078431e-01   6.8627451e-01   1.6666667e-01
   5.1318434e-01   4.6078431e-01   6.8627451e-01   1.6666667e-01
   4.4081826e-01   4.7058824e-01   6.8627451e-01   1.6666667e-01
   3.7850302e-01   4.8039216e-01   6.8627451e-01   1.6666667e-01
   3.1323164e-01   4.9019608e-01   6.6666667e-01   1.6666667e-01
   2.3554452e-01   5.0980392e-01   6.5686275e-01   1.6666667e-01
   1.7819558e-01   5.7843137e-01   6.4705882e-01   1.6666667e-01
   1.3503606e-01   5.7843137e-01   6.3725490e-01   1.6666667e-01
   1.1836349e-01   5.7843137e-01   6.2745098e-01   1.6666667e-01
   1.0251862e-01   5.6862745e-01   6.1764706e-01   1.6666667e-01
   8.9866383e-02   5.6862745e-01   6.0784314e-01   1.6666667e-01
   7.9106066e-02   5.6862745e-01   6.0784314e-01   1.6666667e-01
   6.6335580e-02   5.6862745e-01   5.9803922e-01   1.6666667e-01
   6.3615939e-02   5.5882353e-01   5.8823529e-01   1.6666667e-01
   5.7940168e-02   5.4901961e-01   5.6862745e-01   1.6666667e-01
   4.5406172e-02   5.4901961e-01   5.6862745e-01   1.6666667e-01
   3.8193213e-02   5.4901961e-01   5.5882353e-01   1.6666667e-01
   3.4764101e-02   5.5882353e-01   5.5882353e-01   1.6666667e-01
   3.1216744e-02   5.4575163e-01   5.4575163e-01   0.0000000e+00
   3.0389027e-02   5.3267974e-01   5.3267974e-01   0.0000000e+00
   3.5118836e-02   5.1960784e-01   5.1960784e-01   1.6666667e-01
   5.1081944e-02   5.0980392e-01   5.2941176e-01   1.6666667e-01
   9.7197588e-02   5.0000000e-01   5.3921569e-01   1.6666667e-01
   2.2797682e-01   4.9019608e-01   6.1764706e-01   1.6666667e-01
   3.9529384e-01   4.7058824e-01   6.4705882e-01   1.6666667e-01
   5.5504316e-01   4.3137255e-01   6.6666667e-01   1.6666667e-01
   6.9433605e-01   4.0196078e-01   6.7647059e-01   1.6666667e-01
   8.1411848e-01   3.6274510e-01   6.8627451e-01   1.6666667e-01
   9.0741398e-01   3.2352941e-01   6.8627451e-01   3.3333333e-01
   9.7623271e-01   3.0392157e-01   6.9607843e-01   1.6666667e-01
   1.0000000e+00   2.9411765e-01   6.9607843e-01   1.6666667e-01
   9.9432423e-01   2.8431373e-01   6.9607843e-01   1.6666667e-01
   9.3129952e-01   2.5490196e-01   6.9607843e-01   1.6666667e-01
   8.4817311e-01   2.3529412e-01   7.0588235e-01   1.6666667e-01
   7.4529975e-01   2.1568627e-01   7.0588235e-01   1.6666667e-01
   6.1960506e-01   2.0588235e-01   6.9607843e-01   3.3333333e-01
   4.7215325e-01   2.0588235e-01   6.3725490e-01   5.0000000e-01
   3.4503961e-01   1.9607843e-01   6.1764706e-01   5.0000000e-01
   2.8780892e-01   1.8627451e-01   5.9803922e-01   5.0000000e-01
   2.5186236e-01   1.8627451e-01   5.8823529e-01   5.0000000e-01
   2.3790942e-01   1.7647059e-01   5.9803922e-01   5.0000000e-01
   2.3731820e-01   1.7647059e-01   6.0784314e-01   5.0000000e-01
   2.4476765e-01   1.7647059e-01   6.1764706e-01   5.0000000e-01
   2.4618659e-01   1.7647059e-01   6.1764706e-01   5.0000000e-01
   2.2904103e-01   1.7647059e-01   6.2745098e-01   5.0000000e-01
   2.1839896e-01   1.8627451e-01   6.3725490e-01   3.3333333e-01
   2.0208112e-01   1.8627451e-01   6.3725490e-01   3.3333333e-01
   1.9711482e-01   1.8627451e-01   6.4705882e-01   3.3333333e-01
   2.0929408e-01   1.9607843e-01   6.5686275e-01   5.0000000e-01
   1.9013835e-01   1.9607843e-01   6.5686275e-01   5.0000000e-01
   1.9865200e-01   2.0588235e-01   6.5686275e-01   3.3333333e-01
   1.7535769e-01   2.1568627e-01   6.6666667e-01   3.3333333e-01
   1.4804304e-01   2.2549020e-01   6.6666667e-01   3.3333333e-01
   1.2025541e-01   2.3529412e-01   6.6666667e-01   3.3333333e-01
   9.7315833e-02   2.4509804e-01   6.7647059e-01   3.3333333e-01
   6.7991013e-02   6.4705882e-01   6.7647059e-01   1.6666667e-01
   4.6233889e-02   6.4705882e-01   6.7647059e-01   1.6666667e-01
   4.8835284e-02   6.5686275e-01   6.7647059e-01   1.6666667e-01
   4.4223720e-02   6.5686275e-01   6.7647059e-01   1.6666667e-01
   3.4054629e-02   6.5686275e-01   6.6666667e-01   1.6666667e-01
   3.1098498e-02   6.5686275e-01   6.6666667e-01   1.6666667e-01
   3.9375665e-02   6.4705882e-01   6.5196078e-01   0.0000000e+00
   3.4409365e-02   6.3725490e-01   6.3725490e-01   1.6666667e-01
   3.3936384e-02   6.2745098e-01   6.3725490e-01   1.6666667e-01
   2.7078160e-02   6.3725490e-01   6.3725490e-01   1.6666667e-01
   2.2939577e-02   6.2885154e-01   6.3165266e-01   0.0000000e+00
   5.0845453e-03   6.2044818e-01   6.2605042e-01   0.0000000e+00
   7.0947144e-04   6.1204482e-01   6.2044818e-01   0.0000000e+00
   9.4596193e-04   6.0364146e-01   6.1484594e-01   0.0000000e+00
   9.4596193e-04   5.9523810e-01   6.0924370e-01   0.0000000e+00
   2.1284143e-03   5.8683473e-01   6.0364146e-01   0.0000000e+00
   2.8142367e-02   5.7843137e-01   5.9803922e-01   1.6666667e-01
   7.2129597e-02   5.6862745e-01   6.0784314e-01   1.6666667e-01
   1.3196169e-01   5.5882353e-01   6.1764706e-01   1.6666667e-01
   1.8493556e-01   5.5882353e-01   6.2745098e-01   1.6666667e-01
   2.2821331e-01   5.4901961e-01   6.3725490e-01   1.6666667e-01
   2.6593355e-01   5.3921569e-01   6.3725490e-01   1.6666667e-01
   2.8958259e-01   5.2941176e-01   6.4705882e-01   1.6666667e-01
   2.9336644e-01   5.1960784e-01   6.5686275e-01   1.6666667e-01
   2.8473454e-01   5.1960784e-01   6.5686275e-01   1.6666667e-01
   2.7515667e-01   5.1960784e-01   6.6666667e-01   1.6666667e-01
   2.5422727e-01   5.1960784e-01   6.6666667e-01   1.6666667e-01
   2.3542627e-01   5.1960784e-01   6.6666667e-01   3.3333333e-01
   2.0172638e-01   5.2941176e-01   6.7647059e-01   3.3333333e-01
   1.9510465e-01   5.2941176e-01   6.7647059e-01   3.3333333e-01
   1.9593236e-01   5.2941176e-01   6.7647059e-01   3.3333333e-01
   2.2537543e-01   5.2941176e-01   6.7647059e-01   3.3333333e-01
   2.7409247e-01   5.3921569e-01   6.7647059e-01   3.3333333e-01
   3.0530921e-01   5.3921569e-01   6.8627451e-01   1.6666667e-01
   3.1595128e-01   5.3921569e-01   6.8627451e-01   1.6666667e-01
   2.9573135e-01   5.4901961e-01   6.8627451e-01   1.6666667e-01
   2.5351780e-01   5.4901961e-01   6.7647059e-01   1.6666667e-01
   2.1745300e-01   5.5882353e-01   6.7647059e-01   1.6666667e-01
   1.7441173e-01   5.5882353e-01   6.6666667e-01   1.6666667e-01
   1.4094833e-01   5.6862745e-01   6.6666667e-01   1.6666667e-01
   1.0429230e-01   5.6862745e-01   6.2745098e-01   1.6666667e-01
   6.2669978e-02   5.6862745e-01   5.8823529e-01   1.6666667e-01
   3.2517441e-02   5.7843137e-01   5.8823529e-01   1.6666667e-01
   2.1165898e-02   5.7843137e-01   5.8823529e-01   1.6666667e-01
   1.3243467e-02   5.7843137e-01   5.8627451e-01   0.0000000e+00
   1.2888731e-02   5.7843137e-01   5.8431373e-01   0.0000000e+00
   1.3834693e-02   5.7843137e-01   5.8235294e-01   0.0000000e+00
   1.4898900e-02   5.7843137e-01   5.8039216e-01   0.0000000e+00
   2.0929408e-02   5.7843137e-01   5.7843137e-01   1.6666667e-01
   2.2939577e-02   5.7843137e-01   5.7843137e-01   1.6666667e-01
   3.0034291e-02   5.6862745e-01   5.7843137e-01   1.6666667e-01
   5.3446849e-02   5.5882353e-01   5.8823529e-01   1.6666667e-01
   9.2940759e-02   5.5882353e-01   5.8823529e-01   1.6666667e-01
   1.2947854e-01   5.4901961e-01   5.9803922e-01   1.6666667e-01
   1.6187773e-01   5.4901961e-01   6.0784314e-01   1.6666667e-01
   1.9049308e-01   5.4901961e-01   6.2745098e-01   1.6666667e-01
   2.1496985e-01   5.4901961e-01   6.3725490e-01   1.6666667e-01
   2.3081471e-01   5.5882353e-01   6.4705882e-01   1.6666667e-01
   2.2265579e-01   5.5882353e-01   6.4705882e-01   1.6666667e-01
   2.0882109e-01   5.6862745e-01   6.5686275e-01   1.6666667e-01
   1.7382050e-01   5.6862745e-01   6.5686275e-01   1.6666667e-01
   1.5265461e-01   5.7843137e-01   6.6666667e-01   1.6666667e-01
   1.2061015e-01   5.9803922e-01   6.6666667e-01   1.6666667e-01
   9.0221119e-02   6.1764706e-01   6.6666667e-01   1.6666667e-01
   6.4680147e-02   6.3725490e-01   6.7647059e-01   1.6666667e-01
   4.7298096e-02   6.4705882e-01   6.7647059e-01   1.6666667e-01
   3.7483741e-02   6.5686275e-01   6.7647059e-01   1.6666667e-01
   3.3463403e-02   6.5686275e-01   6.7647059e-01   1.6666667e-01
   3.0389027e-02   6.5686275e-01   6.6666667e-01   1.6666667e-01
   2.2821331e-02   6.5686275e-01   6.6666667e-01   1.6666667e-01
   1.8682748e-02   6.4379085e-01   6.5522876e-01   0.0000000e+00
   5.5575263e-03   6.3071895e-01   6.4379085e-01   0.0000000e+00
   7.0947144e-04   6.1764706e-01   6.3235294e-01   0.0000000e+00
   1.1824524e-03   6.0457516e-01   6.2091503e-01   0.0000000e+00
   8.6319026e-03   5.9150327e-01   6.0947712e-01   0.0000000e+00
   5.0963699e-02   5.7843137e-01   5.9803922e-01   1.6666667e-01
   1.1292420e-01   5.4901961e-01   6.0784314e-01   1.6666667e-01
   1.7476647e-01   5.3921569e-01   6.1764706e-01   1.6666667e-01
   2.0657444e-01   5.3921569e-01   6.1764706e-01   1.6666667e-01
   2.1591581e-01   5.3921569e-01   6.2745098e-01   1.6666667e-01
   2.2123685e-01   5.3921569e-01   6.3725490e-01   1.6666667e-01
   2.1508809e-01   5.4901961e-01   6.3725490e-01   1.6666667e-01
   1.9262150e-01   5.5882353e-01   6.4705882e-01   1.6666667e-01
   1.6660754e-01   5.6862745e-01   6.5686275e-01   1.6666667e-01
   1.3704623e-01   5.7843137e-01   6.5686275e-01   1.6666667e-01
   1.0736668e-01   5.9803922e-01   6.5686275e-01   1.6666667e-01
   8.1116235e-02   6.2745098e-01   6.6666667e-01   1.6666667e-01
   5.3446849e-02   6.3725490e-01   6.6666667e-01   1.6666667e-01
   4.1149344e-02   6.4705882e-01   6.6666667e-01   1.6666667e-01
   3.6537779e-02   6.5686275e-01   6.6666667e-01   1.6666667e-01
   3.3226913e-02   6.5686275e-01   6.6666667e-01   1.6666667e-01
   3.0743763e-02   6.5686275e-01   6.6666667e-01   1.6666667e-01
   2.5067991e-02   6.5686275e-01   6.6666667e-01   1.6666667e-01
   2.5067991e-02   6.5686275e-01   6.6666667e-01   1.6666667e-01
   2.3057822e-02   6.6666667e-01   6.6666667e-01   1.6666667e-01
   1.9155729e-02   6.5882353e-01   6.6078431e-01   0.0000000e+00
   5.5575263e-03   6.5098039e-01   6.5490196e-01   0.0000000e+00
   1.3006976e-03   6.4313725e-01   6.4901961e-01   0.0000000e+00
   1.3361712e-02   6.3529412e-01   6.4313725e-01   0.0000000e+00
   2.7905877e-02   6.2745098e-01   6.3725490e-01   1.6666667e-01
   3.3463403e-02   6.2745098e-01   6.3725490e-01   1.6666667e-01
   3.5828308e-02   6.1764706e-01   6.3725490e-01   1.6666667e-01
   3.3345158e-02   6.2745098e-01   6.3725490e-01   1.6666667e-01
   2.7314651e-02   6.3725490e-01   6.3725490e-01   1.6666667e-01
   1.0760317e-02   7.1078431e-01   7.2303922e-01   0.0000000e+00
   1.8919239e-03   7.8431373e-01   8.0882353e-01   0.0000000e+00
   2.3767293e-02   8.5784314e-01   8.9460784e-01   0.0000000e+00
   7.0237673e-02   9.3137255e-01   9.8039216e-01   1.6666667e-01
   1.3515431e-01   5.7843137e-01   9.8039216e-01   3.3333333e-01
   2.1804422e-01   5.6862745e-01   9.9019608e-01   3.3333333e-01
   2.9265697e-01   5.6862745e-01   9.9019608e-01   3.3333333e-01
   3.5201608e-01   5.6862745e-01   1.0000000e+00   3.3333333e-01
   4.0297978e-01   5.5882353e-01   1.0000000e+00   5.0000000e-01
   4.5240629e-01   5.5882353e-01   1.0000000e+00   5.0000000e-01
   4.9367388e-01   5.5882353e-01   1.0000000e+00   5.0000000e-01
   5.0171456e-01   5.4901961e-01   1.0000000e+00   5.0000000e-01
   4.8125813e-01   5.4901961e-01   1.0000000e+00   5.0000000e-01
   4.6919711e-01   5.4901961e-01   1.0000000e+00   5.0000000e-01
   4.5311576e-01   5.4901961e-01   9.9019608e-01   5.0000000e-01
   4.3053092e-01   5.3921569e-01   9.9019608e-01   5.0000000e-01
   3.9588507e-01   5.3921569e-01   9.9019608e-01   5.0000000e-01
   3.8299633e-01   5.3921569e-01   9.8039216e-01   6.6666667e-01
   4.0026014e-01   5.3921569e-01   9.7058824e-01   6.6666667e-01
   4.4034528e-01   5.3921569e-01   9.6078431e-01   5.0000000e-01
   5.0017737e-01   5.4901961e-01   9.5098039e-01   6.6666667e-01
   5.5480667e-01   5.4901961e-01   9.5098039e-01   6.6666667e-01
   6.3355800e-01   5.4901961e-01   9.4117647e-01   3.3333333e-01
   7.1006267e-01   5.5882353e-01   9.3137255e-01   3.3333333e-01
   7.5002956e-01   5.5882353e-01   9.2156863e-01   1.6666667e-01
   7.4695519e-01   5.6862745e-01   9.0196078e-01   1.6666667e-01
   6.8818730e-01   5.7843137e-01   8.9215686e-01   1.6666667e-01
   5.9299988e-01   5.8823529e-01   8.8235294e-01   1.6666667e-01
   4.9934965e-01   5.9803922e-01   8.6274510e-01   1.6666667e-01
   4.1291238e-01   6.0784314e-01   8.5294118e-01   1.6666667e-01
   3.3014071e-01   6.1764706e-01   8.4313725e-01   3.3333333e-01
   2.6439636e-01   6.2745098e-01   7.6470588e-01   1.6666667e-01
   1.8860116e-01   6.2745098e-01   7.1568627e-01   1.6666667e-01
   1.5088093e-01   6.1764706e-01   6.9607843e-01   1.6666667e-01
   1.4189429e-01   6.1764706e-01   6.8627451e-01   1.6666667e-01
   1.4745182e-01   5.9803922e-01   6.8627451e-01   1.6666667e-01
   1.6187773e-01   5.9803922e-01   6.7647059e-01   1.6666667e-01
   1.7228332e-01   5.8823529e-01   6.7647059e-01   1.6666667e-01
   1.6625281e-01   5.8823529e-01   6.7647059e-01   1.6666667e-01
   1.5501951e-01   5.8823529e-01   6.5686275e-01   1.6666667e-01
   1.2640416e-01   5.8823529e-01   6.4705882e-01   1.6666667e-01
   1.0925860e-01   5.8823529e-01   6.4705882e-01   1.6666667e-01
   9.4596193e-02   5.9803922e-01   6.4705882e-01   1.6666667e-01
   7.7214142e-02   5.9803922e-01   6.4705882e-01   1.6666667e-01
   5.2500887e-02   6.1764706e-01   6.4705882e-01   1.6666667e-01
   2.3176067e-02   6.0000000e-01   6.2549020e-01   0.0000000e+00
   0.0000000e+00   5.8235294e-01   6.0392157e-01   0.0000000e+00
   9.4596193e-04   5.6470588e-01   5.8235294e-01   0.0000000e+00
   2.3649048e-03   5.4705882e-01   5.6078431e-01   0.0000000e+00
   3.8784439e-02   5.2941176e-01   5.3921569e-01   1.6666667e-01
   9.5187419e-02   5.0980392e-01   5.5882353e-01   1.6666667e-01
   2.4110205e-01   4.6078431e-01   5.8823529e-01   1.6666667e-01
   4.2733830e-01   4.2156863e-01   6.2745098e-01   1.6666667e-01
   6.2752749e-01   3.8235294e-01   6.4705882e-01   1.6666667e-01
   7.6185409e-01   3.4313725e-01   6.5686275e-01   1.6666667e-01
   8.4805487e-01   3.0392157e-01   6.6666667e-01   1.6666667e-01
   9.0102873e-01   2.6470588e-01   6.6666667e-01   3.3333333e-01
   9.3177250e-01   2.2549020e-01   6.7647059e-01   1.6666667e-01
   9.2314059e-01   2.0588235e-01   6.7647059e-01   1.6666667e-01
   8.7962635e-01   1.9607843e-01   6.7647059e-01   1.6666667e-01
   7.9768239e-01   1.9607843e-01   6.8627451e-01   1.6666667e-01
   6.9670096e-01   1.9607843e-01   6.7647059e-01   3.3333333e-01
   5.5859052e-01   1.8627451e-01   6.7647059e-01   5.0000000e-01
   4.5536242e-01   1.8627451e-01   6.7647059e-01   5.0000000e-01
   3.8074967e-01   1.8627451e-01   6.5686275e-01   3.3333333e-01
   2.9502188e-01   1.8627451e-01   6.1764706e-01   5.0000000e-01
   2.8437980e-01   1.8627451e-01   5.9803922e-01   6.6666667e-01
   2.8142367e-01   1.8627451e-01   5.9803922e-01   5.0000000e-01
   2.9762327e-01   1.8627451e-01   5.9803922e-01   5.0000000e-01
   3.3002247e-01   1.9607843e-01   6.0784314e-01   5.0000000e-01
   3.7743881e-01   1.9607843e-01   6.1764706e-01   3.3333333e-01
   3.7873951e-01   2.0588235e-01   6.1764706e-01   3.3333333e-01
   3.5556344e-01   2.1568627e-01   6.2745098e-01   3.3333333e-01
   3.0956604e-01   2.2549020e-01   6.2745098e-01   3.3333333e-01
   2.4890623e-01   2.2549020e-01   6.3725490e-01   3.3333333e-01
   1.8990186e-01   2.4509804e-01   6.3725490e-01   3.3333333e-01
   1.4898900e-01   2.6470588e-01   6.4705882e-01   3.3333333e-01
   1.0109968e-01   2.8431373e-01   6.4705882e-01   3.3333333e-01
   6.4916637e-02   6.1764706e-01   6.4705882e-01   1.6666667e-01
   5.8176658e-02   6.2745098e-01   6.5686275e-01   1.6666667e-01
   5.2500887e-02   6.3725490e-01   6.5686275e-01   1.6666667e-01
   5.6639470e-02   6.3725490e-01   6.5686275e-01   1.6666667e-01
   5.5693508e-02   6.3725490e-01   6.6666667e-01   1.6666667e-01
   5.5929999e-02   6.3725490e-01   6.6666667e-01   1.6666667e-01
   5.7348942e-02   6.3725490e-01   6.6666667e-01   1.6666667e-01
   6.3734185e-02   6.2745098e-01   6.6666667e-01   1.6666667e-01
   6.4325411e-02   6.2745098e-01   6.5686275e-01   1.6666667e-01
   7.1774861e-02   6.1764706e-01   6.5686275e-01   1.6666667e-01
   9.4123212e-02   4.3137255e-01   6.5686275e-01   3.3333333e-01
   1.1706279e-01   4.2156863e-01   6.5686275e-01   3.3333333e-01
   2.6214970e-01   4.0196078e-01   6.4705882e-01   6.6666667e-01
   4.8255883e-01   3.4313725e-01   5.8823529e-01   1.6666667e-01
   6.5933546e-01   3.1372549e-01   5.9803922e-01   1.6666667e-01
   7.6280005e-01   3.0392157e-01   5.9803922e-01   1.6666667e-01
   8.0832446e-01   3.0392157e-01   6.0784314e-01   1.6666667e-01
   8.1258129e-01   3.0392157e-01   6.0784314e-01   1.6666667e-01
   7.9070592e-01   3.0392157e-01   6.1764706e-01   1.6666667e-01
   7.1751212e-01   3.0392157e-01   6.1764706e-01   1.6666667e-01
   6.2398013e-01   3.1372549e-01   6.1764706e-01   1.6666667e-01
   5.2004257e-01   3.1372549e-01   6.2745098e-01   1.6666667e-01
   4.1208466e-01   3.3333333e-01   6.2745098e-01   1.6666667e-01
   3.0897481e-01   4.1176471e-01   6.2745098e-01   3.3333333e-01
   2.0208112e-01   4.2156863e-01   6.2745098e-01   3.3333333e-01
   1.0748492e-01   4.3137255e-01   6.3725490e-01   3.3333333e-01
   7.3430294e-02   4.3137255e-01   6.3725490e-01   3.3333333e-01
   5.4747546e-02   6.2745098e-01   6.3725490e-01   1.6666667e-01
   4.3750739e-02   6.2745098e-01   6.2745098e-01   1.6666667e-01
   2.9443065e-02   6.2184874e-01   6.2464986e-01   0.0000000e+00
   2.7669386e-02   6.1624650e-01   6.2184874e-01   0.0000000e+00
   1.7263805e-02   6.1064426e-01   6.1904762e-01   0.0000000e+00
   2.3412558e-02   6.0504202e-01   6.1624650e-01   0.0000000e+00
   2.4949746e-02   5.9943978e-01   6.1344538e-01   0.0000000e+00
   4.4223720e-02   5.9383754e-01   6.1064426e-01   0.0000000e+00
   7.1065390e-02   5.8823529e-01   6.0784314e-01   1.6666667e-01
   1.3066099e-01   5.2941176e-01   6.0784314e-01   1.6666667e-01
   1.7902329e-01   5.1960784e-01   6.0784314e-01   1.6666667e-01
   2.1142249e-01   5.1960784e-01   6.0784314e-01   1.6666667e-01
   2.1106775e-01   5.0980392e-01   5.9803922e-01   1.6666667e-01
   2.0184463e-01   5.0980392e-01   5.9803922e-01   1.6666667e-01
   1.8588152e-01   5.1960784e-01   5.9803922e-01   1.6666667e-01
   1.7500296e-01   5.1960784e-01   5.9803922e-01   1.6666667e-01
   1.6447913e-01   5.2941176e-01   6.0784314e-01   1.6666667e-01
   1.5773915e-01   5.3921569e-01   6.1764706e-01   1.6666667e-01
   1.9912499e-01   5.6862745e-01   6.9607843e-01   3.3333333e-01
   2.4287572e-01   5.7843137e-01   7.0588235e-01   1.6666667e-01
   2.7811281e-01   5.8823529e-01   7.0588235e-01   1.6666667e-01
   2.7633913e-01   5.9803922e-01   7.0588235e-01   1.6666667e-01
   2.5150763e-01   6.0784314e-01   7.0588235e-01   1.6666667e-01
   2.1579756e-01   6.0784314e-01   7.0588235e-01   1.6666667e-01
   1.8044224e-01   6.1764706e-01   7.0588235e-01   1.6666667e-01
   1.4674234e-01   6.2745098e-01   7.0588235e-01   1.6666667e-01
   1.1304245e-01   6.3725490e-01   6.9607843e-01   1.6666667e-01
   7.9815537e-02   6.5686275e-01   6.8627451e-01   1.6666667e-01
   4.7652832e-02   6.5686275e-01   6.8627451e-01   0.0000000e+00
