   2.2500000e+02
   3.4148340e-02   6.1403509e-01   6.3157895e-01   0.0000000e+00
   6.5974594e-02   6.1403509e-01   6.3157895e-01   1.6666667e-01
   1.1774348e-01   6.1403509e-01   6.4035088e-01   1.6666667e-01
   1.5981423e-01   6.0526316e-01   6.4912281e-01   1.6666667e-01
   1.9246005e-01   6.0526316e-01   6.4912281e-01   1.6666667e-01
   2.0871466e-01   5.9649123e-01   6.5789474e-01   1.6666667e-01
   2.1977872e-01   5.9649123e-01   6.5789474e-01   1.6666667e-01
   2.3289168e-01   5.9649123e-01   6.5789474e-01   1.6666667e-01
   2.5338069e-01   5.9649123e-01   6.6666667e-01   1.6666667e-01
   2.8862177e-01   5.4385965e-01   6.6666667e-01   3.3333333e-01
   3.2509220e-01   5.3508772e-01   6.6666667e-01   3.3333333e-01
   3.5104494e-01   5.1754386e-01   6.7543860e-01   3.3333333e-01
   3.3560989e-01   5.0877193e-01   6.7543860e-01   3.3333333e-01
   3.0829122e-01   5.0877193e-01   6.7543860e-01   3.3333333e-01
   2.9709056e-01   5.0877193e-01   6.7543860e-01   3.3333333e-01
   2.9121705e-01   5.0877193e-01   6.8421053e-01   3.3333333e-01
   3.3984428e-01   5.1754386e-01   6.8421053e-01   3.3333333e-01
   3.7344625e-01   5.6140351e-01   6.8421053e-01   1.6666667e-01
   3.8724218e-01   5.7017544e-01   6.8421053e-01   1.6666667e-01
   3.7057779e-01   5.7894737e-01   6.8421053e-01   1.6666667e-01
   3.4148340e-01   5.7894737e-01   6.8421053e-01   1.6666667e-01
   3.0760825e-01   5.8771930e-01   6.8421053e-01   1.6666667e-01
   2.5542959e-01   5.9649123e-01   6.8421053e-01   1.6666667e-01
   1.9368939e-01   6.0526316e-01   6.8421053e-01   1.6666667e-01
   1.4260347e-01   6.1403509e-01   6.7543860e-01   1.6666667e-01
   8.6463598e-02   6.3157895e-01   6.7543860e-01   1.6666667e-01
   5.0129764e-02   6.6666667e-01   6.6666667e-01   1.6666667e-01
   1.2839776e-02   6.5964912e-01   6.6140351e-01   0.0000000e+00
   8.1956017e-03   6.5263158e-01   6.5614035e-01   0.0000000e+00
   7.7858216e-03   6.4561404e-01   6.5087719e-01   0.0000000e+00
   7.2394482e-03   6.3859649e-01   6.4561404e-01   0.0000000e+00
   6.6930747e-03   6.3157895e-01   6.4035088e-01   0.0000000e+00
   6.1467013e-03   6.2456140e-01   6.3508772e-01   0.0000000e+00
   5.6003278e-03   6.1754386e-01   6.2982456e-01   0.0000000e+00
   5.1905477e-03   6.1052632e-01   6.2456140e-01   0.0000000e+00
   9.6981287e-03   6.0350877e-01   6.1929825e-01   0.0000000e+00
   4.8900423e-02   5.9649123e-01   6.1403509e-01   1.6666667e-01
   1.0135227e-01   5.8771930e-01   6.2280702e-01   1.6666667e-01
   1.7101489e-01   5.7894737e-01   6.3157895e-01   1.6666667e-01
   2.4354596e-01   5.7017544e-01   6.5789474e-01   1.6666667e-01
   3.0269089e-01   5.6140351e-01   6.5789474e-01   1.6666667e-01
   3.1757957e-01   5.5263158e-01   6.5789474e-01   1.6666667e-01
   3.1375495e-01   5.5263158e-01   6.6666667e-01   1.6666667e-01
   3.0159814e-01   5.3508772e-01   6.6666667e-01   1.6666667e-01
   2.8944133e-01   5.3508772e-01   6.6666667e-01   3.3333333e-01
   2.7605518e-01   5.2631579e-01   6.6666667e-01   3.3333333e-01
   2.4955607e-01   5.2631579e-01   6.6666667e-01   3.3333333e-01
   2.3084278e-01   5.2631579e-01   6.6666667e-01   3.3333333e-01
   2.1813960e-01   5.2631579e-01   6.7543860e-01   3.3333333e-01
   2.2114465e-01   5.3508772e-01   6.7543860e-01   5.0000000e-01
   2.2114465e-01   5.3508772e-01   6.7543860e-01   5.0000000e-01
   2.2647179e-01   5.4385965e-01   6.7543860e-01   5.0000000e-01
   2.0284114e-01   5.4385965e-01   6.7543860e-01   5.0000000e-01
   1.7238082e-01   5.5263158e-01   6.2280702e-01   3.3333333e-01
   1.3290534e-01   5.5263158e-01   6.2280702e-01   3.3333333e-01
   9.4386013e-02   5.6140351e-01   5.9649123e-01   1.6666667e-01
   4.1524382e-02   5.7894737e-01   5.8771930e-01   1.6666667e-01
   1.5844830e-02   5.9273183e-01   6.0025063e-01   0.0000000e+00
   1.3659336e-04   6.0651629e-01   6.1278195e-01   0.0000000e+00
   5.8735145e-03   6.2030075e-01   6.2531328e-01   0.0000000e+00
   7.2394482e-03   6.3408521e-01   6.3784461e-01   0.0000000e+00
   1.3249556e-02   6.4786967e-01   6.5037594e-01   0.0000000e+00
   1.9396257e-02   6.6165414e-01   6.6290727e-01   0.0000000e+00
   2.0489004e-02   6.7543860e-01   6.7543860e-01   1.6666667e-01
   2.0079224e-02   6.7543860e-01   6.7543860e-01   1.6666667e-01
   1.7757137e-02   6.7214912e-01   6.7214912e-01   0.0000000e+00
   1.1337249e-02   6.6885965e-01   6.6885965e-01   0.0000000e+00
   5.8735145e-03   6.6557018e-01   6.6557018e-01   0.0000000e+00
   1.0244502e-02   6.6228070e-01   6.6228070e-01   0.0000000e+00
   1.1747029e-02   6.5899123e-01   6.5899123e-01   0.0000000e+00
   1.8166917e-02   6.5570175e-01   6.5570175e-01   0.0000000e+00
   1.9942631e-02   6.5241228e-01   6.5241228e-01   0.0000000e+00
   4.1114602e-02   6.4912281e-01   6.4912281e-01   1.6666667e-01
   1.0230843e-01   6.3157895e-01   6.5789474e-01   1.6666667e-01
   2.1813960e-01   5.7894737e-01   6.5789474e-01   1.6666667e-01
   3.2263352e-01   5.4385965e-01   6.5789474e-01   1.6666667e-01
   3.8437372e-01   5.3508772e-01   6.5789474e-01   1.6666667e-01
   4.1770250e-01   5.2631579e-01   6.6666667e-01   1.6666667e-01
   4.2535173e-01   5.2631579e-01   6.5789474e-01   1.6666667e-01
   4.3204480e-01   5.2631579e-01   6.5789474e-01   1.6666667e-01
   4.3054228e-01   5.2631579e-01   6.6666667e-01   1.6666667e-01
   4.3067887e-01   5.2631579e-01   6.6666667e-01   1.6666667e-01
   4.1592679e-01   5.2631579e-01   6.6666667e-01   1.6666667e-01
   3.8177845e-01   5.2631579e-01   6.6666667e-01   1.6666667e-01
   3.3724901e-01   5.3508772e-01   6.6666667e-01   3.3333333e-01
   2.8124573e-01   5.3508772e-01   6.7543860e-01   3.3333333e-01
   2.1827619e-01   5.4385965e-01   6.7543860e-01   3.3333333e-01
   1.5667259e-01   5.5263158e-01   6.7543860e-01   3.3333333e-01
   1.1118700e-01   5.5263158e-01   6.7543860e-01   3.3333333e-01
   7.2531075e-02   5.7017544e-01   6.7543860e-01   3.3333333e-01
   4.6988116e-02   6.7543860e-01   6.8421053e-01   1.6666667e-01
   3.1553067e-02   6.7543860e-01   6.8421053e-01   1.6666667e-01
   3.0870100e-02   6.7543860e-01   6.8421053e-01   1.6666667e-01
   3.0323726e-02   6.7543860e-01   6.8421053e-01   1.6666667e-01
   3.1006693e-02   6.7543860e-01   6.8421053e-01   1.6666667e-01
   3.2509220e-02   6.6666667e-01   6.8421053e-01   1.6666667e-01
   3.3192187e-02   6.6666667e-01   6.8421053e-01   1.6666667e-01
   2.9230979e-02   6.7543860e-01   6.8421053e-01   1.6666667e-01
   2.1581751e-02   6.7543860e-01   6.7543860e-01   1.6666667e-01
   1.5298456e-02   6.6854637e-01   6.7167920e-01   0.0000000e+00
   1.0381095e-02   6.6165414e-01   6.6791980e-01   0.0000000e+00
   1.1610436e-02   6.5476190e-01   6.6416040e-01   0.0000000e+00
   1.1883622e-02   6.4786967e-01   6.6040100e-01   0.0000000e+00
   1.6800983e-02   6.4097744e-01   6.5664160e-01   0.0000000e+00
   1.2429996e-02   6.3408521e-01   6.5288221e-01   0.0000000e+00
   1.2839776e-02   6.2719298e-01   6.4912281e-01   0.0000000e+00
   1.6664390e-02   6.2030075e-01   6.4536341e-01   0.0000000e+00
   1.7347357e-02   6.1340852e-01   6.4160401e-01   0.0000000e+00
   1.9123071e-02   6.0651629e-01   6.3784461e-01   0.0000000e+00
   1.8166917e-02   5.9962406e-01   6.3408521e-01   0.0000000e+00
   1.1064062e-02   5.9273183e-01   6.3032581e-01   0.0000000e+00
   2.5269772e-02   5.8583960e-01   6.2656642e-01   0.0000000e+00
   1.0121568e-01   5.7894737e-01   6.2280702e-01   1.6666667e-01
   1.8808906e-01   5.7017544e-01   6.3157895e-01   1.6666667e-01
   2.7359650e-01   5.4385965e-01   6.4035088e-01   1.6666667e-01
   3.3629286e-01   5.4385965e-01   6.4035088e-01   1.6666667e-01
   3.5814779e-01   5.3508772e-01   6.4912281e-01   1.6666667e-01
   3.3998088e-01   5.4385965e-01   6.5789474e-01   1.6666667e-01
   3.0487638e-01   5.4385965e-01   6.5789474e-01   1.6666667e-01
   2.6062013e-01   5.4385965e-01   6.5789474e-01   1.6666667e-01
   1.9833356e-01   5.5263158e-01   6.6666667e-01   1.6666667e-01
   1.3932523e-01   6.3157895e-01   6.6666667e-01   1.6666667e-01
   7.4716569e-02   6.4912281e-01   6.6666667e-01   1.6666667e-01
   7.3350635e-02   6.4912281e-01   6.6666667e-01   1.6666667e-01
   7.4306789e-02   6.4912281e-01   6.6666667e-01   1.6666667e-01
   7.3623822e-02   6.4912281e-01   6.7543860e-01   1.6666667e-01
   7.1301735e-02   6.4912281e-01   6.7543860e-01   1.6666667e-01
   7.3487229e-02   6.4035088e-01   6.6666667e-01   1.6666667e-01
   7.3350635e-02   6.4035088e-01   6.6666667e-01   1.6666667e-01
   6.8979648e-02   6.4035088e-01   6.6666667e-01   1.6666667e-01
   5.8325365e-02   6.4035088e-01   6.5789474e-01   1.6666667e-01
   6.3242726e-02   6.3157895e-01   6.5789474e-01   1.6666667e-01
   5.9008332e-02   6.2280702e-01   6.4912281e-01   1.6666667e-01
   6.3106133e-02   6.1403509e-01   6.4035088e-01   1.6666667e-01
   5.6549652e-02   6.1403509e-01   6.3157895e-01   1.6666667e-01
   5.5593498e-02   6.0526316e-01   6.2280702e-01   1.6666667e-01
   5.5866685e-02   5.9649123e-01   6.2280702e-01   1.6666667e-01
   5.2588444e-02   5.9649123e-01   6.1403509e-01   1.6666667e-01
   5.2451851e-02   5.9649123e-01   6.1403509e-01   1.6666667e-01
   4.6578336e-02   5.8771930e-01   6.1403509e-01   1.6666667e-01
   4.9993170e-02   5.8771930e-01   6.0526316e-01   1.6666667e-01
   5.3681191e-02   5.7894737e-01   6.0526316e-01   1.6666667e-01
   4.9583390e-02   5.7894737e-01   5.9649123e-01   1.6666667e-01
   4.9310204e-02   5.7894737e-01   5.9649123e-01   1.6666667e-01
   4.4802623e-02   5.7894737e-01   5.9649123e-01   1.6666667e-01
   4.8354050e-02   5.7017544e-01   5.8771930e-01   1.6666667e-01
   6.6111187e-02   5.7017544e-01   5.9649123e-01   1.6666667e-01
   1.4738424e-01   5.7017544e-01   6.4912281e-01   3.3333333e-01
   2.4764376e-01   5.7017544e-01   6.6666667e-01   1.6666667e-01
   3.1361836e-01   5.7017544e-01   6.6666667e-01   1.6666667e-01
   3.2222374e-01   5.7017544e-01   6.7543860e-01   1.6666667e-01
   3.0501298e-01   5.7894737e-01   6.7543860e-01   1.6666667e-01
   2.6977189e-01   5.8771930e-01   6.7543860e-01   1.6666667e-01
   2.3302827e-01   5.8771930e-01   6.7543860e-01   1.6666667e-01
   1.9614807e-01   6.0526316e-01   6.7543860e-01   1.6666667e-01
   1.4683786e-01   6.1403509e-01   6.7543860e-01   1.6666667e-01
   1.1897282e-01   6.2280702e-01   6.6666667e-01   1.6666667e-01
   1.0244502e-01   6.2280702e-01   6.6666667e-01   1.6666667e-01
   8.0316897e-02   6.2280702e-01   6.5789474e-01   1.6666667e-01
   5.5593498e-02   6.2280702e-01   6.4912281e-01   1.6666667e-01
   4.7807677e-02   6.3157895e-01   6.3157895e-01   1.6666667e-01
   4.5348996e-02   5.9649123e-01   5.9649123e-01   1.6666667e-01
   3.2782407e-02   5.9649123e-01   6.0526316e-01   1.6666667e-01
   3.2236033e-02   5.9649123e-01   6.0526316e-01   1.6666667e-01
   2.6908892e-02   5.9649123e-01   5.9649123e-01   1.6666667e-01
   3.5514274e-02   5.8771930e-01   5.9649123e-01   1.6666667e-01
   4.3709876e-02   5.7894737e-01   5.9649123e-01   1.6666667e-01
   5.7505805e-02   5.7894737e-01   5.9649123e-01   1.6666667e-01
   6.8843054e-02   5.7894737e-01   5.9649123e-01   1.6666667e-01
   8.2229204e-02   5.7894737e-01   5.9649123e-01   1.6666667e-01
   1.0162546e-01   5.7017544e-01   6.0526316e-01   1.6666667e-01
   1.3754952e-01   5.7017544e-01   6.2280702e-01   1.6666667e-01
   1.8235214e-01   5.7894737e-01   6.3157895e-01   1.6666667e-01
   2.1062696e-01   5.7894737e-01   6.4035088e-01   1.6666667e-01
   2.1513454e-01   5.7894737e-01   6.4912281e-01   1.6666667e-01
   2.0475345e-01   5.8771930e-01   6.5789474e-01   1.6666667e-01
   1.8153258e-01   5.8771930e-01   6.5789474e-01   1.6666667e-01
   1.5476028e-01   5.9649123e-01   6.6666667e-01   1.6666667e-01
   1.1897282e-01   6.2280702e-01   6.6666667e-01   1.6666667e-01
   8.4551291e-02   6.4035088e-01   6.6666667e-01   1.6666667e-01
   6.2423166e-02   6.4912281e-01   6.7543860e-01   1.6666667e-01
   5.3408004e-02   6.5789474e-01   6.7543860e-01   1.6666667e-01
   5.1768884e-02   6.5789474e-01   6.7543860e-01   1.6666667e-01
   4.8763830e-02   6.5789474e-01   6.7543860e-01   1.6666667e-01
   4.3436689e-02   6.5789474e-01   6.7543860e-01   1.6666667e-01
   3.7153394e-02   6.5789474e-01   6.6666667e-01   1.6666667e-01
   3.1826253e-02   6.5789474e-01   6.6666667e-01   1.6666667e-01
   2.9094386e-02   6.5789474e-01   6.5789474e-01   1.6666667e-01
   2.7455266e-02   6.5570175e-01   6.5570175e-01   0.0000000e+00
   1.9396257e-02   6.5350877e-01   6.5350877e-01   0.0000000e+00
   1.1747029e-02   6.5131579e-01   6.5131579e-01   0.0000000e+00
   4.5075809e-03   6.4912281e-01   6.4912281e-01   0.0000000e+00
   0.0000000e+00   6.4692982e-01   6.4692982e-01   0.0000000e+00
   1.3659336e-04   6.4473684e-01   6.4473684e-01   0.0000000e+00
   6.8296681e-04   6.4254386e-01   6.4254386e-01   0.0000000e+00
   2.6089332e-02   6.4035088e-01   6.4035088e-01   1.6666667e-01
   9.7527660e-02   6.0526316e-01   6.5789474e-01   1.6666667e-01
   2.1895916e-01   5.9649123e-01   6.6666667e-01   1.6666667e-01
   3.0692528e-01   5.8771930e-01   1.0000000e+00   3.3333333e-01
   3.6634340e-01   5.7894737e-01   1.0000000e+00   5.0000000e-01
   3.8642262e-01   5.7894737e-01   9.5614035e-01   3.3333333e-01
   3.8041251e-01   5.7894737e-01   9.5614035e-01   3.3333333e-01
   3.6265537e-01   5.7894737e-01   9.4736842e-01   3.3333333e-01
   3.0842781e-01   5.7894737e-01   9.3859649e-01   3.3333333e-01
   2.4750717e-01   5.7894737e-01   9.1228070e-01   5.0000000e-01
   1.8153258e-01   5.7894737e-01   7.0175439e-01   3.3333333e-01
   1.3973501e-01   5.7894737e-01   7.1052632e-01   3.3333333e-01
   1.3427127e-01   5.7894737e-01   7.1052632e-01   3.3333333e-01
   1.3085644e-01   5.8771930e-01   8.6842105e-01   5.0000000e-01
   1.3071985e-01   5.8771930e-01   8.6842105e-01   5.0000000e-01
   1.5776533e-01   5.9649123e-01   8.6842105e-01   5.0000000e-01
   1.9491873e-01   5.9649123e-01   8.6842105e-01   5.0000000e-01
   2.5529299e-01   6.0526316e-01   7.0175439e-01   3.3333333e-01
   3.3274143e-01   6.0526316e-01   9.8245614e-01   5.0000000e-01
   4.3983062e-01   6.0526316e-01   9.9122807e-01   5.0000000e-01
   6.8310340e-01   6.1403509e-01   9.9122807e-01   5.0000000e-01
   9.1080453e-01   6.2280702e-01   9.8245614e-01   1.6666667e-01
   1.0000000e+00   6.3157895e-01   9.6491228e-01   1.6666667e-01
   9.4304057e-01   6.3157895e-01   9.4736842e-01   1.6666667e-01
   8.1996995e-01   6.4035088e-01   9.3859649e-01   1.6666667e-01
   6.7313209e-01   6.4912281e-01   9.3859649e-01   1.6666667e-01
   5.1891818e-01   6.5789474e-01   9.2982456e-01   1.6666667e-01
   3.4448846e-01   7.1929825e-01   8.8596491e-01   1.6666667e-01
   1.6473159e-01   7.8947368e-01   8.1578947e-01   1.6666667e-01
   3.3738560e-02   7.8947368e-01   8.1578947e-01   0.0000000e+00
