   2.4400000e+02
   1.1829370e-02   5.5555556e-01   5.6666667e-01   1.6666667e-01
   4.1582029e-02   5.4444444e-01   5.7777778e-01   1.6666667e-01
   7.2529573e-02   5.2222222e-01   5.8888889e-01   1.6666667e-01
   1.1124388e-01   5.0000000e-01   5.7777778e-01   1.6666667e-01
   1.6537221e-01   4.7777778e-01   5.7777778e-01   1.6666667e-01
   2.4232286e-01   4.1111111e-01   5.6666667e-01   1.6666667e-01
   3.1843709e-01   4.0000000e-01   5.6666667e-01   1.6666667e-01
   3.9765802e-01   3.7777778e-01   5.8888889e-01   1.6666667e-01
   4.9551918e-01   2.8888889e-01   6.0000000e-01   3.3333333e-01
   6.0509021e-01   2.5555556e-01   6.1111111e-01   3.3333333e-01
   6.7307922e-01   2.0000000e-01   6.2222222e-01   3.3333333e-01
   7.1848488e-01   2.0000000e-01   6.3333333e-01   3.3333333e-01
   7.5409248e-01   2.0000000e-01   6.4444444e-01   3.3333333e-01
   7.3724459e-01   3.3333333e-02   6.4444444e-01   5.0000000e-01
   6.7200382e-01   2.2222222e-02   6.5555556e-01   5.0000000e-01
   5.9015414e-01   1.1111111e-02   6.5555556e-01   3.3333333e-01
   4.8500418e-01   1.1111111e-02   6.6666667e-01   5.0000000e-01
   4.1761262e-01   1.1111111e-02   6.6666667e-01   5.0000000e-01
   3.4161788e-01   1.1111111e-02   6.6666667e-01   5.0000000e-01
   3.1389652e-01   1.1111111e-02   6.7777778e-01   5.0000000e-01
   3.0840005e-01   1.1111111e-02   6.7777778e-01   5.0000000e-01
   3.3397061e-01   1.1111111e-02   6.7777778e-01   5.0000000e-01
   3.8941331e-01   2.2222222e-02   6.7777778e-01   5.0000000e-01
   4.7628152e-01   2.2222222e-02   6.7777778e-01   6.6666667e-01
   5.5920660e-01   3.3333333e-02   6.7777778e-01   6.6666667e-01
   5.9935476e-01   4.4444444e-02   6.7777778e-01   5.0000000e-01
   5.6816824e-01   5.5555556e-02   6.7777778e-01   5.0000000e-01
   5.1129167e-01   6.6666667e-02   6.6666667e-01   3.3333333e-01
   4.2227267e-01   8.8888889e-02   6.4444444e-01   3.3333333e-01
   3.2285817e-01   1.1111111e-01   6.0000000e-01   3.3333333e-01
   2.0898554e-01   1.3333333e-01   5.8888889e-01   3.3333333e-01
   1.1936910e-01   5.3333333e-01   5.7777778e-01   1.6666667e-01
   5.5203728e-02   5.4444444e-01   5.7777778e-01   1.6666667e-01
   4.4927709e-02   5.4444444e-01   5.7777778e-01   1.6666667e-01
   3.8594814e-02   5.5555556e-01   5.7777778e-01   1.6666667e-01
   3.1425499e-02   5.5555556e-01   5.7777778e-01   1.6666667e-01
   2.7362887e-02   5.6666667e-01   5.8888889e-01   1.6666667e-01
   2.5570558e-02   5.6666667e-01   5.8888889e-01   1.6666667e-01
   2.1985900e-02   5.6666667e-01   5.8888889e-01   1.6666667e-01
   1.8401243e-02   5.6666667e-01   5.8888889e-01   1.6666667e-01
   1.1231927e-02   5.6666667e-01   5.8888889e-01   1.6666667e-01
   6.2134066e-03   5.6666667e-01   5.8888889e-01   1.6666667e-01
   5.0185207e-03   5.6666667e-01   5.7777778e-01   1.6666667e-01
   8.0057355e-03   5.5555556e-01   5.7777778e-01   1.6666667e-01
   2.6287490e-02   5.5555556e-01   5.7777778e-01   1.6666667e-01
   5.3769865e-02   5.4444444e-01   5.7777778e-01   1.6666667e-01
   8.1849683e-02   5.4444444e-01   5.8888889e-01   1.6666667e-01
   1.1805473e-01   5.3333333e-01   6.0000000e-01   1.6666667e-01
   1.5270642e-01   5.3333333e-01   6.1111111e-01   1.6666667e-01
   1.8054726e-01   5.3333333e-01   6.2222222e-01   1.6666667e-01
   1.9703668e-01   5.3333333e-01   6.3333333e-01   1.6666667e-01
   2.0157725e-01   5.3333333e-01   6.4444444e-01   1.6666667e-01
   1.8795555e-01   5.3333333e-01   6.4444444e-01   1.6666667e-01
   1.6298244e-01   5.3333333e-01   6.5555556e-01   1.6666667e-01
   1.2761381e-01   5.4444444e-01   6.5555556e-01   1.6666667e-01
   8.9616442e-02   6.1111111e-01   6.6666667e-01   1.6666667e-01
   5.8788386e-02   6.3333333e-01   6.6666667e-01   1.6666667e-01
   4.5883618e-02   6.4444444e-01   6.7777778e-01   1.6666667e-01
   4.6242084e-02   6.4444444e-01   6.7777778e-01   1.6666667e-01
   4.4210778e-02   6.4444444e-01   6.7777778e-01   1.6666667e-01
   4.9946230e-02   6.4444444e-01   6.7777778e-01   1.6666667e-01
   5.1619070e-02   6.4444444e-01   6.7777778e-01   1.6666667e-01
   5.1858048e-02   6.4444444e-01   6.7777778e-01   1.6666667e-01
   5.4964751e-02   6.3333333e-01   6.7777778e-01   1.6666667e-01
   5.5920660e-02   6.3333333e-01   6.7777778e-01   1.6666667e-01
   5.8549409e-02   6.2222222e-01   6.7777778e-01   1.6666667e-01
   5.8668897e-02   6.2222222e-01   6.6666667e-01   1.6666667e-01
   5.8190943e-02   6.1111111e-01   6.6666667e-01   1.6666667e-01
   6.9303382e-02   6.1111111e-01   6.6666667e-01   1.6666667e-01
   1.1208030e-01   5.5555556e-01   6.5555556e-01   1.6666667e-01
   1.6847891e-01   5.3333333e-01   6.4444444e-01   1.6666667e-01
   2.0767117e-01   5.2222222e-01   6.4444444e-01   1.6666667e-01
   2.2320468e-01   5.1111111e-01   6.2222222e-01   1.6666667e-01
   2.2882065e-01   5.1111111e-01   6.2222222e-01   1.6666667e-01
   2.3443661e-01   5.1111111e-01   6.2222222e-01   1.6666667e-01
   2.4268132e-01   5.1111111e-01   6.3333333e-01   1.6666667e-01
   2.4590752e-01   5.1111111e-01   6.3333333e-01   1.6666667e-01
   2.2941809e-01   5.2222222e-01   6.4444444e-01   1.6666667e-01
   2.0109930e-01   5.2222222e-01   6.4444444e-01   1.6666667e-01
   1.6130959e-01   5.4444444e-01   6.5555556e-01   1.6666667e-01
   1.2319274e-01   5.5555556e-01   6.5555556e-01   1.6666667e-01
   8.8780022e-02   6.1111111e-01   6.5555556e-01   1.6666667e-01
   5.9624806e-02   6.2222222e-01   6.6666667e-01   1.6666667e-01
   3.9311746e-02   6.3333333e-01   6.6666667e-01   1.6666667e-01
   3.5727088e-02   6.3333333e-01   6.6666667e-01   1.6666667e-01
   3.8355837e-02   6.3333333e-01   6.6666667e-01   1.6666667e-01
   4.6481061e-02   6.2222222e-01   6.6666667e-01   1.6666667e-01
   6.3567929e-02   6.2222222e-01   6.6666667e-01   1.6666667e-01
   7.9459912e-02   6.1111111e-01   6.6666667e-01   1.6666667e-01
   8.8780022e-02   6.1111111e-01   6.6666667e-01   1.6666667e-01
   9.6307803e-02   6.0000000e-01   6.6666667e-01   1.6666667e-01
   9.6188314e-02   6.0000000e-01   6.5555556e-01   1.6666667e-01
   1.0383558e-01   5.8888889e-01   6.5555556e-01   1.6666667e-01
   1.3406620e-01   5.3333333e-01   6.5555556e-01   1.6666667e-01
   1.7325845e-01   5.2222222e-01   6.4444444e-01   1.6666667e-01
   1.8413192e-01   5.1111111e-01   6.3333333e-01   1.6666667e-01
   1.7301948e-01   5.1111111e-01   6.2222222e-01   1.6666667e-01
   1.5676903e-01   5.1111111e-01   6.1111111e-01   1.6666667e-01
   1.3765085e-01   5.1111111e-01   5.8888889e-01   1.6666667e-01
   1.3657546e-01   5.2222222e-01   6.0000000e-01   1.6666667e-01
   1.8305652e-01   5.2222222e-01   6.6666667e-01   3.3333333e-01
   2.6908830e-01   5.4444444e-01   7.1111111e-01   1.6666667e-01
   3.2238021e-01   5.5555556e-01   7.2222222e-01   1.6666667e-01
   3.2560640e-01   5.6666667e-01   7.2222222e-01   1.6666667e-01
   3.1724220e-01   5.6666667e-01   7.3333333e-01   1.6666667e-01
   2.9418091e-01   5.7777778e-01   7.3333333e-01   1.6666667e-01
   2.6227745e-01   5.7777778e-01   7.3333333e-01   1.6666667e-01
   2.2021747e-01   5.8888889e-01   7.3333333e-01   1.6666667e-01
   1.7242203e-01   6.0000000e-01   7.2222222e-01   1.6666667e-01
   1.2653842e-01   6.1111111e-01   7.1111111e-01   1.6666667e-01
   9.2962122e-02   6.2222222e-01   6.8888889e-01   1.6666667e-01
   7.1095710e-02   6.3333333e-01   6.8888889e-01   1.6666667e-01
   6.4045884e-02   6.3333333e-01   6.8888889e-01   1.6666667e-01
   6.5240770e-02   6.3333333e-01   6.8888889e-01   1.6666667e-01
   6.6435655e-02   6.2222222e-01   6.7777778e-01   1.6666667e-01
   6.8227984e-02   6.1111111e-01   6.7777778e-01   1.6666667e-01
   7.7189628e-02   6.0000000e-01   6.6666667e-01   1.6666667e-01
   7.4082925e-02   5.8888889e-01   6.5555556e-01   1.6666667e-01
   6.9542359e-02   5.8888889e-01   6.4444444e-01   1.6666667e-01
   5.9983272e-02   5.7777778e-01   6.3333333e-01   1.6666667e-01
   5.9146851e-02   5.7777778e-01   6.3333333e-01   1.6666667e-01
   5.9744294e-02   5.6666667e-01   6.2222222e-01   1.6666667e-01
   6.3089975e-02   5.5555556e-01   6.1111111e-01   1.6666667e-01
   7.8145537e-02   5.4444444e-01   6.0000000e-01   1.6666667e-01
   9.5829848e-02   5.3333333e-01   6.0000000e-01   1.6666667e-01
   1.0730075e-01   5.2222222e-01   5.8888889e-01   1.6666667e-01
   1.0670331e-01   5.2222222e-01   5.8888889e-01   1.6666667e-01
   1.0443303e-01   5.1111111e-01   5.7777778e-01   1.6666667e-01
   9.3679054e-02   5.1111111e-01   5.7777778e-01   1.6666667e-01
   9.3440076e-02   5.1111111e-01   5.6666667e-01   1.6666667e-01
   1.2343171e-01   4.6666667e-01   5.6666667e-01   1.6666667e-01
   1.8114470e-01   4.3333333e-01   5.6666667e-01   1.6666667e-01
   2.8271000e-01   4.1111111e-01   5.7777778e-01   1.6666667e-01
   4.3661130e-01   3.8888889e-01   6.1111111e-01   1.6666667e-01
   6.5276616e-01   3.3333333e-01   6.3333333e-01   1.6666667e-01
   8.3307444e-01   1.4444444e-01   6.7777778e-01   5.0000000e-01
   9.4873940e-01   8.8888889e-02   6.8888889e-01   1.6666667e-01
   1.0000000e+00   6.6666667e-02   7.0000000e-01   1.6666667e-01
   9.9940256e-01   5.5555556e-02   7.0000000e-01   3.3333333e-01
   9.4025571e-01   5.5555556e-02   7.0000000e-01   5.0000000e-01
   8.3474728e-01   5.5555556e-02   7.1111111e-01   3.3333333e-01
   7.1956028e-01   5.5555556e-02   7.1111111e-01   3.3333333e-01
   6.0485124e-01   5.5555556e-02   7.1111111e-01   3.3333333e-01
   5.1858048e-01   5.5555556e-02   7.1111111e-01   5.0000000e-01
   4.5919465e-01   6.6666667e-02   7.1111111e-01   5.0000000e-01
   4.2872506e-01   7.7777778e-02   7.0000000e-01   5.0000000e-01
   4.0781455e-01   7.7777778e-02   6.6666667e-01   5.0000000e-01
   4.1139921e-01   8.8888889e-02   6.3333333e-01   5.0000000e-01
   4.0948739e-01   1.0000000e-01   6.1111111e-01   5.0000000e-01
   3.7603059e-01   1.1111111e-01   6.0000000e-01   5.0000000e-01
   3.3134186e-01   1.3333333e-01   5.8888889e-01   5.0000000e-01
   2.8235154e-01   1.4444444e-01   5.8888889e-01   5.0000000e-01
   2.3742383e-01   1.5555556e-01   6.0000000e-01   5.0000000e-01
   1.9273509e-01   1.8888889e-01   6.0000000e-01   5.0000000e-01
   1.5796391e-01   5.4444444e-01   6.1111111e-01   1.6666667e-01
   1.2964512e-01   5.5555556e-01   6.2222222e-01   1.6666667e-01
   1.0156530e-01   5.5555556e-01   6.2222222e-01   1.6666667e-01
   8.0415820e-02   5.6666667e-01   6.3333333e-01   1.6666667e-01
   6.0222249e-02   5.7777778e-01   6.3333333e-01   1.6666667e-01
   4.0028677e-02   6.0000000e-01   6.3333333e-01   1.6666667e-01
   2.5212092e-02   6.1111111e-01   6.4444444e-01   1.6666667e-01
   1.4338631e-02   6.3333333e-01   6.4444444e-01   1.6666667e-01
   8.7226670e-03   6.4444444e-01   6.5555556e-01   1.6666667e-01
   2.2702832e-03   6.5555556e-01   6.6666667e-01   1.6666667e-01
   0.0000000e+00   6.5555556e-01   6.6666667e-01   1.6666667e-01
   4.8990321e-03   6.5555556e-01   6.6666667e-01   1.6666667e-01
   5.3769865e-03   6.5555556e-01   6.6666667e-01   1.6666667e-01
   5.2574979e-03   6.5555556e-01   6.6666667e-01   1.6666667e-01
   6.5718724e-03   6.5555556e-01   6.7777778e-01   1.6666667e-01
   1.0992950e-02   6.5555556e-01   6.7777778e-01   1.6666667e-01
   1.1709882e-02   6.5555556e-01   6.7777778e-01   1.6666667e-01
   1.2904768e-02   6.5555556e-01   6.7777778e-01   1.6666667e-01
   1.5175051e-02   6.5555556e-01   6.7777778e-01   1.6666667e-01
   1.7445334e-02   6.5555556e-01   6.7777778e-01   1.6666667e-01
   3.9909189e-02   5.6666667e-01   6.7777778e-01   3.3333333e-01
   8.0057355e-02   5.5555556e-01   6.7777778e-01   3.3333333e-01
   1.3777034e-01   5.2222222e-01   6.7777778e-01   3.3333333e-01
   1.9835106e-01   5.1111111e-01   6.7777778e-01   1.6666667e-01
   2.3694587e-01   5.1111111e-01   6.6666667e-01   1.6666667e-01
   2.4088900e-01   5.1111111e-01   6.6666667e-01   1.6666667e-01
   2.3001553e-01   5.0000000e-01   6.6666667e-01   1.6666667e-01
   2.2284622e-01   5.1111111e-01   6.6666667e-01   1.6666667e-01
   2.2487752e-01   5.1111111e-01   6.6666667e-01   1.6666667e-01
   2.1400406e-01   5.1111111e-01   6.6666667e-01   1.6666667e-01
   1.9464691e-01   5.2222222e-01   6.6666667e-01   1.6666667e-01
   1.6190704e-01   5.3333333e-01   6.6666667e-01   1.6666667e-01
   1.3346875e-01   5.4444444e-01   6.6666667e-01   3.3333333e-01
   1.0861513e-01   5.5555556e-01   6.7777778e-01   3.3333333e-01
   7.8981957e-02   5.6666667e-01   6.7777778e-01   3.3333333e-01
   5.0902139e-02   6.5555556e-01   6.7777778e-01   1.6666667e-01
   3.0589079e-02   6.6666667e-01   6.8888889e-01   1.6666667e-01
   2.3061298e-02   6.6666667e-01   6.8888889e-01   1.6666667e-01
   2.6645955e-02   6.6666667e-01   6.8888889e-01   1.6666667e-01
   2.6645955e-02   6.6666667e-01   6.8888889e-01   1.6666667e-01
   2.3061298e-02   6.6666667e-01   6.8888889e-01   1.6666667e-01
   2.2463855e-02   6.6666667e-01   6.8888889e-01   1.6666667e-01
   2.4973115e-02   6.6666667e-01   6.8888889e-01   1.6666667e-01
   2.7362887e-02   6.5555556e-01   6.8888889e-01   1.6666667e-01
   3.7519417e-02   6.4444444e-01   6.8888889e-01   1.6666667e-01
   4.3254869e-02   6.4444444e-01   6.7777778e-01   1.6666667e-01
   4.7795436e-02   6.3333333e-01   6.7777778e-01   1.6666667e-01
   4.6361572e-02   6.3333333e-01   6.7777778e-01   1.6666667e-01
   4.3135381e-02   6.3333333e-01   6.6666667e-01   1.6666667e-01
   7.0737245e-02   5.3333333e-01   6.6666667e-01   3.3333333e-01
   1.6095113e-01   5.0000000e-01   6.6666667e-01   3.3333333e-01
   2.8928187e-01   3.7777778e-01   6.5555556e-01   5.0000000e-01
   4.0195961e-01   3.5555556e-01   6.3333333e-01   5.0000000e-01
   4.7592305e-01   2.8888889e-01   6.1111111e-01   3.3333333e-01
   5.0878241e-01   2.8888889e-01   6.1111111e-01   1.6666667e-01
   5.0603417e-01   2.7777778e-01   6.2222222e-01   3.3333333e-01
   4.7568407e-01   2.7777778e-01   6.2222222e-01   3.3333333e-01
   4.2705222e-01   2.6666667e-01   6.3333333e-01   3.3333333e-01
   3.6981718e-01   2.6666667e-01   6.3333333e-01   3.3333333e-01
   3.0517386e-01   2.7777778e-01   6.4444444e-01   3.3333333e-01
   2.4017206e-01   2.8888889e-01   6.4444444e-01   3.3333333e-01
   2.0958298e-01   3.0000000e-01   6.5555556e-01   3.3333333e-01
   2.1603537e-01   3.1111111e-01   6.5555556e-01   6.6666667e-01
   2.4053053e-01   3.2222222e-01   6.5555556e-01   6.6666667e-01
   2.5415223e-01   3.3333333e-01   6.6666667e-01   5.0000000e-01
   2.5164297e-01   3.4444444e-01   6.6666667e-01   3.3333333e-01
   2.2439957e-01   3.5555556e-01   6.6666667e-01   3.3333333e-01
   1.8652169e-01   3.6666667e-01   6.6666667e-01   3.3333333e-01
   1.3765085e-01   3.7777778e-01   6.7777778e-01   3.3333333e-01
   9.0572350e-02   6.4444444e-01   6.7777778e-01   1.6666667e-01
   4.5644641e-02   6.4444444e-01   6.6666667e-01   1.6666667e-01
   3.9550723e-02   6.4444444e-01   6.6666667e-01   1.6666667e-01
   4.3254869e-02   6.4444444e-01   6.6666667e-01   1.6666667e-01
   4.6242084e-02   6.3333333e-01   6.6666667e-01   1.6666667e-01
   4.9229299e-02   6.3333333e-01   6.6666667e-01   1.6666667e-01
   5.2574979e-02   6.3333333e-01   6.6666667e-01   1.6666667e-01
   6.5121281e-02   6.2222222e-01   6.6666667e-01   1.6666667e-01
   7.4680368e-02   6.2222222e-01   6.6666667e-01   1.6666667e-01
   7.8742980e-02   6.2222222e-01   6.6666667e-01   1.6666667e-01
   8.1491218e-02   6.2222222e-01   6.5555556e-01   1.6666667e-01
   8.1132752e-02   6.1111111e-01   6.5555556e-01   1.6666667e-01
   7.5516788e-02   6.1111111e-01   6.5555556e-01   1.6666667e-01
   6.6555144e-02   6.1111111e-01   6.5555556e-01   1.6666667e-01
   5.9146851e-02   6.1111111e-01   6.5555556e-01   1.6666667e-01
   5.8788386e-02   6.2222222e-01   6.4444444e-01   1.6666667e-01
   6.0819692e-02   5.8888889e-01   6.4444444e-01   1.6666667e-01
   6.3567929e-02   5.8888889e-01   6.2222222e-01   1.6666667e-01
   5.2336002e-02   5.8888889e-01   6.2222222e-01   1.6666667e-01
   3.5249134e-02   6.0000000e-01   6.1111111e-01   1.6666667e-01
   2.0552037e-02   6.1111111e-01   6.1111111e-01   1.6666667e-01
