   1.1800000e+02
   3.7109375e-02   8.6956522e-02   3.4782609e-01   0.0000000e+00
   2.5898437e-01   8.6956522e-02   3.4782609e-01   1.6666667e-01
   5.3593750e-01   8.6956522e-02   4.3478261e-01   1.6666667e-01
   7.6210937e-01   4.3478261e-02   4.7826087e-01   1.6666667e-01
   9.1835937e-01   4.3478261e-02   5.2173913e-01   1.6666667e-01
   1.0000000e+00   4.3478261e-02   5.6521739e-01   1.6666667e-01
   9.9140625e-01   0.0000000e+00   5.6521739e-01   1.6666667e-01
   9.3750000e-01   0.0000000e+00   6.0869565e-01   1.6666667e-01
   9.0625000e-01   0.0000000e+00   6.0869565e-01   1.6666667e-01
   8.6445313e-01   0.0000000e+00   6.5217391e-01   1.6666667e-01
   8.0117187e-01   0.0000000e+00   6.5217391e-01   1.6666667e-01
   7.7148438e-01   4.3478261e-02   6.9565217e-01   3.3333333e-01
   7.2656250e-01   4.3478261e-02   6.9565217e-01   3.3333333e-01
   7.2148437e-01   4.3478261e-02   6.9565217e-01   3.3333333e-01
   8.1171875e-01   4.3478261e-02   6.9565217e-01   3.3333333e-01
   8.9531250e-01   8.6956522e-02   6.9565217e-01   1.6666667e-01
   9.5312500e-01   8.6956522e-02   6.9565217e-01   1.6666667e-01
   9.3007812e-01   8.6956522e-02   6.9565217e-01   1.6666667e-01
   8.5078125e-01   8.6956522e-02   6.9565217e-01   1.6666667e-01
   7.3671875e-01   1.3043478e-01   6.5217391e-01   1.6666667e-01
   6.5000000e-01   1.3043478e-01   6.0869565e-01   1.6666667e-01
   5.5351562e-01   1.3043478e-01   5.6521739e-01   1.6666667e-01
   4.7539063e-01   1.3043478e-01   5.6521739e-01   1.6666667e-01
   3.9140625e-01   1.7391304e-01   5.2173913e-01   3.3333333e-01
   3.0156250e-01   1.7391304e-01   3.4782609e-01   1.6666667e-01
   2.2265625e-01   1.7391304e-01   3.4782609e-01   1.6666667e-01
   2.2226562e-01   2.1739130e-01   3.4782609e-01   1.6666667e-01
   2.2539063e-01   2.1739130e-01   3.4782609e-01   1.6666667e-01
   2.5273438e-01   2.1739130e-01   3.4782609e-01   1.6666667e-01
   2.6484375e-01   2.1739130e-01   3.4782609e-01   1.6666667e-01
   2.7539062e-01   2.1739130e-01   3.9130435e-01   1.6666667e-01
   2.8164062e-01   2.1739130e-01   3.9130435e-01   1.6666667e-01
   2.6601562e-01   2.1739130e-01   3.9130435e-01   1.6666667e-01
   3.0000000e-01   2.1739130e-01   3.9130435e-01   1.6666667e-01
   3.2773438e-01   1.7391304e-01   3.9130435e-01   1.6666667e-01
   4.0234375e-01   1.7391304e-01   3.9130435e-01   1.6666667e-01
   4.7460938e-01   1.3043478e-01   3.9130435e-01   1.6666667e-01
   5.6210938e-01   1.3043478e-01   4.3478261e-01   1.6666667e-01
   6.4375000e-01   1.3043478e-01   4.7826087e-01   1.6666667e-01
   7.1367187e-01   1.3043478e-01   5.2173913e-01   1.6666667e-01
   7.6367188e-01   1.3043478e-01   5.6521739e-01   1.6666667e-01
   7.2617188e-01   1.3043478e-01   5.6521739e-01   1.6666667e-01
   6.4257812e-01   1.7391304e-01   6.0869565e-01   1.6666667e-01
   5.6835938e-01   1.7391304e-01   6.0869565e-01   1.6666667e-01
   4.8320313e-01   2.1739130e-01   6.5217391e-01   1.6666667e-01
   3.8671875e-01   3.0434783e-01   6.5217391e-01   1.6666667e-01
   2.9804687e-01   5.2173913e-01   6.5217391e-01   1.6666667e-01
   2.0117188e-01   5.2173913e-01   6.9565217e-01   1.6666667e-01
   1.7500000e-01   5.6521739e-01   6.9565217e-01   1.6666667e-01
   1.6210938e-01   5.6521739e-01   6.9565217e-01   1.6666667e-01
   1.6796875e-01   5.6521739e-01   6.9565217e-01   1.6666667e-01
   1.8203125e-01   5.2173913e-01   6.9565217e-01   1.6666667e-01
   2.1054687e-01   4.7826087e-01   6.9565217e-01   1.6666667e-01
   2.3007812e-01   4.3478261e-01   6.5217391e-01   1.6666667e-01
   2.3984375e-01   3.9130435e-01   6.0869565e-01   1.6666667e-01
   3.0625000e-01   3.9130435e-01   6.0869565e-01   1.6666667e-01
   3.7539062e-01   2.1739130e-01   5.6521739e-01   1.6666667e-01
   4.6601562e-01   1.7391304e-01   5.6521739e-01   1.6666667e-01
   4.9882813e-01   1.3043478e-01   5.6521739e-01   1.6666667e-01
   4.7656250e-01   1.3043478e-01   5.2173913e-01   1.6666667e-01
   4.2617187e-01   1.7391304e-01   4.7826087e-01   1.6666667e-01
   3.7851563e-01   1.7391304e-01   4.7826087e-01   1.6666667e-01
   3.2070312e-01   2.1739130e-01   4.7826087e-01   1.6666667e-01
   2.6875000e-01   2.6086957e-01   5.2173913e-01   1.6666667e-01
   2.4218750e-01   3.4782609e-01   5.6521739e-01   1.6666667e-01
   1.9492187e-01   3.9130435e-01   5.6521739e-01   1.6666667e-01
   1.9414063e-01   4.3478261e-01   6.0869565e-01   1.6666667e-01
   1.7734375e-01   4.7826087e-01   6.0869565e-01   1.6666667e-01
   1.8242188e-01   5.2173913e-01   6.0869565e-01   1.6666667e-01
   1.8867187e-01   5.2173913e-01   6.5217391e-01   1.6666667e-01
   1.7890625e-01   5.2173913e-01   6.5217391e-01   1.6666667e-01
   1.4843750e-01   5.2173913e-01   6.5217391e-01   1.6666667e-01
   1.4531250e-01   5.2173913e-01   6.5217391e-01   1.6666667e-01
   1.2421875e-01   5.2173913e-01   6.5217391e-01   1.6666667e-01
   1.1250000e-01   5.6521739e-01   6.5217391e-01   1.6666667e-01
   9.5312500e-02   5.2173913e-01   5.8695652e-01   0.0000000e+00
   1.1015625e-01   4.7826087e-01   5.2173913e-01   1.6666667e-01
   9.6875000e-02   4.3478261e-01   5.2173913e-01   1.6666667e-01
   1.2851562e-01   3.9130435e-01   5.2173913e-01   1.6666667e-01
   1.5000000e-01   3.9130435e-01   5.2173913e-01   1.6666667e-01
   1.5156250e-01   3.4782609e-01   4.7826087e-01   1.6666667e-01
   1.7304687e-01   2.6086957e-01   4.7826087e-01   1.6666667e-01
   1.9570313e-01   2.1739130e-01   3.9130435e-01   1.6666667e-01
   2.1914063e-01   1.7391304e-01   3.9130435e-01   1.6666667e-01
   2.3906250e-01   1.7391304e-01   3.4782609e-01   1.6666667e-01
   2.6992187e-01   1.7391304e-01   3.4782609e-01   1.6666667e-01
   3.0351563e-01   1.7391304e-01   3.9130435e-01   1.6666667e-01
   3.6484375e-01   1.7391304e-01   4.7826087e-01   1.6666667e-01
   4.2031250e-01   1.7391304e-01   5.6521739e-01   1.6666667e-01
   4.4531250e-01   2.1739130e-01   6.0869565e-01   1.6666667e-01
   4.3007812e-01   2.6086957e-01   6.0869565e-01   1.6666667e-01
   4.0039062e-01   3.0434783e-01   6.5217391e-01   1.6666667e-01
   3.5976562e-01   3.4782609e-01   6.5217391e-01   1.6666667e-01
   3.0156250e-01   4.3478261e-01   6.9565217e-01   1.6666667e-01
   2.3710938e-01   5.6521739e-01   6.9565217e-01   1.6666667e-01
   2.0742188e-01   6.0869565e-01   7.3913043e-01   1.6666667e-01
   1.9609375e-01   6.0869565e-01   7.3913043e-01   1.6666667e-01
   1.8671875e-01   6.0869565e-01   7.3913043e-01   1.6666667e-01
   1.8984375e-01   6.0869565e-01   7.3913043e-01   1.6666667e-01
   2.0429687e-01   6.0869565e-01   7.3913043e-01   1.6666667e-01
   1.9843750e-01   6.5217391e-01   7.8260870e-01   1.6666667e-01
   1.8945312e-01   6.5217391e-01   7.8260870e-01   1.6666667e-01
   1.8046875e-01   6.5217391e-01   7.8260870e-01   1.6666667e-01
   1.7031250e-01   6.0869565e-01   7.8260870e-01   1.6666667e-01
   1.5859375e-01   6.0869565e-01   7.3913043e-01   1.6666667e-01
   1.4453125e-01   6.0869565e-01   7.3913043e-01   1.6666667e-01
   1.3554688e-01   6.0869565e-01   7.3913043e-01   1.6666667e-01
   1.1484375e-01   6.0869565e-01   7.3913043e-01   1.6666667e-01
   1.2304688e-01   6.0869565e-01   6.9565217e-01   1.6666667e-01
   1.2148438e-01   6.0869565e-01   6.9565217e-01   1.6666667e-01
   1.3789062e-01   5.6521739e-01   6.9565217e-01   1.6666667e-01
   1.2812500e-01   5.6521739e-01   6.9565217e-01   1.6666667e-01
   1.2617187e-01   5.2173913e-01   6.5217391e-01   1.6666667e-01
   1.2382812e-01   5.2173913e-01   6.0869565e-01   1.6666667e-01
   1.2421875e-01   5.2173913e-01   6.0869565e-01   1.6666667e-01
   9.5312500e-02   5.2173913e-01   6.0869565e-01   1.6666667e-01
   3.5156250e-02   5.6521739e-01   5.6521739e-01   1.6666667e-01
   0.0000000e+00   5.6521739e-01   5.6521739e-01   0.0000000e+00
