   1.7500000e+02
   1.4997745e-02   4.6428571e-01   4.6428571e-01   0.0000000e+00
   2.4131710e-02   4.6428571e-01   4.6428571e-01   0.0000000e+00
   3.6084799e-02   4.6428571e-01   4.6428571e-01   1.6666667e-01
   4.4316644e-02   4.5238095e-01   4.7619048e-01   1.6666667e-01
   6.4163284e-02   4.4047619e-01   4.7619048e-01   1.6666667e-01
   9.8894903e-02   3.9285714e-01   4.7619048e-01   1.6666667e-01
   1.6350925e-01   3.6904762e-01   4.5238095e-01   1.6666667e-01
   3.2690573e-01   7.1428571e-02   4.6428571e-01   3.3333333e-01
   5.7521425e-01   3.5714286e-02   5.2380952e-01   3.3333333e-01
   8.2916103e-01   1.1904762e-02   5.9523810e-01   1.6666667e-01
   9.7327470e-01   0.0000000e+00   6.4285714e-01   1.6666667e-01
   1.0000000e+00   0.0000000e+00   6.5476190e-01   1.6666667e-01
   9.6493009e-01   0.0000000e+00   6.6666667e-01   3.3333333e-01
   8.9433920e-01   0.0000000e+00   6.6666667e-01   3.3333333e-01
   8.0525485e-01   0.0000000e+00   6.6666667e-01   3.3333333e-01
   7.1053225e-01   0.0000000e+00   6.7857143e-01   5.0000000e-01
   6.1073523e-01   1.1904762e-02   6.7857143e-01   5.0000000e-01
   5.5626973e-01   1.1904762e-02   6.6666667e-01   5.0000000e-01
   5.1488498e-01   2.3809524e-02   6.1904762e-01   5.0000000e-01
   4.7395129e-01   2.3809524e-02   5.9523810e-01   5.0000000e-01
   4.0787100e-01   3.5714286e-02   5.9523810e-01   5.0000000e-01
   3.4663960e-01   4.7619048e-02   5.9523810e-01   5.0000000e-01
   3.2216960e-01   5.9523810e-02   5.9523810e-01   5.0000000e-01
   3.3570140e-01   7.1428571e-02   6.0714286e-01   3.3333333e-01
   3.3479928e-01   8.3333333e-02   6.1904762e-01   3.3333333e-01
   3.1213351e-01   4.4047619e-01   6.3095238e-01   1.6666667e-01
   2.7322959e-01   4.5238095e-01   6.3095238e-01   1.6666667e-01
   2.3240866e-01   4.5238095e-01   6.4285714e-01   1.6666667e-01
   2.0218764e-01   4.6428571e-01   6.4285714e-01   1.6666667e-01
   1.5899865e-01   5.0000000e-01   6.5476190e-01   3.3333333e-01
   1.1524583e-01   6.1904762e-01   6.5476190e-01   1.6666667e-01
   7.4875959e-02   6.1904762e-01   6.5476190e-01   1.6666667e-01
   5.8186739e-02   6.3095238e-01   6.5476190e-01   1.6666667e-01
   5.4803789e-02   6.3095238e-01   6.6666667e-01   1.6666667e-01
   4.9503834e-02   6.3095238e-01   6.6666667e-01   1.6666667e-01
   4.6684709e-02   6.3095238e-01   6.6666667e-01   1.6666667e-01
   4.9954894e-02   6.3095238e-01   6.6666667e-01   1.6666667e-01
   5.7397384e-02   6.3095238e-01   6.6666667e-01   1.6666667e-01
   6.2471809e-02   6.0714286e-01   6.5476190e-01   1.6666667e-01
   6.8222824e-02   5.8333333e-01   6.3095238e-01   1.6666667e-01
   7.1718539e-02   5.7142857e-01   6.3095238e-01   1.6666667e-01
   6.8110059e-02   5.5952381e-01   6.0714286e-01   1.6666667e-01
   6.3937754e-02   5.5952381e-01   5.9523810e-01   1.6666667e-01
   6.0780334e-02   5.4761905e-01   5.9523810e-01   1.6666667e-01
   5.4691024e-02   5.3571429e-01   5.8333333e-01   1.6666667e-01
   5.0857014e-02   5.2380952e-01   5.4761905e-01   1.6666667e-01
   5.3337844e-02   5.2380952e-01   5.4761905e-01   1.6666667e-01
   5.3563374e-02   5.2380952e-01   5.4761905e-01   1.6666667e-01
   6.0893099e-02   5.2380952e-01   5.4761905e-01   1.6666667e-01
   6.8110059e-02   5.2380952e-01   5.5952381e-01   1.6666667e-01
   7.3297249e-02   5.2380952e-01   5.5952381e-01   1.6666667e-01
   8.0626973e-02   5.2380952e-01   5.5952381e-01   1.6666667e-01
   9.5399188e-02   5.2380952e-01   5.7142857e-01   1.6666667e-01
   1.4918809e-01   5.3571429e-01   6.4285714e-01   1.6666667e-01
   2.0861525e-01   5.3571429e-01   6.6666667e-01   1.6666667e-01
   2.3928733e-01   5.4761905e-01   6.7857143e-01   1.6666667e-01
   2.3770862e-01   5.5952381e-01   6.7857143e-01   1.6666667e-01
   2.3128101e-01   5.5952381e-01   6.7857143e-01   1.6666667e-01
   2.0940460e-01   5.5952381e-01   6.9047619e-01   1.6666667e-01
   1.7794317e-01   5.7142857e-01   6.9047619e-01   1.6666667e-01
   1.5493911e-01   5.7142857e-01   6.9047619e-01   1.6666667e-01
   1.3317546e-01   5.5952381e-01   6.7857143e-01   1.6666667e-01
   1.1434371e-01   5.5952381e-01   6.5476190e-01   1.6666667e-01
   9.1114118e-02   5.4761905e-01   6.1904762e-01   1.6666667e-01
   6.9688769e-02   5.4761905e-01   5.9523810e-01   3.3333333e-01
   5.8637799e-02   5.3571429e-01   5.5952381e-01   1.6666667e-01
   5.4803789e-02   5.2380952e-01   5.5952381e-01   1.6666667e-01
   6.7433469e-02   5.2380952e-01   5.5952381e-01   1.6666667e-01
   7.7356788e-02   5.2380952e-01   5.5952381e-01   1.6666667e-01
   8.4122688e-02   5.2380952e-01   5.7142857e-01   1.6666667e-01
   8.9084348e-02   5.2380952e-01   5.8333333e-01   1.6666667e-01
   9.0663058e-02   5.3571429e-01   5.9523810e-01   1.6666667e-01
   9.0324763e-02   5.3571429e-01   6.0714286e-01   1.6666667e-01
   8.5475868e-02   5.4761905e-01   6.1904762e-01   1.6666667e-01
   7.6454668e-02   5.5952381e-01   6.1904762e-01   1.6666667e-01
   6.3599459e-02   5.8333333e-01   6.3095238e-01   1.6666667e-01
   5.1420839e-02   6.0714286e-01   6.3095238e-01   1.6666667e-01
   4.4091114e-02   6.0714286e-01   6.3095238e-01   1.6666667e-01
   3.9918809e-02   6.1904762e-01   6.4285714e-01   1.6666667e-01
   3.7437979e-02   6.1904762e-01   6.4285714e-01   1.6666667e-01
   3.4055029e-02   6.1904762e-01   6.4285714e-01   1.6666667e-01
   3.2363554e-02   6.3095238e-01   6.4285714e-01   1.6666667e-01
   2.9657194e-02   6.3095238e-01   6.4285714e-01   1.6666667e-01
   2.7289129e-02   6.3095238e-01   6.4285714e-01   1.6666667e-01
   2.5935949e-02   6.3095238e-01   6.4285714e-01   1.6666667e-01
   2.5033829e-02   6.3095238e-01   6.4285714e-01   1.6666667e-01
   2.4244475e-02   6.3095238e-01   6.3095238e-01   1.6666667e-01
   2.3680650e-02   6.3095238e-01   6.3095238e-01   1.6666667e-01
   2.3793415e-02   6.3095238e-01   6.3095238e-01   1.6666667e-01
   2.2665765e-02   6.3095238e-01   6.3095238e-01   1.6666667e-01
   1.9508345e-02   6.3010204e-01   6.3095238e-01   0.0000000e+00
   1.4884980e-02   6.2925170e-01   6.3095238e-01   0.0000000e+00
   1.7027515e-02   6.2840136e-01   6.3095238e-01   0.0000000e+00
   1.2967975e-02   6.2755102e-01   6.3095238e-01   0.0000000e+00
   1.0938205e-02   6.2670068e-01   6.3095238e-01   0.0000000e+00
   2.9318899e-03   6.2585034e-01   6.3095238e-01   0.0000000e+00
   0.0000000e+00   6.2500000e-01   6.3095238e-01   0.0000000e+00
   2.2553000e-04   6.2414966e-01   6.3095238e-01   0.0000000e+00
   2.2553000e-04   6.2329932e-01   6.3095238e-01   0.0000000e+00
   2.2553000e-04   6.2244898e-01   6.3095238e-01   0.0000000e+00
   2.2553000e-04   6.2159864e-01   6.3095238e-01   0.0000000e+00
   5.6382499e-04   6.2074830e-01   6.3095238e-01   0.0000000e+00
   1.0825440e-02   6.1989796e-01   6.3095238e-01   0.0000000e+00
   5.2999549e-02   6.1904762e-01   6.3095238e-01   1.6666667e-01
   9.8669373e-02   5.5952381e-01   6.4285714e-01   1.6666667e-01
   1.2426703e-01   5.4761905e-01   6.5476190e-01   1.6666667e-01
   1.3092016e-01   5.3571429e-01   6.6666667e-01   1.6666667e-01
   1.2246279e-01   5.4761905e-01   6.6666667e-01   3.3333333e-01
   1.0757781e-01   6.1904762e-01   6.7857143e-01   1.6666667e-01
   9.1226883e-02   5.0000000e-01   6.7857143e-01   3.3333333e-01
   8.2882273e-02   5.0000000e-01   6.7857143e-01   3.3333333e-01
   9.6639603e-02   5.0000000e-01   6.7857143e-01   3.3333333e-01
   1.1242670e-01   5.0000000e-01   6.7857143e-01   3.3333333e-01
   1.3937754e-01   5.0000000e-01   6.7857143e-01   3.3333333e-01
   1.6824538e-01   5.1190476e-01   6.6666667e-01   3.3333333e-01
   1.7399639e-01   5.2380952e-01   6.6666667e-01   1.6666667e-01
   1.7151556e-01   5.2380952e-01   6.6666667e-01   1.6666667e-01
   1.5651782e-01   5.3571429e-01   6.5476190e-01   1.6666667e-01
   1.3216058e-01   5.3571429e-01   6.4285714e-01   1.6666667e-01
   1.0498421e-01   5.3571429e-01   5.8333333e-01   1.6666667e-01
   8.2543978e-02   5.3571429e-01   5.8333333e-01   1.6666667e-01
   6.4952639e-02   5.3571429e-01   5.7142857e-01   1.6666667e-01
   6.2133514e-02   5.3571429e-01   5.7142857e-01   1.6666667e-01
   6.3712224e-02   5.3571429e-01   5.7142857e-01   1.6666667e-01
   6.8786649e-02   5.3571429e-01   5.7142857e-01   1.6666667e-01
   7.1493009e-02   5.3571429e-01   5.7142857e-01   1.6666667e-01
   7.9724853e-02   5.2380952e-01   5.7142857e-01   1.6666667e-01
   9.6639603e-02   5.2380952e-01   5.7142857e-01   1.6666667e-01
   1.1265223e-01   5.2380952e-01   5.7142857e-01   1.6666667e-01
   1.3092016e-01   5.1190476e-01   5.8333333e-01   1.6666667e-01
   1.5290934e-01   5.1190476e-01   5.9523810e-01   1.6666667e-01
   1.7861976e-01   5.1190476e-01   6.0714286e-01   1.6666667e-01
   1.9711322e-01   5.2380952e-01   6.1904762e-01   1.6666667e-01
   2.0297700e-01   5.2380952e-01   6.3095238e-01   1.6666667e-01
   1.9124944e-01   5.3571429e-01   6.4285714e-01   1.6666667e-01
   1.6993685e-01   5.3571429e-01   6.5476190e-01   1.6666667e-01
   1.4636897e-01   5.4761905e-01   6.5476190e-01   1.6666667e-01
   1.2731168e-01   5.7142857e-01   6.6666667e-01   1.6666667e-01
   1.0475868e-01   6.0714286e-01   6.6666667e-01   1.6666667e-01
   8.7505638e-02   6.3095238e-01   6.6666667e-01   1.6666667e-01
   7.3748309e-02   6.4285714e-01   6.7857143e-01   1.6666667e-01
   6.7997294e-02   6.4285714e-01   6.7857143e-01   1.6666667e-01
   6.4839874e-02   6.5476190e-01   6.7857143e-01   1.6666667e-01
   6.1795219e-02   6.5476190e-01   6.7857143e-01   1.6666667e-01
   5.8863329e-02   6.5476190e-01   6.9047619e-01   1.6666667e-01
   5.7961209e-02   6.5476190e-01   6.9047619e-01   1.6666667e-01
   5.8299504e-02   6.5476190e-01   6.9047619e-01   1.6666667e-01
   5.7510149e-02   6.5476190e-01   6.7857143e-01   1.6666667e-01
   5.7510149e-02   6.4285714e-01   6.7857143e-01   1.6666667e-01
   7.0139829e-02   6.4285714e-01   6.7857143e-01   1.6666667e-01
   1.0047361e-01   5.9523810e-01   6.7857143e-01   1.6666667e-01
   1.4073072e-01   5.5952381e-01   6.6666667e-01   1.6666667e-01
   1.7388363e-01   5.4761905e-01   6.6666667e-01   1.6666667e-01
   1.9700045e-01   5.4761905e-01   6.5476190e-01   1.6666667e-01
   2.0004511e-01   5.4761905e-01   6.5476190e-01   1.6666667e-01
   1.9181326e-01   5.4761905e-01   6.4285714e-01   1.6666667e-01
   1.8200271e-01   5.5952381e-01   6.4285714e-01   1.6666667e-01
   1.6711773e-01   5.5952381e-01   6.5476190e-01   1.6666667e-01
   1.4862427e-01   5.7142857e-01   6.5476190e-01   1.6666667e-01
   1.3058187e-01   5.8333333e-01   6.5476190e-01   1.6666667e-01
   1.1050970e-01   6.0714286e-01   6.6666667e-01   1.6666667e-01
   9.2129003e-02   6.1904762e-01   6.6666667e-01   1.6666667e-01
   8.5250338e-02   6.3095238e-01   6.6666667e-01   1.6666667e-01
   1.0340550e-01   5.2380952e-01   6.7857143e-01   3.3333333e-01
   1.4208390e-01   5.1190476e-01   6.7857143e-01   3.3333333e-01
   1.9981958e-01   5.1190476e-01   6.7857143e-01   3.3333333e-01
   2.5541272e-01   5.1190476e-01   6.7857143e-01   1.6666667e-01
   2.8371673e-01   5.2380952e-01   6.7857143e-01   1.6666667e-01
   2.7221470e-01   5.3571429e-01   6.6666667e-01   1.6666667e-01
   2.3263419e-01   5.4761905e-01   6.6666667e-01   1.6666667e-01
   1.8561119e-01   5.4761905e-01   6.6666667e-01   1.6666667e-01
   1.4975192e-01   5.7142857e-01   6.6666667e-01   1.6666667e-01
   1.1874154e-01   5.8333333e-01   6.6666667e-01   1.6666667e-01
   8.4460983e-02   6.0714286e-01   6.5476190e-01   1.6666667e-01
   5.2097429e-02   6.0714286e-01   6.5476190e-01   0.0000000e+00
