   2.4200000e+02
   4.5124899e-02   4.4000000e-01   4.6000000e-01   1.6666667e-01
   1.0596293e-01   4.2000000e-01   4.8000000e-01   1.6666667e-01
   1.6095890e-01   4.2000000e-01   5.0000000e-01   1.6666667e-01
   1.9822724e-01   4.0000000e-01   5.4000000e-01   1.6666667e-01
   2.2159549e-01   4.0000000e-01   5.6000000e-01   1.6666667e-01
   2.2461724e-01   4.0000000e-01   5.8000000e-01   1.6666667e-01
   2.1796938e-01   4.2000000e-01   6.0000000e-01   1.6666667e-01
   1.8835616e-01   4.4000000e-01   6.2000000e-01   1.6666667e-01
   1.5813860e-01   5.4000000e-01   6.4000000e-01   1.6666667e-01
   1.1603546e-01   5.8000000e-01   6.4000000e-01   1.6666667e-01
   7.0104754e-02   6.0000000e-01   6.6000000e-01   1.6666667e-01
   5.2578566e-02   6.2000000e-01   6.6000000e-01   1.6666667e-01
   5.0966962e-02   6.4000000e-01   6.6000000e-01   1.6666667e-01
   4.2707494e-02   6.4000000e-01   6.6000000e-01   1.6666667e-01
   4.1095890e-02   6.4000000e-01   6.6000000e-01   1.6666667e-01
   4.2103143e-02   6.4000000e-01   6.6000000e-01   1.6666667e-01
   4.3916197e-02   6.4000000e-01   6.6000000e-01   1.6666667e-01
   4.4923449e-02   6.4000000e-01   6.8000000e-01   1.6666667e-01
   4.6535052e-02   6.4000000e-01   6.8000000e-01   1.6666667e-01
   6.4464142e-02   6.4000000e-01   6.8000000e-01   1.6666667e-01
   1.0576148e-01   4.4000000e-01   6.6000000e-01   3.3333333e-01
   1.4766317e-01   4.4000000e-01   6.6000000e-01   3.3333333e-01
   1.8674456e-01   4.4000000e-01   5.0000000e-01   1.6666667e-01
   1.8190975e-01   4.4000000e-01   5.2000000e-01   1.6666667e-01
   1.5290089e-01   4.4000000e-01   5.4000000e-01   1.6666667e-01
   1.2892828e-01   4.4000000e-01   5.2000000e-01   1.6666667e-01
   1.0354553e-01   4.6000000e-01   5.2000000e-01   1.6666667e-01
   7.9975826e-02   4.8000000e-01   5.2000000e-01   1.6666667e-01
   6.7888799e-02   4.8000000e-01   5.2000000e-01   1.6666667e-01
   5.4190169e-02   5.0000000e-01   5.2000000e-01   1.6666667e-01
   4.6535052e-02   5.0000000e-01   5.4000000e-01   1.6666667e-01
   3.4850927e-02   5.2000000e-01   5.4000000e-01   1.6666667e-01
   3.5858179e-02   5.2000000e-01   5.4000000e-01   1.6666667e-01
   2.9008864e-02   5.4000000e-01   5.4000000e-01   1.6666667e-01
   2.7800161e-02   5.4000000e-01   5.6000000e-01   1.6666667e-01
   2.6390008e-02   5.4000000e-01   5.6000000e-01   1.6666667e-01
   2.4576954e-02   5.4000000e-01   5.6000000e-01   1.6666667e-01
   2.1353747e-02   5.6000000e-01   5.6000000e-01   1.6666667e-01
   1.6720387e-02   5.6000000e-01   5.6000000e-01   1.6666667e-01
   1.0475423e-02   5.6000000e-01   5.6000000e-01   0.0000000e+00
   2.8203062e-03   5.6000000e-01   5.6000000e-01   0.0000000e+00
   9.8710717e-03   5.6000000e-01   5.6000000e-01   0.0000000e+00
   1.4504432e-02   5.6000000e-01   5.6000000e-01   0.0000000e+00
   1.9540693e-02   5.6000000e-01   5.6000000e-01   1.6666667e-01
   2.3368251e-02   5.6000000e-01   5.6000000e-01   1.6666667e-01
   3.1023368e-02   5.4000000e-01   5.6000000e-01   1.6666667e-01
   4.4721998e-02   5.2000000e-01   5.6000000e-01   1.6666667e-01
   9.7904915e-02   5.2000000e-01   5.8000000e-01   1.6666667e-01
   1.8412571e-01   5.0000000e-01   6.2000000e-01   1.6666667e-01
   2.9371475e-01   4.8000000e-01   6.6000000e-01   1.6666667e-01
   4.0914585e-01   4.6000000e-01   6.8000000e-01   1.6666667e-01
   5.0241741e-01   4.4000000e-01   7.0000000e-01   1.6666667e-01
   5.5600322e-01   4.2000000e-01   7.0000000e-01   1.6666667e-01
   5.5781628e-01   4.2000000e-01   7.2000000e-01   1.6666667e-01
   5.1792909e-01   4.2000000e-01   7.2000000e-01   1.6666667e-01
   4.8106366e-01   4.2000000e-01   7.4000000e-01   1.6666667e-01
   4.2929089e-01   4.2000000e-01   7.4000000e-01   1.6666667e-01
   3.6784851e-01   4.2000000e-01   7.4000000e-01   3.3333333e-01
   3.2211926e-01   4.4000000e-01   7.4000000e-01   3.3333333e-01
   2.7840451e-01   4.4000000e-01   7.6000000e-01   3.3333333e-01
   2.7316680e-01   4.6000000e-01   7.6000000e-01   3.3333333e-01
   3.0298147e-01   4.6000000e-01   7.6000000e-01   3.3333333e-01
   3.1708300e-01   4.8000000e-01   7.6000000e-01   3.3333333e-01
   3.0499597e-01   4.8000000e-01   7.4000000e-01   1.6666667e-01
   2.6813054e-01   4.8000000e-01   7.2000000e-01   1.6666667e-01
   2.2663175e-01   5.0000000e-01   7.2000000e-01   1.6666667e-01
   1.7284448e-01   5.0000000e-01   6.2000000e-01   1.6666667e-01
   1.1059629e-01   5.0000000e-01   5.6000000e-01   1.6666667e-01
   5.7010475e-02   5.0000000e-01   5.2000000e-01   1.6666667e-01
   2.7800161e-02   5.0000000e-01   5.2000000e-01   1.6666667e-01
   3.2232071e-02   5.0000000e-01   5.2000000e-01   1.6666667e-01
   3.4045125e-02   5.0000000e-01   5.2000000e-01   1.6666667e-01
   3.4850927e-02   5.0000000e-01   5.2000000e-01   1.6666667e-01
   3.5253828e-02   5.0000000e-01   5.2000000e-01   1.6666667e-01
   3.5858179e-02   5.0000000e-01   5.2000000e-01   1.6666667e-01
   3.5253828e-02   5.0000000e-01   5.2000000e-01   1.6666667e-01
   3.5052377e-02   5.0000000e-01   5.2000000e-01   1.6666667e-01
   3.9081386e-02   4.8000000e-01   5.2000000e-01   1.6666667e-01
   5.7211926e-02   4.8000000e-01   5.2000000e-01   1.6666667e-01
   7.5342466e-02   4.6000000e-01   5.2000000e-01   1.6666667e-01
   9.9919420e-02   4.6000000e-01   5.2000000e-01   1.6666667e-01
   1.3053989e-01   4.6000000e-01   5.2000000e-01   1.6666667e-01
   1.6377921e-01   4.4000000e-01   5.4000000e-01   1.6666667e-01
   2.2038678e-01   4.4000000e-01   5.6000000e-01   1.6666667e-01
   2.8626108e-01   4.4000000e-01   5.8000000e-01   1.6666667e-01
   3.4589041e-01   4.4000000e-01   6.2000000e-01   1.6666667e-01
   3.8033844e-01   4.4000000e-01   6.4000000e-01   1.6666667e-01
   3.6281225e-01   4.4000000e-01   6.6000000e-01   1.6666667e-01
   3.1970185e-01   4.4000000e-01   6.6000000e-01   1.6666667e-01
   2.8807413e-01   4.6000000e-01   6.8000000e-01   1.6666667e-01
   2.4476229e-01   4.8000000e-01   6.8000000e-01   1.6666667e-01
   1.9218372e-01   6.0000000e-01   6.8000000e-01   1.6666667e-01
   1.4202256e-01   6.2000000e-01   7.0000000e-01   1.6666667e-01
   1.0435133e-01   6.4000000e-01   7.0000000e-01   1.6666667e-01
   9.8106366e-02   6.4000000e-01   7.0000000e-01   1.6666667e-01
   9.3674456e-02   6.4000000e-01   7.0000000e-01   1.6666667e-01
   9.0249799e-02   6.4000000e-01   7.0000000e-01   1.6666667e-01
   8.2393231e-02   6.4000000e-01   7.0000000e-01   1.6666667e-01
   8.0378727e-02   6.4000000e-01   7.0000000e-01   1.6666667e-01
   9.1257051e-02   6.2000000e-01   6.8000000e-01   1.6666667e-01
   9.5286060e-02   6.0000000e-01   6.8000000e-01   1.6666667e-01
   9.1861402e-02   6.0000000e-01   6.6000000e-01   1.6666667e-01
   7.7961322e-02   6.0000000e-01   6.6000000e-01   1.6666667e-01
   7.4133763e-02   6.0000000e-01   6.6000000e-01   1.6666667e-01
   9.6494762e-02   5.4000000e-01   6.4000000e-01   3.3333333e-01
   1.1301370e-01   5.2000000e-01   6.4000000e-01   1.6666667e-01
   1.4484287e-01   5.0000000e-01   6.0000000e-01   1.6666667e-01
   1.8291700e-01   4.8000000e-01   5.8000000e-01   1.6666667e-01
   2.2461724e-01   4.6000000e-01   5.8000000e-01   1.6666667e-01
   2.6107977e-01   4.4000000e-01   5.8000000e-01   1.6666667e-01
   2.8223207e-01   4.4000000e-01   6.0000000e-01   1.6666667e-01
   2.8908139e-01   4.4000000e-01   6.2000000e-01   1.6666667e-01
   2.7941176e-01   4.4000000e-01   6.4000000e-01   1.6666667e-01
   2.5302176e-01   4.6000000e-01   6.4000000e-01   1.6666667e-01
   2.2884770e-01   4.6000000e-01   6.6000000e-01   1.6666667e-01
   1.8634166e-01   5.6000000e-01   6.6000000e-01   1.6666667e-01
   1.4786463e-01   5.8000000e-01   6.8000000e-01   1.6666667e-01
   1.0817889e-01   6.2000000e-01   6.8000000e-01   1.6666667e-01
   8.2997583e-02   6.4000000e-01   7.0000000e-01   1.6666667e-01
   6.3456890e-02   6.6000000e-01   7.0000000e-01   1.6666667e-01
   5.8622079e-02   6.6000000e-01   7.0000000e-01   1.6666667e-01
   4.5326350e-02   6.8000000e-01   7.0000000e-01   1.6666667e-01
   3.8275584e-02   6.8000000e-01   7.0000000e-01   1.6666667e-01
   2.9814666e-02   7.0000000e-01   7.2000000e-01   1.6666667e-01
   3.2232071e-02   7.0000000e-01   7.2000000e-01   1.6666667e-01
   4.5124899e-02   7.0000000e-01   7.2000000e-01   1.6666667e-01
   5.1168413e-02   6.8000000e-01   7.2000000e-01   1.6666667e-01
   5.5801773e-02   6.8000000e-01   7.2000000e-01   1.6666667e-01
   5.9226430e-02   6.6000000e-01   7.2000000e-01   1.6666667e-01
   5.4391620e-02   6.6000000e-01   7.0000000e-01   1.6666667e-01
   4.7340854e-02   6.6000000e-01   6.8000000e-01   1.6666667e-01
   4.4117647e-02   6.6000000e-01   6.8000000e-01   1.6666667e-01
   3.6462530e-02   6.6000000e-01   6.8000000e-01   1.6666667e-01
   2.9613215e-02   6.6000000e-01   6.8000000e-01   1.6666667e-01
   2.1555197e-02   6.3333333e-01   6.4666667e-01   0.0000000e+00
   2.9210314e-02   6.0666667e-01   6.1333333e-01   0.0000000e+00
   3.5253828e-02   5.8000000e-01   5.8000000e-01   1.6666667e-01
   4.5326350e-02   5.8000000e-01   6.0000000e-01   1.6666667e-01
   5.4794521e-02   5.8000000e-01   6.0000000e-01   1.6666667e-01
   6.2046737e-02   5.8000000e-01   6.0000000e-01   1.6666667e-01
   6.6478646e-02   5.4000000e-01   5.6000000e-01   1.6666667e-01
   1.0958904e-01   4.8000000e-01   5.6000000e-01   1.6666667e-01
   2.4838840e-01   2.0000000e-01   5.6000000e-01   3.3333333e-01
   4.3070105e-01   1.8000000e-01   5.4000000e-01   5.0000000e-01
   5.5801773e-01   2.0000000e-02   5.4000000e-01   3.3333333e-01
   6.0233683e-01   0.0000000e+00   5.6000000e-01   5.0000000e-01
   5.6184529e-01   0.0000000e+00   5.6000000e-01   3.3333333e-01
   4.8831587e-01   0.0000000e+00   5.8000000e-01   3.3333333e-01
   4.0008058e-01   0.0000000e+00   5.8000000e-01   3.3333333e-01
   3.3319903e-01   0.0000000e+00   6.0000000e-01   3.3333333e-01
   2.9129734e-01   0.0000000e+00   6.0000000e-01   5.0000000e-01
   2.5120870e-01   3.6000000e-01   6.2000000e-01   3.3333333e-01
   2.0185334e-01   2.6000000e-01   6.2000000e-01   3.3333333e-01
   1.9016922e-01   2.6000000e-01   6.2000000e-01   3.3333333e-01
   1.9863014e-01   2.6000000e-01   6.4000000e-01   3.3333333e-01
   2.4657534e-01   5.8000000e-01   6.4000000e-01   1.6666667e-01
   2.5906527e-01   0.0000000e+00   6.4000000e-01   5.0000000e-01
   2.4476229e-01   0.0000000e+00   6.4000000e-01   3.3333333e-01
   2.1232877e-01   0.0000000e+00   6.4000000e-01   3.3333333e-01
   1.7264303e-01   0.0000000e+00   6.4000000e-01   3.3333333e-01
   1.4826753e-01   0.0000000e+00   6.4000000e-01   3.3333333e-01
   1.1865431e-01   6.0000000e-01   6.4000000e-01   1.6666667e-01
   9.2667204e-02   6.0000000e-01   6.4000000e-01   1.6666667e-01
   6.6478646e-02   6.0000000e-01   6.4000000e-01   1.6666667e-01
   6.1442385e-02   6.0000000e-01   6.4000000e-01   1.6666667e-01
   5.5801773e-02   6.0000000e-01   6.4000000e-01   1.6666667e-01
   5.0161160e-02   6.0000000e-01   6.4000000e-01   1.6666667e-01
   4.2707494e-02   6.0000000e-01   6.2000000e-01   1.6666667e-01
   3.1627720e-02   6.0000000e-01   6.2000000e-01   1.6666667e-01
   2.6591459e-02   6.0000000e-01   6.0000000e-01   1.6666667e-01
   2.5785657e-02   5.9000000e-01   5.9000000e-01   0.0000000e+00
   3.0620467e-02   5.8000000e-01   5.8000000e-01   1.6666667e-01
   3.5253828e-02   5.6000000e-01   5.8000000e-01   1.6666667e-01
   3.2232071e-02   5.6000000e-01   6.0000000e-01   1.6666667e-01
   3.1023368e-02   5.6000000e-01   6.0000000e-01   1.6666667e-01
   3.0016116e-02   5.8000000e-01   5.8000000e-01   1.6666667e-01
   2.3771152e-02   5.7200000e-01   5.7800000e-01   0.0000000e+00
   1.8734891e-02   5.6400000e-01   5.7600000e-01   0.0000000e+00
   1.3094279e-02   5.5600000e-01   5.7400000e-01   0.0000000e+00
   1.2892828e-02   5.4800000e-01   5.7200000e-01   0.0000000e+00
   1.1684126e-02   5.4000000e-01   5.7000000e-01   0.0000000e+00
   8.6623691e-03   5.3200000e-01   5.6800000e-01   0.0000000e+00
   8.0580177e-04   5.2400000e-01   5.6600000e-01   0.0000000e+00
   0.0000000e+00   5.1600000e-01   5.6400000e-01   0.0000000e+00
   1.7123288e-02   5.0800000e-01   5.6200000e-01   0.0000000e+00
   8.8638195e-02   5.0000000e-01   5.6000000e-01   1.6666667e-01
   1.8150685e-01   4.8000000e-01   5.8000000e-01   1.6666667e-01
   2.7417405e-01   4.6000000e-01   6.0000000e-01   1.6666667e-01
   3.4689766e-01   4.4000000e-01   6.2000000e-01   1.6666667e-01
   4.1055600e-01   4.2000000e-01   6.2000000e-01   1.6666667e-01
   4.5870266e-01   4.0000000e-01   6.4000000e-01   1.6666667e-01
   4.6817083e-01   4.0000000e-01   6.4000000e-01   1.6666667e-01
   4.5346495e-01   4.0000000e-01   6.6000000e-01   1.6666667e-01
   4.3694601e-01   4.0000000e-01   6.6000000e-01   1.6666667e-01
   4.1579371e-01   3.8000000e-01   6.6000000e-01   1.6666667e-01
   3.8053989e-01   3.8000000e-01   6.8000000e-01   3.3333333e-01
   3.5556003e-01   3.8000000e-01   6.8000000e-01   3.3333333e-01
   3.1708300e-01   3.8000000e-01   6.8000000e-01   3.3333333e-01
   2.9411765e-01   3.8000000e-01   7.0000000e-01   3.3333333e-01
   2.8263497e-01   3.8000000e-01   7.0000000e-01   3.3333333e-01
   2.7437550e-01   3.8000000e-01   7.0000000e-01   3.3333333e-01
   2.8283642e-01   4.0000000e-01   7.0000000e-01   3.3333333e-01
   2.9230459e-01   4.0000000e-01   7.0000000e-01   3.3333333e-01
   2.8948429e-01   4.0000000e-01   6.8000000e-01   3.3333333e-01
   2.7437550e-01   4.2000000e-01   6.8000000e-01   3.3333333e-01
   2.7437550e-01   4.2000000e-01   6.6000000e-01   3.3333333e-01
   3.2453666e-01   4.2000000e-01   6.6000000e-01   1.6666667e-01
   4.4802579e-01   3.6000000e-01   6.6000000e-01   1.6666667e-01
   5.6547139e-01   3.4000000e-01   6.4000000e-01   1.6666667e-01
   7.0568090e-01   2.2000000e-01   6.2000000e-01   3.3333333e-01
   8.6744561e-01   1.0000000e-01   6.2000000e-01   1.6666667e-01
   9.7643030e-01   0.0000000e+00   6.2000000e-01   1.6666667e-01
   1.0000000e+00   0.0000000e+00   6.2000000e-01   1.6666667e-01
   9.5608380e-01   0.0000000e+00   6.4000000e-01   1.6666667e-01
   8.7590653e-01   0.0000000e+00   6.4000000e-01   1.6666667e-01
   7.7840451e-01   0.0000000e+00   6.4000000e-01   1.6666667e-01
   6.4685737e-01   0.0000000e+00   6.6000000e-01   3.3333333e-01
   4.9476229e-01   0.0000000e+00   6.6000000e-01   3.3333333e-01
   3.1970185e-01   5.4000000e-01   6.8000000e-01   1.6666667e-01
   2.0286060e-01   5.8000000e-01   6.8000000e-01   1.6666667e-01
   1.6357776e-01   6.0000000e-01   6.8000000e-01   1.6666667e-01
   1.6095890e-01   6.0000000e-01   6.8000000e-01   1.6666667e-01
   1.5551974e-01   6.2000000e-01   6.8000000e-01   1.6666667e-01
   1.5068493e-01   6.2000000e-01   7.0000000e-01   1.6666667e-01
   1.4000806e-01   6.2000000e-01   7.0000000e-01   1.6666667e-01
   1.2892828e-01   6.2000000e-01   7.0000000e-01   1.6666667e-01
   1.2107172e-01   6.0000000e-01   6.8000000e-01   1.6666667e-01
   1.2288477e-01   6.0000000e-01   6.8000000e-01   1.6666667e-01
   1.1724416e-01   6.0000000e-01   6.8000000e-01   1.6666667e-01
   1.0918614e-01   6.0000000e-01   6.6000000e-01   1.6666667e-01
   9.7703465e-02   6.0000000e-01   6.6000000e-01   1.6666667e-01
   9.7099114e-02   5.8000000e-01   6.4000000e-01   1.6666667e-01
   8.9242546e-02   5.8000000e-01   6.4000000e-01   1.6666667e-01
   8.6825141e-02   5.8000000e-01   6.4000000e-01   1.6666667e-01
   8.9645447e-02   5.6000000e-01   6.2000000e-01   1.6666667e-01
   9.1055600e-02   5.4000000e-01   6.0000000e-01   1.6666667e-01
   9.1659952e-02   5.4000000e-01   6.0000000e-01   1.6666667e-01
   8.5213537e-02   5.4000000e-01   5.8000000e-01   1.6666667e-01
   8.1184529e-02   5.4000000e-01   5.8000000e-01   1.6666667e-01
   7.3730862e-02   5.4000000e-01   5.8000000e-01   1.6666667e-01
   6.2449637e-02   5.2000000e-01   5.2000000e-01   1.6666667e-01
   4.2908944e-02   5.2000000e-01   5.2000000e-01   0.0000000e+00
