   9.4000000e+01
   5.6170524e-02   5.4761905e-01   5.9523810e-01   1.6666667e-01
   1.0886470e-01   5.3571429e-01   6.0714286e-01   1.6666667e-01
   1.4591529e-01   5.3571429e-01   6.1904762e-01   1.6666667e-01
   1.7409203e-01   5.2380952e-01   6.3095238e-01   1.6666667e-01
   2.0034764e-01   5.2380952e-01   6.3095238e-01   1.6666667e-01
   2.2093130e-01   5.1190476e-01   6.4285714e-01   1.6666667e-01
   2.3346446e-01   5.1190476e-01   6.5476190e-01   1.6666667e-01
   2.3410484e-01   5.0000000e-01   6.5476190e-01   1.6666667e-01
   2.2440765e-01   5.0000000e-01   6.5476190e-01   1.6666667e-01
   2.1196597e-01   5.0000000e-01   6.6666667e-01   1.6666667e-01
   1.9549904e-01   5.0000000e-01   6.6666667e-01   3.3333333e-01
   1.7958101e-01   4.8809524e-01   6.6666667e-01   3.3333333e-01
   1.8012991e-01   4.8809524e-01   6.6666667e-01   3.3333333e-01
   1.9001006e-01   4.7619048e-01   6.7857143e-01   3.3333333e-01
   2.0547068e-01   4.7619048e-01   6.7857143e-01   3.3333333e-01
   2.5331626e-01   4.6428571e-01   6.7857143e-01   3.3333333e-01
   3.0838899e-01   4.6428571e-01   6.7857143e-01   1.6666667e-01
   3.3555942e-01   4.6428571e-01   6.7857143e-01   1.6666667e-01
   3.3043637e-01   4.6428571e-01   6.7857143e-01   1.6666667e-01
   3.0692526e-01   4.6428571e-01   6.7857143e-01   1.6666667e-01
   2.6603238e-01   4.6428571e-01   6.6666667e-01   1.6666667e-01
   2.1617418e-01   4.6428571e-01   6.5476190e-01   1.6666667e-01
   1.6439484e-01   4.6428571e-01   6.4285714e-01   1.6666667e-01
   1.1188363e-01   4.7619048e-01   6.3095238e-01   3.3333333e-01
   6.4312506e-02   4.7619048e-01   5.8333333e-01   3.3333333e-01
   3.7416522e-02   4.7619048e-01   5.0000000e-01   1.6666667e-01
   3.0921233e-02   4.7619048e-01   5.0000000e-01   1.6666667e-01
   3.1836063e-02   4.7619048e-01   5.0000000e-01   1.6666667e-01
   3.3940170e-02   4.7619048e-01   5.0000000e-01   1.6666667e-01
   3.6044278e-02   4.7619048e-01   5.0000000e-01   1.6666667e-01
   4.0343976e-02   4.6428571e-01   5.0000000e-01   1.6666667e-01
   4.7754094e-02   4.6428571e-01   5.0000000e-01   1.6666667e-01
   5.0132650e-02   4.6428571e-01   5.0000000e-01   1.6666667e-01
   1.9742018e-01   4.5238095e-01   9.2857143e-01   5.0000000e-01
   5.1175556e-01   4.5238095e-01   9.4047619e-01   3.3333333e-01
   7.7193303e-01   4.4047619e-01   9.5238095e-01   1.6666667e-01
   8.7228982e-01   4.1666667e-01   9.6428571e-01   1.6666667e-01
   9.2031836e-01   3.9285714e-01   9.6428571e-01   1.6666667e-01
   9.6166865e-01   3.8095238e-01   9.7619048e-01   1.6666667e-01
   1.0000000e+00   3.3333333e-01   9.7619048e-01   1.6666667e-01
   9.9515140e-01   3.2142857e-01   9.8809524e-01   1.6666667e-01
   9.3742567e-01   3.2142857e-01   9.8809524e-01   1.6666667e-01
   8.3386698e-01   3.2142857e-01   9.8809524e-01   1.6666667e-01
   6.8877504e-01   3.2142857e-01   1.0000000e+00   3.3333333e-01
   5.1495746e-01   3.9285714e-01   1.0000000e+00   5.0000000e-01
   3.1168237e-01   4.0476190e-01   1.0000000e+00   5.0000000e-01
   1.8754002e-01   4.0476190e-01   1.0000000e+00   6.6666667e-01
   1.0950508e-01   4.0476190e-01   6.0714286e-01   3.3333333e-01
   5.9189461e-02   5.8333333e-01   6.0714286e-01   1.6666667e-01
   5.8823529e-02   3.5714286e-01   6.0714286e-01   3.3333333e-01
   5.5347178e-02   3.4523810e-01   6.0714286e-01   3.3333333e-01
   6.4221023e-02   3.2142857e-01   6.0714286e-01   3.3333333e-01
   6.2848779e-02   3.2142857e-01   6.0714286e-01   3.3333333e-01
   6.1568018e-02   3.2142857e-01   5.9523810e-01   3.3333333e-01
   5.4889763e-02   3.2142857e-01   5.9523810e-01   3.3333333e-01
   4.3820328e-02   3.2142857e-01   5.9523810e-01   3.3333333e-01
   2.7444882e-02   3.2142857e-01   3.3333333e-01   1.6666667e-01
   1.4179855e-02   3.2142857e-01   3.2142857e-01   1.6666667e-01
   9.2397768e-03   3.2142857e-01   3.2142857e-01   1.6666667e-01
   3.4763517e-03   3.3112875e-01   3.3201058e-01   0.0000000e+00
   0.0000000e+00   3.4082892e-01   3.4259259e-01   0.0000000e+00
   0.0000000e+00   3.5052910e-01   3.5317460e-01   0.0000000e+00
   0.0000000e+00   3.6022928e-01   3.6375661e-01   0.0000000e+00
   0.0000000e+00   3.6992945e-01   3.7433862e-01   0.0000000e+00
   0.0000000e+00   3.7962963e-01   3.8492063e-01   0.0000000e+00
   0.0000000e+00   3.8932981e-01   3.9550265e-01   0.0000000e+00
   0.0000000e+00   3.9902998e-01   4.0608466e-01   0.0000000e+00
   0.0000000e+00   4.0873016e-01   4.1666667e-01   0.0000000e+00
   0.0000000e+00   4.1843034e-01   4.2724868e-01   0.0000000e+00
   0.0000000e+00   4.2813051e-01   4.3783069e-01   0.0000000e+00
   0.0000000e+00   4.3783069e-01   4.4841270e-01   0.0000000e+00
   0.0000000e+00   4.4753086e-01   4.5899471e-01   0.0000000e+00
   0.0000000e+00   4.5723104e-01   4.6957672e-01   0.0000000e+00
   3.6593175e-04   4.6693122e-01   4.8015873e-01   0.0000000e+00
   7.3186351e-04   4.7663139e-01   4.9074074e-01   0.0000000e+00
   1.0977953e-03   4.8633157e-01   5.0132275e-01   0.0000000e+00
   1.4637270e-03   4.9603175e-01   5.1190476e-01   0.0000000e+00
   1.8296588e-03   5.0573192e-01   5.2248677e-01   0.0000000e+00
   2.2870735e-03   5.1543210e-01   5.3306878e-01   0.0000000e+00
   2.6530052e-03   5.2513228e-01   5.4365079e-01   0.0000000e+00
   2.6530052e-03   5.3483245e-01   5.5423280e-01   0.0000000e+00
   9.2397768e-03   5.4453263e-01   5.6481481e-01   0.0000000e+00
   1.5186168e-02   5.5423280e-01   5.7539683e-01   0.0000000e+00
   1.5643582e-02   5.6393298e-01   5.8597884e-01   0.0000000e+00
   2.0034764e-02   5.7363316e-01   5.9656085e-01   0.0000000e+00
   2.6255603e-02   5.8333333e-01   6.0714286e-01   1.6666667e-01
   3.3208307e-02   5.7142857e-01   6.0714286e-01   1.6666667e-01
   3.8788766e-02   5.7142857e-01   6.0714286e-01   1.6666667e-01
   4.7754094e-02   5.5952381e-01   5.9523810e-01   1.6666667e-01
   5.9646876e-02   5.3571429e-01   5.9523810e-01   1.6666667e-01
   5.9463910e-02   5.4761905e-01   5.9523810e-01   1.6666667e-01
   4.5284055e-02   5.5952381e-01   5.8333333e-01   1.6666667e-01
   2.5340774e-02   5.7142857e-01   5.8333333e-01   1.6666667e-01
   1.3447992e-02   5.7142857e-01   5.8333333e-01   0.0000000e+00
