   3.6500000e+02
   2.4119633e-02   5.8771930e-01   5.9649123e-01   0.0000000e+00
   4.4283647e-02   5.8771930e-01   5.9649123e-01   1.6666667e-01
   6.1167390e-02   5.7894737e-01   6.0526316e-01   1.6666667e-01
   7.8437048e-02   5.7894737e-01   6.1403509e-01   1.6666667e-01
   8.4997588e-02   5.7894737e-01   6.2280702e-01   1.6666667e-01
   8.4129281e-02   5.7894737e-01   6.2280702e-01   1.6666667e-01
   7.4481428e-02   5.6140351e-01   6.0526316e-01   3.3333333e-01
   6.5605403e-02   5.5263158e-01   5.7894737e-01   1.6666667e-01
   6.1649783e-02   5.5263158e-01   5.7894737e-01   1.6666667e-01
   7.5446213e-02   5.5263158e-01   5.7894737e-01   1.6666667e-01
   7.8051134e-02   5.5263158e-01   5.7894737e-01   1.6666667e-01
   8.9339122e-02   5.5263158e-01   5.8771930e-01   1.6666667e-01
   1.1008201e-01   5.5263158e-01   5.9649123e-01   1.6666667e-01
   1.5581283e-01   5.6140351e-01   6.2280702e-01   1.6666667e-01
   2.2016401e-01   5.6140351e-01   6.7543860e-01   1.6666667e-01
   2.6164978e-01   5.7017544e-01   6.8421053e-01   1.6666667e-01
   2.7071877e-01   5.7894737e-01   6.9298246e-01   1.6666667e-01
   2.5634346e-01   5.7894737e-01   6.9298246e-01   1.6666667e-01
   2.4688857e-01   5.8771930e-01   6.9298246e-01   1.6666667e-01
   2.2566329e-01   5.8771930e-01   6.9298246e-01   1.6666667e-01
   2.0713941e-01   5.8771930e-01   6.9298246e-01   1.6666667e-01
   1.8986975e-01   5.8771930e-01   6.8421053e-01   1.6666667e-01
   1.6237337e-01   5.7894737e-01   6.6666667e-01   1.6666667e-01
   1.4288471e-01   5.7894737e-01   6.4912281e-01   1.6666667e-01
   1.2493970e-01   5.7894737e-01   6.3157895e-01   1.6666667e-01
   1.1423058e-01   5.8771930e-01   6.3157895e-01   1.6666667e-01
   1.1644959e-01   5.8771930e-01   6.3157895e-01   1.6666667e-01
   1.2127352e-01   5.8771930e-01   6.4035088e-01   1.6666667e-01
   1.2677279e-01   5.9649123e-01   6.4035088e-01   1.6666667e-01
   1.2204534e-01   5.9649123e-01   6.4912281e-01   1.6666667e-01
   1.1722142e-01   6.0526316e-01   6.5789474e-01   1.6666667e-01
   1.1384467e-01   6.1403509e-01   6.5789474e-01   1.6666667e-01
   1.0303907e-01   6.2280702e-01   6.6666667e-01   1.6666667e-01
   9.1847564e-02   6.3157895e-01   6.6666667e-01   1.6666667e-01
   8.1813796e-02   6.4035088e-01   6.7543860e-01   1.6666667e-01
   7.3034250e-02   6.4912281e-01   6.7543860e-01   1.6666667e-01
   6.7631452e-02   6.4912281e-01   6.7543860e-01   1.6666667e-01
   5.8369513e-02   6.5789474e-01   6.8421053e-01   1.6666667e-01
   5.2001930e-02   6.5789474e-01   6.8421053e-01   1.6666667e-01
   4.0617463e-02   6.6666667e-01   6.8421053e-01   1.6666667e-01
   4.0038591e-02   6.6666667e-01   6.8421053e-01   1.6666667e-01
   3.4828751e-02   6.7543860e-01   6.8421053e-01   1.6666667e-01
   2.9618910e-02   6.7543860e-01   6.8421053e-01   1.6666667e-01
   2.3540762e-02   6.7543860e-01   6.8421053e-01   1.6666667e-01
   2.4698505e-02   6.6666667e-01   6.8421053e-01   1.6666667e-01
   2.6145683e-02   6.6666667e-01   6.8421053e-01   1.6666667e-01
   3.0583695e-02   6.6666667e-01   6.8421053e-01   1.6666667e-01
   3.0101302e-02   6.6666667e-01   6.8421053e-01   1.6666667e-01
   2.9908345e-02   6.6666667e-01   6.7543860e-01   1.6666667e-01
   3.5311143e-02   6.5789474e-01   6.7543860e-01   1.6666667e-01
   3.7819585e-02   6.4912281e-01   6.7543860e-01   1.6666667e-01
   4.7660396e-02   6.4035088e-01   6.7543860e-01   1.6666667e-01
   6.2904004e-02   6.3157895e-01   6.6666667e-01   1.6666667e-01
   9.4548963e-02   6.1403509e-01   6.5789474e-01   1.6666667e-01
   1.2928123e-01   6.0526316e-01   6.5789474e-01   1.6666667e-01
   2.6136035e-01   4.4736842e-01   6.5789474e-01   3.3333333e-01
   3.8022190e-01   3.9473684e-01   6.5789474e-01   3.3333333e-01
   4.9175109e-01   3.8596491e-01   7.0175439e-01   3.3333333e-01
   6.1476122e-01   3.7719298e-01   7.6315789e-01   3.3333333e-01
   8.0868307e-01   3.7719298e-01   9.2982456e-01   5.0000000e-01
   9.7510854e-01   3.7719298e-01   9.3859649e-01   3.3333333e-01
   1.0000000e+00   3.7719298e-01   9.4736842e-01   3.3333333e-01
   9.6565364e-01   3.8596491e-01   9.5614035e-01   3.3333333e-01
   8.8335745e-01   3.8596491e-01   9.5614035e-01   3.3333333e-01
   7.7780994e-01   3.9473684e-01   9.5614035e-01   3.3333333e-01
   6.7052581e-01   3.9473684e-01   9.6491228e-01   8.3333333e-01
   5.8128316e-01   4.0350877e-01   9.6491228e-01   6.6666667e-01
   4.6213218e-01   4.1228070e-01   9.6491228e-01   8.3333333e-01
   3.1085384e-01   4.2105263e-01   9.6491228e-01   6.6666667e-01
   2.0694645e-01   4.2982456e-01   5.2631579e-01   1.6666667e-01
   1.3468403e-01   4.3859649e-01   5.2631579e-01   1.6666667e-01
   9.7346840e-02   4.5614035e-01   5.0877193e-01   1.6666667e-01
   5.2677279e-02   4.7368421e-01   4.9122807e-01   1.6666667e-01
   9.8408104e-03   4.8090815e-01   4.9896801e-01   0.0000000e+00
   0.0000000e+00   4.8813209e-01   5.0670795e-01   0.0000000e+00
   0.0000000e+00   4.9535604e-01   5.1444788e-01   0.0000000e+00
   0.0000000e+00   5.0257998e-01   5.2218782e-01   0.0000000e+00
   0.0000000e+00   5.0980392e-01   5.2992776e-01   0.0000000e+00
   4.4380125e-03   5.1702786e-01   5.3766770e-01   0.0000000e+00
   0.0000000e+00   5.2425181e-01   5.4540764e-01   0.0000000e+00
   0.0000000e+00   5.3147575e-01   5.5314757e-01   0.0000000e+00
   0.0000000e+00   5.3869969e-01   5.6088751e-01   0.0000000e+00
   0.0000000e+00   5.4592363e-01   5.6862745e-01   0.0000000e+00
   0.0000000e+00   5.5314757e-01   5.7636739e-01   0.0000000e+00
   0.0000000e+00   5.6037152e-01   5.8410733e-01   0.0000000e+00
   0.0000000e+00   5.6759546e-01   5.9184727e-01   0.0000000e+00
   0.0000000e+00   5.7481940e-01   5.9958720e-01   0.0000000e+00
   0.0000000e+00   5.8204334e-01   6.0732714e-01   0.0000000e+00
   1.0033767e-02   5.8926729e-01   6.1506708e-01   0.0000000e+00
   5.2387844e-02   5.9649123e-01   6.2280702e-01   1.6666667e-01
   1.0014472e-01   5.8771930e-01   6.4035088e-01   1.6666667e-01
   1.6739026e-01   5.5263158e-01   6.4912281e-01   3.3333333e-01
   2.2489146e-01   5.4385965e-01   6.4912281e-01   3.3333333e-01
   2.5701881e-01   5.3508772e-01   6.5789474e-01   1.6666667e-01
   2.6473710e-01   5.3508772e-01   6.5789474e-01   1.6666667e-01
   2.5721177e-01   5.3508772e-01   6.6666667e-01   1.6666667e-01
   2.4013507e-01   5.3508772e-01   6.6666667e-01   1.6666667e-01
   2.2151471e-01   5.3508772e-01   6.7543860e-01   3.3333333e-01
   1.8909793e-01   5.3508772e-01   6.7543860e-01   3.3333333e-01
   1.6700434e-01   5.3508772e-01   6.7543860e-01   3.3333333e-01
   1.7067053e-01   5.4385965e-01   6.7543860e-01   3.3333333e-01
   1.9835986e-01   5.4385965e-01   6.8421053e-01   3.3333333e-01
   2.4544139e-01   5.4385965e-01   6.8421053e-01   3.3333333e-01
   2.7641100e-01   5.4385965e-01   6.8421053e-01   1.6666667e-01
   2.7621804e-01   5.4385965e-01   6.8421053e-01   1.6666667e-01
   2.5113362e-01   5.4385965e-01   6.8421053e-01   1.6666667e-01
   2.1948866e-01   5.4385965e-01   6.7543860e-01   1.6666667e-01
   1.7973951e-01   5.4385965e-01   6.6666667e-01   1.6666667e-01
   1.3593825e-01   5.4385965e-01   6.4912281e-01   1.6666667e-01
   9.4452484e-02   5.4385965e-01   6.4035088e-01   3.3333333e-01
   4.9300531e-02   5.4385965e-01   5.6140351e-01   1.6666667e-01
   3.6372407e-02   5.4385965e-01   5.6140351e-01   1.6666667e-01
   3.8977328e-02   5.4385965e-01   5.6140351e-01   1.6666667e-01
   4.1582248e-02   5.4385965e-01   5.6140351e-01   1.6666667e-01
   4.7178003e-02   5.4385965e-01   5.6140351e-01   1.6666667e-01
   4.7660396e-02   5.3508772e-01   5.6140351e-01   1.6666667e-01
   4.5151954e-02   5.3508772e-01   5.6140351e-01   1.6666667e-01
   5.2484322e-02   5.3508772e-01   5.6140351e-01   1.6666667e-01
   5.4606850e-02   5.3508772e-01   5.6140351e-01   1.6666667e-01
   5.7308249e-02   5.3508772e-01   5.5263158e-01   1.6666667e-01
   6.2518090e-02   5.3508772e-01   5.5263158e-01   1.6666667e-01
   6.4061746e-02   5.3508772e-01   5.6140351e-01   1.6666667e-01
   7.6796913e-02   5.3508772e-01   5.7017544e-01   1.6666667e-01
   9.0689822e-02   5.3508772e-01   5.7894737e-01   1.6666667e-01
   1.0381090e-01   5.4385965e-01   5.8771930e-01   1.6666667e-01
   1.4134105e-01   5.4385965e-01   6.1403509e-01   1.6666667e-01
   1.9150989e-01   5.5263158e-01   6.3157895e-01   1.6666667e-01
   2.3463579e-01   5.4385965e-01   6.4912281e-01   1.6666667e-01
   2.6763145e-01   5.3508772e-01   6.5789474e-01   1.6666667e-01
   2.7303425e-01   5.2631579e-01   6.5789474e-01   1.6666667e-01
   2.6386879e-01   5.2631579e-01   6.5789474e-01   1.6666667e-01
   2.4206464e-01   5.2631579e-01   6.6666667e-01   1.6666667e-01
   2.0771828e-01   5.2631579e-01   6.6666667e-01   1.6666667e-01
   1.5349735e-01   5.2631579e-01   6.5789474e-01   3.3333333e-01
   9.6092619e-02   5.2631579e-01   5.5263158e-01   1.6666667e-01
   4.8046310e-02   5.3508772e-01   5.5263158e-01   1.6666667e-01
   3.7144235e-02   5.3508772e-01   5.5263158e-01   1.6666667e-01
   3.0873131e-02   5.4385965e-01   5.5263158e-01   1.6666667e-01
   2.1321756e-02   5.5263158e-01   5.5263158e-01   1.6666667e-01
   1.1963338e-02   5.5263158e-01   5.5263158e-01   1.6666667e-01
   9.5513748e-03   5.5438596e-01   5.5438596e-01   0.0000000e+00
   4.8239267e-03   5.5614035e-01   5.5614035e-01   0.0000000e+00
   9.7443319e-03   5.5789474e-01   5.5789474e-01   0.0000000e+00
   1.2156295e-02   5.5964912e-01   5.5964912e-01   0.0000000e+00
   1.7559093e-02   5.6140351e-01   5.6140351e-01   1.6666667e-01
   1.9392185e-02   5.6140351e-01   5.7017544e-01   1.6666667e-01
   1.6304872e-02   5.6140351e-01   5.7017544e-01   1.6666667e-01
   2.2672455e-02   5.7017544e-01   5.7017544e-01   1.6666667e-01
   2.3444284e-02   5.7017544e-01   5.7894737e-01   1.6666667e-01
   2.6917511e-02   5.7017544e-01   5.7894737e-01   1.6666667e-01
   2.2286541e-02   5.7017544e-01   5.7894737e-01   1.6666667e-01
   2.1611192e-02   5.7017544e-01   5.7894737e-01   1.6666667e-01
   2.6821032e-02   5.7017544e-01   5.7894737e-01   1.6666667e-01
   3.4442836e-02   5.6140351e-01   5.7894737e-01   1.6666667e-01
   4.7274481e-02   5.5263158e-01   5.7894737e-01   1.6666667e-01
   5.6536421e-02   5.4385965e-01   5.7894737e-01   1.6666667e-01
   7.3709600e-02   5.4385965e-01   5.7894737e-01   1.6666667e-01
   8.2585625e-02   5.3508772e-01   5.7017544e-01   1.6666667e-01
   9.0786300e-02   5.3508772e-01   5.7017544e-01   1.6666667e-01
   1.0593343e-01   5.3508772e-01   5.7894737e-01   1.6666667e-01
   1.3121081e-01   5.3508772e-01   5.9649123e-01   1.6666667e-01
   1.9758804e-01   5.3508772e-01   6.4035088e-01   1.6666667e-01
   2.4814279e-01   5.4385965e-01   6.4912281e-01   1.6666667e-01
   2.6878919e-01   5.4385965e-01   6.5789474e-01   1.6666667e-01
   2.6309696e-01   5.5263158e-01   6.5789474e-01   1.6666667e-01
   2.5016884e-01   5.5263158e-01   6.5789474e-01   1.6666667e-01
   2.2768934e-01   5.6140351e-01   6.6666667e-01   1.6666667e-01
   2.0376266e-01   5.7017544e-01   6.6666667e-01   1.6666667e-01
   1.8504583e-01   5.7894737e-01   6.6666667e-01   1.6666667e-01
   1.5822479e-01   5.8771930e-01   6.6666667e-01   1.6666667e-01
   1.3140376e-01   5.8771930e-01   6.4912281e-01   1.6666667e-01
   1.0284612e-01   5.8771930e-01   6.4035088e-01   1.6666667e-01
   8.2392668e-02   5.7894737e-01   6.4035088e-01   1.6666667e-01
   6.8113845e-02   5.7894737e-01   6.2280702e-01   1.6666667e-01
   4.3125904e-02   5.8771930e-01   6.0526316e-01   1.6666667e-01
   3.0004824e-02   5.7456140e-01   5.8771930e-01   0.0000000e+00
   1.9199228e-02   5.6140351e-01   5.7017544e-01   1.6666667e-01
   3.0873131e-02   5.6140351e-01   5.7017544e-01   1.6666667e-01
   3.9170285e-02   5.5263158e-01   5.7017544e-01   1.6666667e-01
   5.2773758e-02   5.5263158e-01   5.7894737e-01   1.6666667e-01
   6.3482875e-02   5.4385965e-01   5.7017544e-01   1.6666667e-01
   7.9208876e-02   5.4385965e-01   5.7017544e-01   1.6666667e-01
   8.7216594e-02   5.3508772e-01   5.7017544e-01   1.6666667e-01
   9.1268693e-02   5.3508772e-01   5.7017544e-01   1.6666667e-01
   9.4163049e-02   5.3508772e-01   5.7017544e-01   1.6666667e-01
   9.7732754e-02   5.3508772e-01   5.7894737e-01   1.6666667e-01
   1.0786300e-01   5.4385965e-01   5.8771930e-01   1.6666667e-01
   1.2465027e-01   5.4385965e-01   5.9649123e-01   1.6666667e-01
   1.4876990e-01   5.5263158e-01   6.1403509e-01   1.6666667e-01
   1.7018813e-01   5.5263158e-01   6.3157895e-01   1.6666667e-01
   2.0096479e-01   5.6140351e-01   6.4912281e-01   1.6666667e-01
   2.1244573e-01   5.7017544e-01   6.5789474e-01   1.6666667e-01
   2.0540280e-01   5.7894737e-01   6.6666667e-01   1.6666667e-01
   1.9700917e-01   5.8771930e-01   6.6666667e-01   1.6666667e-01
   1.8369513e-01   5.8771930e-01   6.7543860e-01   1.6666667e-01
   1.7124940e-01   5.9649123e-01   6.7543860e-01   1.6666667e-01
   1.5340087e-01   5.8771930e-01   6.6666667e-01   1.6666667e-01
   1.3516643e-01   5.8771930e-01   6.6666667e-01   1.6666667e-01
   1.1905451e-01   5.8771930e-01   6.5789474e-01   1.6666667e-01
   9.9179932e-02   5.7894737e-01   6.4035088e-01   1.6666667e-01
   8.4611674e-02   5.7017544e-01   6.2280702e-01   1.6666667e-01
   7.6893391e-02   5.7017544e-01   6.1403509e-01   1.6666667e-01
   7.3420164e-02   5.6140351e-01   6.0526316e-01   1.6666667e-01
   8.1524361e-02   5.6140351e-01   6.0526316e-01   1.6666667e-01
   8.6734202e-02   5.5263158e-01   5.8771930e-01   1.6666667e-01
   9.4741920e-02   5.5263158e-01   5.8771930e-01   1.6666667e-01
   9.4356006e-02   5.4385965e-01   5.8771930e-01   1.6666667e-01
   9.8311626e-02   5.4385965e-01   5.8771930e-01   1.6666667e-01
   1.0120598e-01   5.4385965e-01   5.8771930e-01   1.6666667e-01
   1.1008201e-01   5.4385965e-01   5.9649123e-01   1.6666667e-01
   1.1972986e-01   5.5263158e-01   5.9649123e-01   1.6666667e-01
   1.2493970e-01   5.5263158e-01   6.0526316e-01   1.6666667e-01
   1.3246503e-01   5.6140351e-01   6.1403509e-01   1.6666667e-01
   1.3217559e-01   5.6140351e-01   6.2280702e-01   1.6666667e-01
   1.2561505e-01   5.7017544e-01   6.3157895e-01   1.6666667e-01
   1.1287988e-01   5.7894737e-01   6.4035088e-01   1.6666667e-01
   1.0284612e-01   5.9649123e-01   6.4912281e-01   1.6666667e-01
   9.0689822e-02   6.0526316e-01   6.4912281e-01   1.6666667e-01
   7.9498312e-02   6.2280702e-01   6.5789474e-01   1.6666667e-01
   7.1201158e-02   6.3157895e-01   6.5789474e-01   1.6666667e-01
   6.2325133e-02   6.3157895e-01   6.5789474e-01   1.6666667e-01
   6.3675832e-02   6.4035088e-01   6.6666667e-01   1.6666667e-01
   5.9623734e-02   6.4035088e-01   6.6666667e-01   1.6666667e-01
   5.8948384e-02   6.4035088e-01   6.6666667e-01   1.6666667e-01
   5.6729378e-02   6.4912281e-01   6.6666667e-01   1.6666667e-01
   5.7597685e-02   6.4912281e-01   6.6666667e-01   1.6666667e-01
   5.2870236e-02   6.4912281e-01   6.6666667e-01   1.6666667e-01
   4.9204052e-02   6.4912281e-01   6.6666667e-01   1.6666667e-01
   4.5730825e-02   6.4912281e-01   6.6666667e-01   1.6666667e-01
   3.6372407e-02   6.4912281e-01   6.6666667e-01   1.6666667e-01
   3.0197781e-02   6.4912281e-01   6.6666667e-01   1.6666667e-01
   2.5180897e-02   6.4912281e-01   6.5789474e-01   1.6666667e-01
   1.8620357e-02   6.4912281e-01   6.4912281e-01   1.6666667e-01
   2.1032320e-02   6.4912281e-01   6.4912281e-01   1.6666667e-01
   2.1225277e-02   6.3596491e-01   6.4035088e-01   0.0000000e+00
   2.4602026e-02   6.2280702e-01   6.3157895e-01   1.6666667e-01
   3.4346358e-02   6.1403509e-01   6.3157895e-01   1.6666667e-01
   4.8721659e-02   5.9649123e-01   6.3157895e-01   1.6666667e-01
   6.8789194e-02   5.8771930e-01   6.3157895e-01   1.6666667e-01
   8.0463097e-02   5.8771930e-01   6.2280702e-01   1.6666667e-01
   1.0014472e-01   5.7894737e-01   6.2280702e-01   1.6666667e-01
   1.5127834e-01   5.6140351e-01   6.2280702e-01   1.6666667e-01
   2.2074288e-01   5.3508772e-01   6.3157895e-01   1.6666667e-01
   2.7930535e-01   5.3508772e-01   6.4035088e-01   1.6666667e-01
   3.0274964e-01   5.2631579e-01   6.4912281e-01   1.6666667e-01
   3.1345876e-01   5.2631579e-01   6.5789474e-01   1.6666667e-01
   3.1944042e-01   5.3508772e-01   6.5789474e-01   1.6666667e-01
   3.1567776e-01   5.3508772e-01   6.6666667e-01   1.6666667e-01
   2.9580318e-01   5.4385965e-01   6.6666667e-01   1.6666667e-01
   2.6087795e-01   5.4385965e-01   6.7543860e-01   1.6666667e-01
   2.1726966e-01   5.5263158e-01   6.7543860e-01   1.6666667e-01
   1.7057405e-01   5.7017544e-01   6.7543860e-01   1.6666667e-01
   1.3835022e-01   6.3157895e-01   6.7543860e-01   1.6666667e-01
   9.8022190e-02   6.4035088e-01   6.8421053e-01   1.6666667e-01
   9.1172214e-02   6.4035088e-01   6.8421053e-01   1.6666667e-01
   8.7795466e-02   6.4035088e-01   6.8421053e-01   1.6666667e-01
   8.6541245e-02   6.4035088e-01   6.7543860e-01   1.6666667e-01
   8.1138447e-02   6.4035088e-01   6.7543860e-01   1.6666667e-01
   8.0463097e-02   6.3157895e-01   6.7543860e-01   1.6666667e-01
   7.1587072e-02   6.3157895e-01   6.7543860e-01   1.6666667e-01
   6.6087795e-02   6.2280702e-01   6.6666667e-01   1.6666667e-01
   6.7149059e-02   6.2280702e-01   6.5789474e-01   1.6666667e-01
   7.3227207e-02   6.0526316e-01   6.5789474e-01   1.6666667e-01
   8.4225760e-02   5.9649123e-01   6.4912281e-01   1.6666667e-01
   8.8567294e-02   5.9649123e-01   6.4912281e-01   1.6666667e-01
   8.4804631e-02   5.9649123e-01   6.4035088e-01   1.6666667e-01
   8.0463097e-02   5.8771930e-01   6.3157895e-01   1.6666667e-01
   9.0014472e-02   5.7017544e-01   6.3157895e-01   1.6666667e-01
   1.0217077e-01   5.6140351e-01   6.3157895e-01   1.6666667e-01
   1.0709117e-01   5.6140351e-01   6.2280702e-01   1.6666667e-01
   1.1230101e-01   5.5263158e-01   6.0526316e-01   1.6666667e-01
   1.0931018e-01   5.5263158e-01   6.0526316e-01   1.6666667e-01
   1.0969609e-01   5.5263158e-01   5.9649123e-01   1.6666667e-01
   1.0670526e-01   5.5263158e-01   5.9649123e-01   1.6666667e-01
   1.0178485e-01   5.5263158e-01   5.9649123e-01   1.6666667e-01
   1.0651230e-01   5.5263158e-01   5.9649123e-01   1.6666667e-01
   1.6758321e-01   5.5263158e-01   6.5789474e-01   3.3333333e-01
   2.4785335e-01   5.5263158e-01   6.6666667e-01   1.6666667e-01
   2.9474192e-01   5.5263158e-01   6.7543860e-01   1.6666667e-01
   2.9638205e-01   5.6140351e-01   6.8421053e-01   1.6666667e-01
   2.8152436e-01   5.6140351e-01   6.8421053e-01   1.6666667e-01
   2.6242161e-01   5.7017544e-01   6.8421053e-01   1.6666667e-01
   2.4090690e-01   5.7894737e-01   6.8421053e-01   1.6666667e-01
   2.1427882e-01   5.8771930e-01   6.8421053e-01   1.6666667e-01
   1.8745779e-01   5.9649123e-01   6.8421053e-01   1.6666667e-01
   1.5938254e-01   6.0526316e-01   6.7543860e-01   1.6666667e-01
   1.3854317e-01   5.9649123e-01   6.7543860e-01   1.6666667e-01
   1.3053546e-01   5.9649123e-01   6.6666667e-01   1.6666667e-01
   1.1664255e-01   5.8771930e-01   6.5789474e-01   1.6666667e-01
   1.0265316e-01   5.8771930e-01   6.4035088e-01   1.6666667e-01
   9.1847564e-02   5.8771930e-01   6.4035088e-01   1.6666667e-01
   9.4548963e-02   5.7894737e-01   6.3157895e-01   1.6666667e-01
   9.6189098e-02   5.7017544e-01   6.3157895e-01   1.6666667e-01
   9.9276411e-02   5.6140351e-01   6.2280702e-01   1.6666667e-01
   1.0274964e-01   5.6140351e-01   6.1403509e-01   1.6666667e-01
   1.0284612e-01   5.5263158e-01   6.0526316e-01   1.6666667e-01
   9.9469368e-02   5.5263158e-01   5.9649123e-01   1.6666667e-01
   9.5127834e-02   5.5263158e-01   5.8771930e-01   1.6666667e-01
   9.7153883e-02   5.5263158e-01   5.9649123e-01   1.6666667e-01
   1.0438977e-01   5.5263158e-01   5.9649123e-01   1.6666667e-01
   1.1654607e-01   5.6140351e-01   6.0526316e-01   1.6666667e-01
   1.2696575e-01   5.6140351e-01   6.2280702e-01   1.6666667e-01
   1.3275446e-01   5.7017544e-01   6.3157895e-01   1.6666667e-01
   1.2387844e-01   5.7017544e-01   6.3157895e-01   1.6666667e-01
   1.0776652e-01   5.7894737e-01   6.4035088e-01   1.6666667e-01
   9.9758804e-02   5.8771930e-01   6.4912281e-01   1.6666667e-01
   7.8340569e-02   6.0526316e-01   6.4912281e-01   1.6666667e-01
   6.4737096e-02   6.2280702e-01   6.5789474e-01   1.6666667e-01
   5.5282200e-02   6.3157895e-01   6.5789474e-01   1.6666667e-01
   5.1519537e-02   6.4035088e-01   6.5789474e-01   1.6666667e-01
   4.6888567e-02   6.4035088e-01   6.6666667e-01   1.6666667e-01
   4.5730825e-02   6.4912281e-01   6.6666667e-01   1.6666667e-01
   4.2354076e-02   6.4912281e-01   6.6666667e-01   1.6666667e-01
   3.9556199e-02   6.4912281e-01   6.6666667e-01   1.6666667e-01
   3.8301978e-02   6.4912281e-01   6.6666667e-01   1.6666667e-01
   3.8109021e-02   6.4035088e-01   6.6666667e-01   1.6666667e-01
   4.3029426e-02   6.4035088e-01   6.6666667e-01   1.6666667e-01
   4.3608297e-02   6.4035088e-01   6.5789474e-01   1.6666667e-01
   4.1099855e-02   6.4035088e-01   6.5789474e-01   1.6666667e-01
   3.5600579e-02   6.4035088e-01   6.5789474e-01   1.6666667e-01
   2.5373854e-02   6.4035088e-01   6.4912281e-01   1.6666667e-01
   1.5726001e-02   6.6447368e-01   6.7616959e-01   0.0000000e+00
   4.4380125e-03   6.8859649e-01   7.0321637e-01   0.0000000e+00
   0.0000000e+00   7.1271930e-01   7.3026316e-01   0.0000000e+00
   0.0000000e+00   7.3684211e-01   7.5730994e-01   0.0000000e+00
   0.0000000e+00   7.6096491e-01   7.8435673e-01   0.0000000e+00
   4.2450555e-03   7.8508772e-01   8.1140351e-01   0.0000000e+00
   1.4857694e-02   8.0921053e-01   8.3845029e-01   0.0000000e+00
   1.6304872e-02   8.3333333e-01   8.6549708e-01   0.0000000e+00
   1.9971056e-02   8.5745614e-01   8.9254386e-01   0.0000000e+00
   1.3892909e-02   8.8157895e-01   9.1959064e-01   0.0000000e+00
   1.1191510e-02   9.0570175e-01   9.4663743e-01   0.0000000e+00
   7.2841293e-02   9.2982456e-01   9.7368421e-01   1.6666667e-01
   1.4056922e-01   9.1228070e-01   9.8245614e-01   1.6666667e-01
   1.8822962e-01   9.0350877e-01   9.8245614e-01   1.6666667e-01
   2.2768934e-01   8.9473684e-01   9.9122807e-01   1.6666667e-01
   3.0429329e-01   5.7894737e-01   9.9122807e-01   3.3333333e-01
   3.7703811e-01   5.7017544e-01   9.9122807e-01   3.3333333e-01
   4.3492523e-01   5.6140351e-01   1.0000000e+00   3.3333333e-01
   4.4949349e-01   5.6140351e-01   1.0000000e+00   3.3333333e-01
   4.5479981e-01   5.5263158e-01   1.0000000e+00   3.3333333e-01
   4.7168355e-01   5.5263158e-01   1.0000000e+00   3.3333333e-01
   4.6782441e-01   5.5263158e-01   1.0000000e+00   3.3333333e-01
   4.5875543e-01   5.4385965e-01   1.0000000e+00   6.6666667e-01
   4.2971539e-01   5.4385965e-01   9.9122807e-01   6.6666667e-01
   3.9691269e-01   5.4385965e-01   9.8245614e-01   6.6666667e-01
   3.7240714e-01   5.4385965e-01   9.8245614e-01   6.6666667e-01
   3.5195369e-01   5.4385965e-01   9.7368421e-01   6.6666667e-01
   3.3921852e-01   5.4385965e-01   9.6491228e-01   6.6666667e-01
   3.7057405e-01   5.4385965e-01   9.5614035e-01   5.0000000e-01
   4.4553787e-01   5.4385965e-01   9.4736842e-01   5.0000000e-01
   5.3101785e-01   5.5263158e-01   9.4736842e-01   5.0000000e-01
   6.2797877e-01   5.5263158e-01   9.3859649e-01   5.0000000e-01
   7.2899180e-01   5.6140351e-01   9.2982456e-01   1.6666667e-01
   7.7057405e-01   5.6140351e-01   9.2105263e-01   1.6666667e-01
   7.4423541e-01   5.7017544e-01   9.0350877e-01   1.6666667e-01
   6.9300531e-01   5.7894737e-01   8.9473684e-01   1.6666667e-01
   6.4216112e-01   5.7894737e-01   8.6842105e-01   1.6666667e-01
   5.6845152e-01   5.7894737e-01   8.5964912e-01   1.6666667e-01
   4.7959479e-01   5.8771930e-01   7.9824561e-01   1.6666667e-01
   3.6324168e-01   5.8771930e-01   7.8070175e-01   1.6666667e-01
   2.6107091e-01   5.9649123e-01   7.7192982e-01   1.6666667e-01
   1.6266281e-01   6.0526316e-01   7.4561404e-01   3.3333333e-01
   6.9850458e-02   7.0175439e-01   7.1929825e-01   1.6666667e-01
   2.0646406e-02   7.0175439e-01   7.1929825e-01   0.0000000e+00
