   1.7500000e+02
   1.3330011e-02   4.9206349e-01   5.0793651e-01   0.0000000e+00
   1.9060670e-02   4.9206349e-01   5.0793651e-01   0.0000000e+00
   2.2299738e-02   4.9206349e-01   5.0793651e-01   0.0000000e+00
   1.9434409e-02   4.9206349e-01   5.0793651e-01   0.0000000e+00
   1.5821602e-02   4.9206349e-01   5.0793651e-01   0.0000000e+00
   1.6693659e-02   4.9206349e-01   5.0793651e-01   0.0000000e+00
   1.8811511e-02   4.9206349e-01   5.0793651e-01   0.0000000e+00
   2.7407500e-02   4.9206349e-01   5.0793651e-01   1.6666667e-01
   3.0771147e-02   4.9206349e-01   5.0793651e-01   1.6666667e-01
   2.8404136e-02   4.9206349e-01   5.0793651e-01   1.6666667e-01
   1.9558988e-02   4.9206349e-01   4.9206349e-01   1.6666667e-01
   1.4077488e-02   4.7619048e-01   4.8148148e-01   0.0000000e+00
   1.7690295e-02   4.6031746e-01   4.7089947e-01   0.0000000e+00
   2.5414227e-02   4.4444444e-01   4.6031746e-01   1.6666667e-01
   5.7182011e-02   4.1269841e-01   4.6031746e-01   1.6666667e-01
   1.3317553e-01   3.9682540e-01   4.7619048e-01   1.6666667e-01
   3.2901458e-01   3.4920635e-01   6.5079365e-01   1.6666667e-01
   6.0034882e-01   2.5396825e-01   7.3015873e-01   1.6666667e-01
   8.0254142e-01   1.5873016e-01   7.4603175e-01   3.3333333e-01
   9.2687181e-01   1.4285714e-01   7.4603175e-01   1.6666667e-01
   9.9862963e-01   1.1111111e-01   7.4603175e-01   1.6666667e-01
   1.0000000e+00   6.3492063e-02   7.6190476e-01   1.6666667e-01
   9.5540052e-01   4.7619048e-02   7.6190476e-01   1.6666667e-01
   8.6570325e-01   4.7619048e-02   7.6190476e-01   1.6666667e-01
   7.3252772e-01   6.3492063e-02   7.6190476e-01   1.6666667e-01
   5.6123085e-01   9.5238095e-02   7.6190476e-01   5.0000000e-01
   4.0413604e-01   2.3809524e-01   6.5079365e-01   3.3333333e-01
   2.7731407e-01   2.2222222e-01   6.0317460e-01   3.3333333e-01
   2.6111872e-01   2.0634921e-01   5.8730159e-01   3.3333333e-01
   2.5526349e-01   1.9047619e-01   5.7142857e-01   3.3333333e-01
   2.5339479e-01   1.9047619e-01   5.2380952e-01   3.3333333e-01
   2.4280553e-01   1.9047619e-01   5.3968254e-01   3.3333333e-01
   2.5040488e-01   1.5873016e-01   5.3968254e-01   3.3333333e-01
   2.8503800e-01   1.4285714e-01   5.7142857e-01   3.3333333e-01
   3.3225364e-01   1.4285714e-01   6.1904762e-01   3.3333333e-01
   3.7186994e-01   1.2698413e-01   6.3492063e-01   3.3333333e-01
   4.1024044e-01   6.3492063e-02   6.5079365e-01   3.3333333e-01
   4.4661767e-01   3.1746032e-02   6.6666667e-01   3.3333333e-01
   4.4886010e-01   0.0000000e+00   6.6666667e-01   3.3333333e-01
   4.2244923e-01   0.0000000e+00   6.8253968e-01   3.3333333e-01
   3.6489348e-01   0.0000000e+00   6.8253968e-01   3.3333333e-01
   2.9463062e-01   0.0000000e+00   6.9841270e-01   3.3333333e-01
   2.3234085e-01   0.0000000e+00   6.9841270e-01   3.3333333e-01
   1.8961007e-01   0.0000000e+00   6.9841270e-01   3.3333333e-01
   1.5846518e-01   0.0000000e+00   7.1428571e-01   3.3333333e-01
   1.2968731e-01   6.5079365e-01   7.1428571e-01   1.6666667e-01
   9.9912794e-02   6.5079365e-01   7.1428571e-01   1.6666667e-01
   1.0240439e-01   6.5079365e-01   7.1428571e-01   1.6666667e-01
   1.0140775e-01   6.5079365e-01   7.1428571e-01   1.6666667e-01
   9.3185499e-02   6.5079365e-01   7.1428571e-01   1.6666667e-01
   8.1225863e-02   6.5079365e-01   7.1428571e-01   1.6666667e-01
   6.9889124e-02   6.5079365e-01   7.1428571e-01   1.6666667e-01
   6.3410988e-02   6.5079365e-01   7.1428571e-01   1.6666667e-01
   6.2414352e-02   6.3492063e-01   6.9841270e-01   1.6666667e-01
   6.0670238e-02   6.3492063e-01   6.9841270e-01   1.6666667e-01
   5.7057431e-02   6.1904762e-01   6.6666667e-01   1.6666667e-01
   5.7306590e-02   6.1904762e-01   6.6666667e-01   1.6666667e-01
   5.8303227e-02   6.0317460e-01   6.6666667e-01   1.6666667e-01
   6.1293136e-02   6.0317460e-01   6.5079365e-01   1.6666667e-01
   5.5687056e-02   6.0317460e-01   6.3492063e-01   1.6666667e-01
   4.7589386e-02   6.0317460e-01   6.3492063e-01   1.6666667e-01
   4.5845272e-02   5.8730159e-01   6.3492063e-01   1.6666667e-01
   6.2414352e-02   5.5555556e-01   6.1904762e-01   1.6666667e-01
   1.0726299e-01   5.3968254e-01   6.1904762e-01   1.6666667e-01
   1.6120593e-01   5.2380952e-01   6.1904762e-01   1.6666667e-01
   2.0792326e-01   5.0793651e-01   6.3492063e-01   1.6666667e-01
   2.3994020e-01   4.9206349e-01   6.5079365e-01   1.6666667e-01
   2.5601096e-01   4.7619048e-01   6.5079365e-01   1.6666667e-01
   2.6062041e-01   4.7619048e-01   6.5079365e-01   1.6666667e-01
   2.6286284e-01   4.7619048e-01   6.6666667e-01   1.6666667e-01
   2.5513891e-01   4.6031746e-01   6.6666667e-01   1.6666667e-01
   2.4641834e-01   4.6031746e-01   6.6666667e-01   3.3333333e-01
   2.2897720e-01   4.6031746e-01   6.8253968e-01   3.3333333e-01
   2.1078859e-01   4.6031746e-01   6.8253968e-01   3.3333333e-01
   2.0281550e-01   4.6031746e-01   6.8253968e-01   3.3333333e-01
   2.0156970e-01   4.6031746e-01   6.8253968e-01   3.3333333e-01
   2.0256634e-01   4.6031746e-01   6.8253968e-01   3.3333333e-01
   2.0094680e-01   4.6031746e-01   6.8253968e-01   3.3333333e-01
   2.0941821e-01   4.7619048e-01   6.8253968e-01   3.3333333e-01
   2.3047216e-01   4.7619048e-01   6.8253968e-01   1.6666667e-01
   2.4293011e-01   4.7619048e-01   6.8253968e-01   1.6666667e-01
   2.4679208e-01   4.9206349e-01   6.6666667e-01   1.6666667e-01
   2.3171795e-01   5.0793651e-01   6.6666667e-01   1.6666667e-01
   2.1863710e-01   5.0793651e-01   6.5079365e-01   1.6666667e-01
   2.1178522e-01   5.0793651e-01   6.3492063e-01   1.6666667e-01
   2.1465055e-01   5.0793651e-01   6.3492063e-01   1.6666667e-01
   2.2349570e-01   5.0793651e-01   6.3492063e-01   1.6666667e-01
   2.2897720e-01   5.0793651e-01   6.5079365e-01   1.6666667e-01
   2.3109505e-01   5.0793651e-01   6.5079365e-01   1.6666667e-01
   2.2349570e-01   5.2380952e-01   6.6666667e-01   1.6666667e-01
   2.0194344e-01   5.2380952e-01   6.6666667e-01   1.6666667e-01
   1.7204435e-01   5.5555556e-01   6.8253968e-01   1.6666667e-01
   1.3629002e-01   5.8730159e-01   6.8253968e-01   1.6666667e-01
   1.0838420e-01   6.1904762e-01   6.8253968e-01   1.6666667e-01
   9.1067647e-02   6.3492063e-01   6.9841270e-01   1.6666667e-01
   8.5087829e-02   6.5079365e-01   6.9841270e-01   1.6666667e-01
   8.8700635e-02   6.5079365e-01   6.9841270e-01   1.6666667e-01
   9.3932976e-02   6.5079365e-01   6.9841270e-01   1.6666667e-01
   9.8293260e-02   6.5079365e-01   6.9841270e-01   1.6666667e-01
   9.8417840e-02   6.5079365e-01   6.9841270e-01   1.6666667e-01
   9.8666999e-02   6.5079365e-01   6.9841270e-01   1.6666667e-01
   9.8791578e-02   6.5079365e-01   6.9841270e-01   1.6666667e-01
   9.5303351e-02   6.5079365e-01   6.9841270e-01   1.6666667e-01
   8.7330260e-02   6.5079365e-01   6.9841270e-01   1.6666667e-01
   7.7488476e-02   6.5079365e-01   6.9841270e-01   1.6666667e-01
   6.5528840e-02   6.5079365e-01   6.9841270e-01   1.6666667e-01
   5.3070886e-02   6.5079365e-01   6.9841270e-01   1.6666667e-01
   4.2232465e-02   6.5079365e-01   6.8253968e-01   1.6666667e-01
   3.4259375e-02   6.3492063e-01   6.6666667e-01   1.6666667e-01
   3.2515261e-02   6.3492063e-01   6.5079365e-01   1.6666667e-01
   3.1892363e-02   6.3492063e-01   6.5079365e-01   1.6666667e-01
   3.0397409e-02   6.3492063e-01   6.5079365e-01   1.6666667e-01
   2.0555625e-02   6.3492063e-01   6.5079365e-01   1.6666667e-01
   5.7306590e-03   6.2222222e-01   6.4126984e-01   0.0000000e+00
   0.0000000e+00   6.0952381e-01   6.3174603e-01   0.0000000e+00
   5.1077613e-03   5.9682540e-01   6.2222222e-01   0.0000000e+00
   1.5572443e-02   5.8412698e-01   6.1269841e-01   0.0000000e+00
   4.4724056e-02   5.7142857e-01   6.0317460e-01   1.6666667e-01
   9.0943067e-02   5.3968254e-01   6.0317460e-01   1.6666667e-01
   1.4376479e-01   5.2380952e-01   6.1904762e-01   1.6666667e-01
   1.7902080e-01   5.2380952e-01   6.1904762e-01   1.6666667e-01
   2.0206802e-01   5.0793651e-01   6.3492063e-01   1.6666667e-01
   2.1788962e-01   5.0793651e-01   6.3492063e-01   1.6666667e-01
   2.3470786e-01   5.0793651e-01   6.3492063e-01   1.6666667e-01
   2.4367759e-01   4.9206349e-01   6.5079365e-01   1.6666667e-01
   2.4081226e-01   4.9206349e-01   6.5079365e-01   1.6666667e-01
   2.3408496e-01   4.9206349e-01   6.6666667e-01   1.6666667e-01
   2.1938458e-01   4.9206349e-01   6.6666667e-01   1.6666667e-01
   2.0069765e-01   4.9206349e-01   6.6666667e-01   3.3333333e-01
   1.8288277e-01   4.9206349e-01   6.6666667e-01   3.3333333e-01
   1.7329015e-01   4.9206349e-01   6.6666667e-01   3.3333333e-01
   1.7067398e-01   4.9206349e-01   6.6666667e-01   3.3333333e-01
   1.8113866e-01   4.9206349e-01   6.6666667e-01   3.3333333e-01
   1.9808148e-01   4.9206349e-01   6.6666667e-01   3.3333333e-01
   2.1489971e-01   4.9206349e-01   6.6666667e-01   1.6666667e-01
   2.2349570e-01   4.9206349e-01   6.5079365e-01   1.6666667e-01
   2.1315560e-01   5.0793651e-01   6.5079365e-01   1.6666667e-01
   2.2075495e-01   4.9206349e-01   6.5079365e-01   1.6666667e-01
   3.2739504e-01   3.0158730e-01   6.3492063e-01   3.3333333e-01
   5.1501184e-01   2.3809524e-01   6.1904762e-01   1.6666667e-01
   6.7086084e-01   1.5873016e-01   6.1904762e-01   1.6666667e-01
   7.7226859e-01   1.1111111e-01   6.0317460e-01   1.6666667e-01
   8.2870313e-01   9.5238095e-02   6.0317460e-01   1.6666667e-01
   8.5847764e-01   9.5238095e-02   6.0317460e-01   1.6666667e-01
   8.7454840e-01   7.9365079e-02   6.0317460e-01   1.6666667e-01
   8.7691541e-01   7.9365079e-02   6.1904762e-01   1.6666667e-01
   8.2982434e-01   7.9365079e-02   6.1904762e-01   1.6666667e-01
   7.2841659e-01   9.5238095e-02   6.3492063e-01   1.6666667e-01
   5.8477638e-01   9.5238095e-02   6.3492063e-01   1.6666667e-01
   4.3229102e-01   1.1111111e-01   6.3492063e-01   5.0000000e-01
   2.8665753e-01   1.2698413e-01   6.5079365e-01   5.0000000e-01
   1.5373116e-01   5.8730159e-01   6.5079365e-01   1.6666667e-01
   1.0365018e-01   6.0317460e-01   6.5079365e-01   1.6666667e-01
   1.0489598e-01   6.0317460e-01   6.6666667e-01   1.6666667e-01
   9.7545783e-02   6.0317460e-01   6.6666667e-01   1.6666667e-01
   8.8949794e-02   6.0317460e-01   6.6666667e-01   1.6666667e-01
   7.7488476e-02   6.1904762e-01   6.6666667e-01   1.6666667e-01
   6.7272954e-02   6.1904762e-01   6.6666667e-01   1.6666667e-01
   5.9175283e-02   6.1904762e-01   6.5079365e-01   1.6666667e-01
   5.1700511e-02   6.0317460e-01   6.5079365e-01   1.6666667e-01
   4.8835181e-02   5.8730159e-01   6.3492063e-01   1.6666667e-01
   4.6841909e-02   5.8730159e-01   6.1904762e-01   1.6666667e-01
   4.7340227e-02   5.8730159e-01   6.1904762e-01   1.6666667e-01
   5.5313318e-02   5.7142857e-01   6.1904762e-01   1.6666667e-01
   6.4656783e-02   5.5555556e-01   6.1904762e-01   1.6666667e-01
   7.0885761e-02   5.5555556e-01   6.1904762e-01   1.6666667e-01
   7.2256136e-02   5.3968254e-01   6.0317460e-01   1.6666667e-01
   7.6118101e-02   5.3968254e-01   6.0317460e-01   1.6666667e-01
   7.5495204e-02   5.2380952e-01   5.8730159e-01   1.6666667e-01
   6.4158465e-02   5.2380952e-01   5.8730159e-01   1.6666667e-01
   5.0454715e-02   5.2380952e-01   5.5555556e-01   1.6666667e-01
   4.8087704e-02   4.9206349e-01   5.0793651e-01   0.0000000e+00
   4.7215647e-02   4.6031746e-01   4.6031746e-01   1.6666667e-01
   3.9367136e-02   4.6031746e-01   4.6031746e-01   1.6666667e-01
   2.5414227e-02   4.6031746e-01   4.6031746e-01   0.0000000e+00
