   1.1900000e+02
   7.7898180e-02   5.6000000e-01   6.0000000e-01   1.6666667e-01
   2.3757923e-01   4.8000000e-01   6.2000000e-01   1.6666667e-01
   3.7865467e-01   4.6000000e-01   6.4000000e-01   1.6666667e-01
   4.5389491e-01   4.6000000e-01   6.6000000e-01   1.6666667e-01
   4.8333674e-01   4.6000000e-01   6.6000000e-01   1.6666667e-01
   4.9131057e-01   4.6000000e-01   6.8000000e-01   1.6666667e-01
   4.7270497e-01   4.6000000e-01   6.8000000e-01   1.6666667e-01
   4.3140462e-01   4.8000000e-01   6.8000000e-01   1.6666667e-01
   3.5759558e-01   5.0000000e-01   7.0000000e-01   1.6666667e-01
   2.7111020e-01   5.2000000e-01   7.0000000e-01   1.6666667e-01
   1.8973625e-01   5.6000000e-01   7.0000000e-01   1.6666667e-01
   1.2778573e-01   6.4000000e-01   7.0000000e-01   1.6666667e-01
   9.8139440e-02   6.4000000e-01   7.0000000e-01   1.6666667e-01
   9.0370067e-02   6.4000000e-01   7.0000000e-01   1.6666667e-01
   8.2191781e-02   6.4000000e-01   7.0000000e-01   1.6666667e-01
   9.1392353e-02   6.0000000e-01   6.6000000e-01   1.6666667e-01
   1.3269270e-01   5.4000000e-01   6.4000000e-01   1.6666667e-01
   1.9096299e-01   5.2000000e-01   6.4000000e-01   1.6666667e-01
   2.3635248e-01   5.0000000e-01   6.2000000e-01   1.6666667e-01
   2.4514414e-01   5.0000000e-01   6.2000000e-01   1.6666667e-01
   2.3860151e-01   5.0000000e-01   6.0000000e-01   1.6666667e-01
   2.3655694e-01   5.0000000e-01   6.0000000e-01   1.6666667e-01
   2.3062768e-01   5.2000000e-01   6.2000000e-01   1.6666667e-01
   2.1161317e-01   5.2000000e-01   6.2000000e-01   1.6666667e-01
   1.9341648e-01   5.4000000e-01   6.2000000e-01   1.6666667e-01
   1.6520139e-01   5.6000000e-01   6.4000000e-01   1.6666667e-01
   1.3228379e-01   5.8000000e-01   6.4000000e-01   1.6666667e-01
   1.0549990e-01   6.0000000e-01   6.4000000e-01   1.6666667e-01
   8.5872010e-02   6.2000000e-01   6.6000000e-01   1.6666667e-01
   7.4013494e-02   6.2000000e-01   6.6000000e-01   1.6666667e-01
   6.3381722e-02   6.2000000e-01   6.6000000e-01   1.6666667e-01
   6.1337150e-02   6.4000000e-01   6.6000000e-01   1.6666667e-01
   5.8270292e-02   6.4000000e-01   6.6000000e-01   1.6666667e-01
   5.1318749e-02   6.2000000e-01   6.6000000e-01   1.6666667e-01
   4.8865263e-02   6.2000000e-01   6.6000000e-01   1.6666667e-01
   4.5593948e-02   5.4250000e-01   5.7750000e-01   0.0000000e+00
   2.1263545e-02   4.6500000e-01   4.9500000e-01   0.0000000e+00
   5.9292578e-03   3.8750000e-01   4.1250000e-01   0.0000000e+00
   0.0000000e+00   3.1000000e-01   3.3000000e-01   0.0000000e+00
   6.1337150e-04   2.3250000e-01   2.4750000e-01   0.0000000e+00
   6.1337150e-04   1.5500000e-01   1.6500000e-01   0.0000000e+00
   9.6094868e-03   7.7500000e-02   8.2500000e-02   0.0000000e+00
   1.7992231e-02   0.0000000e+00   0.0000000e+00   1.6666667e-01
   4.3753834e-02   0.0000000e+00   2.0000000e-02   1.6666667e-01
   6.1746064e-02   0.0000000e+00   5.2000000e-01   3.3333333e-01
   8.1782866e-02   0.0000000e+00   5.2000000e-01   3.3333333e-01
   8.3214067e-02   2.0000000e-02   5.2000000e-01   3.3333333e-01
   6.6244122e-02   5.0000000e-01   5.2000000e-01   1.6666667e-01
   5.6839092e-02   5.0000000e-01   5.2000000e-01   1.6666667e-01
   1.0877121e-01   4.8000000e-01   5.4000000e-01   1.6666667e-01
   1.9852791e-01   4.6000000e-01   5.6000000e-01   1.6666667e-01
   3.0218769e-01   4.4000000e-01   5.8000000e-01   1.6666667e-01
   3.8049479e-01   4.4000000e-01   6.2000000e-01   1.6666667e-01
   4.2608873e-01   4.4000000e-01   6.2000000e-01   1.6666667e-01
   4.4673891e-01   4.4000000e-01   6.4000000e-01   1.6666667e-01
   4.2997342e-01   4.4000000e-01   6.4000000e-01   1.6666667e-01
   3.8458393e-01   4.6000000e-01   6.6000000e-01   1.6666667e-01
   3.0280106e-01   4.8000000e-01   6.6000000e-01   1.6666667e-01
   2.1917808e-01   5.0000000e-01   6.6000000e-01   1.6666667e-01
   1.4393785e-01   6.0000000e-01   6.8000000e-01   1.6666667e-01
   7.7080352e-02   6.4000000e-01   6.8000000e-01   1.6666667e-01
   5.7656921e-02   6.4000000e-01   6.8000000e-01   1.6666667e-01
   5.2136577e-02   6.6000000e-01   6.8000000e-01   1.6666667e-01
   4.2936005e-02   6.6000000e-01   6.8000000e-01   1.6666667e-01
   3.9051319e-02   6.6000000e-01   6.8000000e-01   1.6666667e-01
   4.3344919e-02   6.6000000e-01   6.8000000e-01   1.6666667e-01
   4.0891433e-02   6.6000000e-01   6.8000000e-01   1.6666667e-01
   3.2304232e-02   6.4000000e-01   6.6000000e-01   1.6666667e-01
   8.3214067e-02   6.4000000e-01   6.6000000e-01   1.6666667e-01
   3.6475158e-01   2.8000000e-01   6.4000000e-01   5.0000000e-01
   6.9372316e-01   2.6000000e-01   6.2000000e-01   1.6666667e-01
   9.0881210e-01   4.0000000e-02   6.2000000e-01   3.3333333e-01
   9.8998160e-01   2.0000000e-02   6.2000000e-01   3.3333333e-01
   1.0000000e+00   2.0000000e-02   6.2000000e-01   3.3333333e-01
   9.3252914e-01   2.0000000e-02   6.2000000e-01   3.3333333e-01
   8.3704764e-01   2.0000000e-02   6.2000000e-01   3.3333333e-01
   7.6160294e-01   2.0000000e-02   6.2000000e-01   3.3333333e-01
   7.2520957e-01   2.0000000e-02   6.4000000e-01   3.3333333e-01
   7.2296054e-01   4.0000000e-02   6.4000000e-01   3.3333333e-01
   7.4872214e-01   4.0000000e-02   6.4000000e-01   3.3333333e-01
   7.0926191e-01   6.0000000e-02   6.6000000e-01   3.3333333e-01
   6.2563893e-01   8.0000000e-02   6.6000000e-01   3.3333333e-01
   5.1523206e-01   1.0000000e-01   6.6000000e-01   3.3333333e-01
   3.8601513e-01   1.4000000e-01   6.6000000e-01   3.3333333e-01
   2.5332243e-01   1.8000000e-01   6.8000000e-01   3.3333333e-01
   1.6131670e-01   6.4000000e-01   6.8000000e-01   1.6666667e-01
   8.1578409e-02   6.2000000e-01   6.8000000e-01   1.6666667e-01
   9.2823553e-02   6.2000000e-01   6.8000000e-01   1.6666667e-01
   1.1572276e-01   6.0000000e-01   6.6000000e-01   1.6666667e-01
   2.1059088e-01   2.4000000e-01   6.6000000e-01   3.3333333e-01
   5.1482314e-01   2.0000000e-02   6.6000000e-01   5.0000000e-01
   7.7857289e-01   0.0000000e+00   6.6000000e-01   3.3333333e-01
   9.3845839e-01   0.0000000e+00   6.4000000e-01   1.6666667e-01
   9.6299325e-01   0.0000000e+00   6.4000000e-01   3.3333333e-01
   8.7773461e-01   0.0000000e+00   6.2000000e-01   3.3333333e-01
   7.9145369e-01   0.0000000e+00   6.2000000e-01   3.3333333e-01
   7.2377837e-01   2.0000000e-02   6.0000000e-01   3.3333333e-01
   6.7450419e-01   2.0000000e-02   6.0000000e-01   3.3333333e-01
   7.0905745e-01   4.0000000e-02   6.0000000e-01   5.0000000e-01
   7.4401963e-01   4.0000000e-02   6.0000000e-01   3.3333333e-01
   7.3665917e-01   6.0000000e-02   6.2000000e-01   1.6666667e-01
   6.6550808e-01   1.0000000e-01   6.2000000e-01   1.6666667e-01
   5.2586383e-01   1.4000000e-01   6.2000000e-01   3.3333333e-01
   3.5350644e-01   2.0000000e-01   6.4000000e-01   3.3333333e-01
   1.7399305e-01   6.0000000e-01   6.4000000e-01   1.6666667e-01
   8.5258638e-02   6.0000000e-01   6.4000000e-01   1.6666667e-01
   8.7098753e-02   6.2000000e-01   6.4000000e-01   1.6666667e-01
   7.5035780e-02   6.2000000e-01   6.6000000e-01   1.6666667e-01
   7.2173380e-02   6.2000000e-01   6.6000000e-01   1.6666667e-01
   6.8493151e-02   6.2000000e-01   6.6000000e-01   1.6666667e-01
   7.1151094e-02   6.2000000e-01   6.6000000e-01   1.6666667e-01
   8.2805152e-02   6.0000000e-01   6.6000000e-01   1.6666667e-01
   9.0574525e-02   6.0000000e-01   6.4000000e-01   1.6666667e-01
   9.1187896e-02   5.8000000e-01   6.4000000e-01   1.6666667e-01
   8.5054181e-02   5.8000000e-01   6.2000000e-01   1.6666667e-01
   6.7675322e-02   5.8000000e-01   6.0000000e-01   1.6666667e-01
   4.9069720e-02   5.8000000e-01   6.0000000e-01   0.0000000e+00
   4.8047434e-02   5.8000000e-01   6.0000000e-01   0.0000000e+00
   4.1300348e-02   5.8000000e-01   6.0000000e-01   0.0000000e+00
