   1.4700000e+02
   3.5046729e-03   2.1428571e-01   2.1428571e-01   0.0000000e+00
   2.3364486e-03   2.1428571e-01   2.1428571e-01   0.0000000e+00
   1.3629283e-03   2.1428571e-01   2.1428571e-01   0.0000000e+00
   5.8411215e-04   2.1428571e-01   2.1428571e-01   0.0000000e+00
   3.8940810e-04   2.1428571e-01   2.1428571e-01   0.0000000e+00
   0.0000000e+00   2.1428571e-01   2.1428571e-01   0.0000000e+00
   7.7881620e-04   2.1428571e-01   2.1428571e-01   0.0000000e+00
   8.1775701e-03   2.1428571e-01   2.1428571e-01   0.0000000e+00
   7.5934579e-03   2.1428571e-01   2.1428571e-01   0.0000000e+00
   7.3987539e-03   2.1428571e-01   2.1428571e-01   0.0000000e+00
   2.0833333e-02   2.1428571e-01   2.1428571e-01   1.6666667e-01
   5.4127726e-02   2.1428571e-01   2.3809524e-01   1.6666667e-01
   1.4641745e-01   1.9047619e-01   3.0952381e-01   1.6666667e-01
   2.7239097e-01   1.9047619e-01   4.2857143e-01   1.6666667e-01
   4.3263240e-01   1.6666667e-01   5.2380952e-01   1.6666667e-01
   5.9365265e-01   1.6666667e-01   5.7142857e-01   1.6666667e-01
   7.5778816e-01   1.1904762e-01   5.7142857e-01   1.6666667e-01
   8.6721184e-01   9.5238095e-02   5.9523810e-01   1.6666667e-01
   9.3438474e-01   7.1428571e-02   6.1904762e-01   1.6666667e-01
   9.9007009e-01   7.1428571e-02   6.1904762e-01   1.6666667e-01
   1.0000000e+00   2.3809524e-02   6.4285714e-01   1.6666667e-01
   9.0634735e-01   2.3809524e-02   6.4285714e-01   1.6666667e-01
   7.8076324e-01   2.3809524e-02   6.4285714e-01   1.6666667e-01
   6.7270249e-01   2.3809524e-02   6.6666667e-01   1.6666667e-01
   5.5179128e-01   4.7619048e-02   6.6666667e-01   1.6666667e-01
   4.1919782e-01   1.4285714e-01   6.6666667e-01   5.0000000e-01
   2.7998442e-01   1.6666667e-01   6.6666667e-01   3.3333333e-01
   1.7172897e-01   1.9047619e-01   6.6666667e-01   3.3333333e-01
   1.5284268e-01   1.9047619e-01   6.6666667e-01   3.3333333e-01
   1.3785047e-01   1.9047619e-01   6.6666667e-01   3.3333333e-01
   1.1954829e-01   1.9047619e-01   6.4285714e-01   3.3333333e-01
   1.1351246e-01   1.9047619e-01   6.4285714e-01   3.3333333e-01
   1.1448598e-01   1.9047619e-01   6.1904762e-01   3.3333333e-01
   1.2947819e-01   1.9047619e-01   6.1904762e-01   5.0000000e-01
   1.5907321e-01   1.9047619e-01   5.9523810e-01   3.3333333e-01
   2.0872274e-01   1.9047619e-01   5.2380952e-01   3.3333333e-01
   2.5661994e-01   1.9047619e-01   5.4761905e-01   3.3333333e-01
   3.1678349e-01   1.9047619e-01   5.4761905e-01   3.3333333e-01
   3.5942368e-01   1.6666667e-01   5.7142857e-01   3.3333333e-01
   4.2017134e-01   1.6666667e-01   5.9523810e-01   3.3333333e-01
   4.6962617e-01   1.6666667e-01   6.1904762e-01   3.3333333e-01
   4.8539720e-01   1.6666667e-01   6.4285714e-01   3.3333333e-01
   4.5950156e-01   1.6666667e-01   6.4285714e-01   3.3333333e-01
   4.3146417e-01   1.6666667e-01   6.6666667e-01   3.3333333e-01
   4.1569315e-01   1.6666667e-01   6.6666667e-01   3.3333333e-01
   4.0459502e-01   1.6666667e-01   6.9047619e-01   3.3333333e-01
   3.9330218e-01   1.9047619e-01   6.9047619e-01   3.3333333e-01
   3.6915888e-01   4.0476190e-01   6.9047619e-01   1.6666667e-01
   3.4910436e-01   4.2857143e-01   6.9047619e-01   1.6666667e-01
   3.2126168e-01   4.2857143e-01   6.9047619e-01   1.6666667e-01
   2.7745327e-01   1.6666667e-01   6.9047619e-01   3.3333333e-01
   2.3130841e-01   4.2857143e-01   6.9047619e-01   1.6666667e-01
   1.9061526e-01   4.2857143e-01   6.4285714e-01   1.6666667e-01
   1.4096573e-01   1.6666667e-01   5.0000000e-01   3.3333333e-01
   1.0922897e-01   1.6666667e-01   4.7619048e-01   3.3333333e-01
   1.2013240e-01   1.6666667e-01   4.7619048e-01   3.3333333e-01
   1.3317757e-01   3.8095238e-01   4.5238095e-01   1.6666667e-01
   1.3473520e-01   3.5714286e-01   4.5238095e-01   1.6666667e-01
   1.3979751e-01   3.5714286e-01   4.5238095e-01   1.6666667e-01
   1.4933801e-01   3.5714286e-01   4.5238095e-01   1.6666667e-01
   1.5595794e-01   3.5714286e-01   4.5238095e-01   1.6666667e-01
   1.6588785e-01   3.5714286e-01   4.7619048e-01   1.6666667e-01
   2.0210280e-01   3.8095238e-01   5.0000000e-01   1.6666667e-01
   2.8660436e-01   3.8095238e-01   6.1904762e-01   1.6666667e-01
   3.7636293e-01   3.8095238e-01   6.6666667e-01   1.6666667e-01
   4.3185358e-01   4.0476190e-01   6.6666667e-01   1.6666667e-01
   4.3866822e-01   4.0476190e-01   6.9047619e-01   1.6666667e-01
   4.3010125e-01   4.2857143e-01   6.9047619e-01   1.6666667e-01
   4.1335670e-01   4.2857143e-01   6.9047619e-01   1.6666667e-01
   3.8278816e-01   4.5238095e-01   6.9047619e-01   1.6666667e-01
   3.3080218e-01   4.2857143e-01   6.9047619e-01   1.6666667e-01
   2.8952492e-01   4.2857143e-01   6.9047619e-01   1.6666667e-01
   2.4785826e-01   4.0476190e-01   6.9047619e-01   1.6666667e-01
   2.0813863e-01   4.0476190e-01   6.6666667e-01   1.6666667e-01
   1.4836449e-01   4.0476190e-01   5.4761905e-01   1.6666667e-01
   8.9369159e-02   3.8095238e-01   4.7619048e-01   1.6666667e-01
   6.6588785e-02   3.8095238e-01   4.5238095e-01   1.6666667e-01
   6.6978193e-02   3.8095238e-01   4.5238095e-01   1.6666667e-01
   7.8855140e-02   3.8095238e-01   4.5238095e-01   1.6666667e-01
   1.0007788e-01   4.0476190e-01   4.7619048e-01   1.6666667e-01
   1.3317757e-01   4.0476190e-01   5.2380952e-01   1.6666667e-01
   1.8165888e-01   4.0476190e-01   5.4761905e-01   1.6666667e-01
   2.6148754e-01   4.2857143e-01   6.1904762e-01   1.6666667e-01
   3.3002336e-01   4.0476190e-01   6.4285714e-01   1.6666667e-01
   3.8531931e-01   3.5714286e-01   6.6666667e-01   1.6666667e-01
   3.8551402e-01   3.3333333e-01   6.6666667e-01   1.6666667e-01
   3.6331776e-01   3.3333333e-01   6.6666667e-01   1.6666667e-01
   3.4228972e-01   3.0952381e-01   6.9047619e-01   1.6666667e-01
   3.0432243e-01   3.0952381e-01   6.9047619e-01   1.6666667e-01
   2.4513240e-01   3.3333333e-01   6.6666667e-01   1.6666667e-01
   1.4758567e-01   3.3333333e-01   4.0476190e-01   1.6666667e-01
   6.4057632e-02   3.5714286e-01   4.0476190e-01   1.6666667e-01
   6.6978193e-02   3.5714286e-01   4.2857143e-01   1.6666667e-01
   5.8995327e-02   3.8095238e-01   4.2857143e-01   1.6666667e-01
   5.7632399e-02   3.8095238e-01   4.2857143e-01   1.6666667e-01
   5.9190031e-02   3.8095238e-01   4.5238095e-01   1.6666667e-01
   6.1137072e-02   4.0476190e-01   4.5238095e-01   1.6666667e-01
   6.6004673e-02   4.0476190e-01   4.5238095e-01   1.6666667e-01
   7.6129283e-02   3.8095238e-01   4.5238095e-01   1.6666667e-01
   7.8271028e-02   3.8095238e-01   4.5238095e-01   1.6666667e-01
   8.5864486e-02   3.8095238e-01   4.5238095e-01   1.6666667e-01
   1.1721184e-01   3.5714286e-01   4.5238095e-01   1.6666667e-01
   1.5167445e-01   3.3333333e-01   4.5238095e-01   1.6666667e-01
   1.8029595e-01   3.0952381e-01   4.5238095e-01   1.6666667e-01
   2.0229751e-01   3.0952381e-01   4.5238095e-01   1.6666667e-01
   2.1651090e-01   3.0952381e-01   4.5238095e-01   1.6666667e-01
   2.5292056e-01   3.0952381e-01   4.7619048e-01   1.6666667e-01
   3.5552960e-01   3.3333333e-01   5.9523810e-01   1.6666667e-01
   4.6242212e-01   3.3333333e-01   6.4285714e-01   1.6666667e-01
   5.1421340e-01   3.5714286e-01   6.6666667e-01   1.6666667e-01
   5.1577103e-01   3.5714286e-01   6.9047619e-01   1.6666667e-01
   5.0194704e-01   3.8095238e-01   6.9047619e-01   1.6666667e-01
   4.7429907e-01   4.0476190e-01   6.9047619e-01   1.6666667e-01
   4.3944704e-01   4.2857143e-01   7.1428571e-01   1.6666667e-01
   3.8006231e-01   4.2857143e-01   7.1428571e-01   1.6666667e-01
   3.0802181e-01   4.2857143e-01   7.1428571e-01   1.6666667e-01
   2.5545171e-01   4.2857143e-01   7.1428571e-01   1.6666667e-01
   2.0327103e-01   4.2857143e-01   6.9047619e-01   1.6666667e-01
   1.4972741e-01   4.2857143e-01   6.4285714e-01   1.6666667e-01
   9.2873832e-02   4.2857143e-01   5.0000000e-01   1.6666667e-01
   4.2834891e-02   4.2857143e-01   4.5238095e-01   1.6666667e-01
   4.1277259e-02   4.0476190e-01   4.5238095e-01   1.6666667e-01
   5.5101246e-02   4.2857143e-01   4.7619048e-01   1.6666667e-01
   6.9898754e-02   4.2857143e-01   5.0000000e-01   1.6666667e-01
   8.1775701e-02   4.2857143e-01   5.2380952e-01   1.6666667e-01
   1.0163551e-01   4.5238095e-01   5.4761905e-01   1.6666667e-01
   1.0806075e-01   4.5238095e-01   5.7142857e-01   1.6666667e-01
   1.1429128e-01   4.7619048e-01   5.7142857e-01   1.6666667e-01
   1.0961838e-01   5.0000000e-01   5.9523810e-01   1.6666667e-01
   9.9883178e-02   5.2380952e-01   5.9523810e-01   1.6666667e-01
   9.7741433e-02   5.2380952e-01   6.1904762e-01   1.6666667e-01
   9.7157321e-02   5.4761905e-01   6.1904762e-01   1.6666667e-01
   9.5210280e-02   5.7142857e-01   6.1904762e-01   1.6666667e-01
   9.8130841e-02   5.7142857e-01   6.4285714e-01   1.6666667e-01
   9.8130841e-02   5.7142857e-01   6.4285714e-01   1.6666667e-01
   1.0046729e-01   5.7142857e-01   6.4285714e-01   1.6666667e-01
   1.0552960e-01   5.4761905e-01   6.4285714e-01   1.6666667e-01
   1.0981308e-01   5.4761905e-01   6.4285714e-01   1.6666667e-01
   1.1468069e-01   5.4761905e-01   6.4285714e-01   1.6666667e-01
   1.0767134e-01   5.2380952e-01   6.4285714e-01   1.6666667e-01
   1.1020249e-01   5.2380952e-01   6.1904762e-01   1.6666667e-01
   1.2188474e-01   5.0000000e-01   6.1904762e-01   1.6666667e-01
   1.3298287e-01   4.7619048e-01   5.9523810e-01   1.6666667e-01
   1.2986760e-01   4.7619048e-01   5.9523810e-01   1.6666667e-01
   9.6573209e-02   4.7619048e-01   5.7142857e-01   1.6666667e-01
   6.0358255e-02   5.0000000e-01   5.4761905e-01   1.6666667e-01
   2.4338006e-02   5.2380952e-01   5.4761905e-01   1.6666667e-01
