   2.5600000e+02
   2.9865943e-02   6.4367816e-01   6.4367816e-01   0.0000000e+00
   4.7853385e-02   6.4367816e-01   6.4367816e-01   1.6666667e-01
   7.6701171e-02   6.4367816e-01   6.4367816e-01   1.6666667e-01
   1.0622773e-01   5.9770115e-01   6.0919540e-01   1.6666667e-01
   1.1759715e-01   5.8620690e-01   6.2068966e-01   1.6666667e-01
   1.3405736e-01   5.8620690e-01   6.2068966e-01   1.6666667e-01
   1.4882063e-01   5.7471264e-01   6.2068966e-01   1.6666667e-01
   1.6935347e-01   5.7471264e-01   6.2068966e-01   1.6666667e-01
   1.7749873e-01   5.7471264e-01   6.2068966e-01   1.6666667e-01
   1.9039538e-01   5.7471264e-01   6.3218391e-01   1.6666667e-01
   2.2094010e-01   5.7471264e-01   6.4367816e-01   1.6666667e-01
   3.2937383e-01   5.7471264e-01   7.3563218e-01   3.3333333e-01
   4.4815883e-01   5.8620690e-01   7.4712644e-01   1.6666667e-01
   5.0364840e-01   5.8620690e-01   7.5862069e-01   1.6666667e-01
   4.9686068e-01   5.9770115e-01   7.5862069e-01   1.6666667e-01
   4.7293399e-01   6.0919540e-01   7.5862069e-01   1.6666667e-01
   4.2983200e-01   6.0919540e-01   7.7011494e-01   1.6666667e-01
   3.7315459e-01   6.2068966e-01   7.7011494e-01   1.6666667e-01
   3.1528933e-01   6.2068966e-01   7.7011494e-01   1.6666667e-01
   2.5216358e-01   6.2068966e-01   7.4712644e-01   1.6666667e-01
   2.0091634e-01   6.2068966e-01   6.8965517e-01   1.6666667e-01
   1.6426268e-01   5.8620690e-01   6.7816092e-01   1.6666667e-01
   1.4746309e-01   5.8620690e-01   6.4367816e-01   1.6666667e-01
   1.4101476e-01   5.7471264e-01   6.3218391e-01   1.6666667e-01
   1.3829968e-01   5.6321839e-01   6.3218391e-01   1.6666667e-01
   1.5306296e-01   5.6321839e-01   6.2068966e-01   1.6666667e-01
   1.6443238e-01   5.6321839e-01   6.0919540e-01   1.6666667e-01
   1.6307483e-01   5.5172414e-01   6.0919540e-01   1.6666667e-01
   1.6884439e-01   5.6321839e-01   6.0919540e-01   1.6666667e-01
   1.8869846e-01   5.6321839e-01   6.2068966e-01   1.6666667e-01
   2.1975225e-01   5.6321839e-01   6.4367816e-01   1.6666667e-01
   2.5182420e-01   5.7471264e-01   6.5517241e-01   1.6666667e-01
   2.6302393e-01   5.7471264e-01   6.6666667e-01   1.6666667e-01
   2.5895130e-01   5.8620690e-01   6.7816092e-01   1.6666667e-01
   2.4096386e-01   5.9770115e-01   6.7816092e-01   1.6666667e-01
   2.1550993e-01   6.0919540e-01   6.8965517e-01   1.6666667e-01
   1.9039538e-01   6.2068966e-01   6.8965517e-01   1.6666667e-01
   1.6629900e-01   6.4367816e-01   7.0114943e-01   1.6666667e-01
   1.4372985e-01   6.5517241e-01   7.0114943e-01   1.6666667e-01
   1.2828780e-01   6.6666667e-01   7.0114943e-01   1.6666667e-01
   1.2540302e-01   6.6666667e-01   7.1264368e-01   1.6666667e-01
   1.2234855e-01   6.7816092e-01   7.1264368e-01   1.6666667e-01
   1.2387578e-01   6.6666667e-01   7.1264368e-01   1.6666667e-01
   1.3728152e-01   6.6666667e-01   7.1264368e-01   1.6666667e-01
   1.4865094e-01   6.5517241e-01   7.1264368e-01   1.6666667e-01
   1.5798405e-01   6.4367816e-01   7.1264368e-01   1.6666667e-01
   1.6494146e-01   6.4367816e-01   7.1264368e-01   1.6666667e-01
   1.6935347e-01   6.3218391e-01   7.1264368e-01   1.6666667e-01
   1.8768030e-01   6.2068966e-01   6.8965517e-01   1.6666667e-01
   2.1041914e-01   6.0919540e-01   6.8965517e-01   1.6666667e-01
   2.7609028e-01   5.5172414e-01   6.7816092e-01   1.6666667e-01
   3.4820974e-01   5.5172414e-01   6.7816092e-01   1.6666667e-01
   3.8978449e-01   5.4022989e-01   6.7816092e-01   1.6666667e-01
   3.8079077e-01   5.4022989e-01   6.6666667e-01   1.6666667e-01
   3.5092483e-01   5.4022989e-01   6.6666667e-01   1.6666667e-01
   3.0799253e-01   5.5172414e-01   6.6666667e-01   1.6666667e-01
   2.6641778e-01   5.6321839e-01   6.6666667e-01   1.6666667e-01
   2.3468522e-01   5.6321839e-01   6.7816092e-01   1.6666667e-01
   1.9684371e-01   5.8620690e-01   6.7816092e-01   1.6666667e-01
   1.5662651e-01   6.4367816e-01   6.8965517e-01   1.6666667e-01
   1.2557271e-01   6.5517241e-01   6.8965517e-01   1.6666667e-01
   1.1827592e-01   6.5517241e-01   6.8965517e-01   1.6666667e-01
   1.1335483e-01   6.6666667e-01   6.8965517e-01   1.6666667e-01
   1.1556083e-01   6.6666667e-01   7.0114943e-01   1.6666667e-01
   1.1657899e-01   6.6666667e-01   7.0114943e-01   1.6666667e-01
   1.1827592e-01   6.6666667e-01   7.0114943e-01   1.6666667e-01
   1.1471237e-01   6.6666667e-01   7.0114943e-01   1.6666667e-01
   1.1199728e-01   6.6666667e-01   7.0114943e-01   1.6666667e-01
   1.0792466e-01   6.6666667e-01   7.0114943e-01   1.6666667e-01
   1.0215510e-01   6.6666667e-01   7.0114943e-01   1.6666667e-01
   1.0436111e-01   6.5517241e-01   7.0114943e-01   1.6666667e-01
   1.1437298e-01   6.4367816e-01   7.0114943e-01   1.6666667e-01
   1.7376548e-01   5.1724138e-01   6.8965517e-01   3.3333333e-01
   2.8202953e-01   5.0574713e-01   6.8965517e-01   3.3333333e-01
   3.7824538e-01   4.9425287e-01   6.7816092e-01   1.6666667e-01
   4.3831665e-01   4.9425287e-01   6.6666667e-01   1.6666667e-01
   4.4561344e-01   4.8275862e-01   6.6666667e-01   1.6666667e-01
   4.3865603e-01   4.8275862e-01   6.6666667e-01   1.6666667e-01
   4.3017139e-01   4.9425287e-01   6.5517241e-01   3.3333333e-01
   4.3831665e-01   4.9425287e-01   6.6666667e-01   1.6666667e-01
   4.5053453e-01   4.9425287e-01   6.6666667e-01   1.6666667e-01
   4.4985576e-01   5.0574713e-01   6.6666667e-01   1.6666667e-01
   4.0624470e-01   5.1724138e-01   6.6666667e-01   1.6666667e-01
   3.4464619e-01   5.2873563e-01   6.6666667e-01   1.6666667e-01
   2.9662311e-01   5.4022989e-01   6.7816092e-01   1.6666667e-01
   2.5419990e-01   5.5172414e-01   6.7816092e-01   1.6666667e-01
   2.1143730e-01   5.7471264e-01   6.7816092e-01   1.6666667e-01
   1.7529272e-01   6.2068966e-01   6.7816092e-01   1.6666667e-01
   1.4661463e-01   6.2068966e-01   6.7816092e-01   1.6666667e-01
   1.3032411e-01   6.2068966e-01   6.7816092e-01   1.6666667e-01
   1.2200916e-01   6.2068966e-01   6.7816092e-01   1.6666667e-01
   1.1369421e-01   6.2068966e-01   6.6666667e-01   1.6666667e-01
   1.1878500e-01   6.0919540e-01   6.6666667e-01   1.6666667e-01
   1.2014254e-01   5.9770115e-01   6.5517241e-01   1.6666667e-01
   1.4339046e-01   5.8620690e-01   6.4367816e-01   1.6666667e-01
   1.7766842e-01   5.5172414e-01   6.4367816e-01   1.6666667e-01
   2.0855252e-01   5.4022989e-01   6.4367816e-01   1.6666667e-01
   2.2043102e-01   5.2873563e-01   6.3218391e-01   1.6666667e-01
   2.2670966e-01   5.1724138e-01   6.2068966e-01   1.6666667e-01
   2.1941286e-01   5.1724138e-01   6.0919540e-01   1.6666667e-01
   2.1228576e-01   5.0574713e-01   5.9770115e-01   1.6666667e-01
   2.0414051e-01   5.0574713e-01   5.9770115e-01   1.6666667e-01
   1.8666214e-01   5.0574713e-01   5.6321839e-01   1.6666667e-01
   1.7631088e-01   5.0574713e-01   5.6321839e-01   1.6666667e-01
   1.7529272e-01   5.0574713e-01   5.6321839e-01   1.6666667e-01
   2.0464958e-01   5.1724138e-01   5.8620690e-01   1.6666667e-01
   2.4571526e-01   5.1724138e-01   6.0919540e-01   1.6666667e-01
   3.0290175e-01   5.2873563e-01   6.4367816e-01   1.6666667e-01
   3.4532496e-01   5.2873563e-01   6.5517241e-01   1.6666667e-01
   3.6483964e-01   5.4022989e-01   6.6666667e-01   1.6666667e-01
   3.5177329e-01   5.5172414e-01   6.6666667e-01   1.6666667e-01
   3.3378585e-01   5.6321839e-01   6.6666667e-01   1.6666667e-01
   3.0171390e-01   5.6321839e-01   6.7816092e-01   1.6666667e-01
   2.5538775e-01   5.7471264e-01   6.7816092e-01   1.6666667e-01
   2.2704904e-01   5.6321839e-01   6.7816092e-01   1.6666667e-01
   2.0702528e-01   5.5172414e-01   6.6666667e-01   1.6666667e-01
   1.8751061e-01   5.4022989e-01   6.2068966e-01   1.6666667e-01
   1.7478364e-01   5.1724138e-01   5.9770115e-01   1.6666667e-01
   1.8174105e-01   5.1724138e-01   5.9770115e-01   1.6666667e-01
   1.9175293e-01   5.1724138e-01   5.8620690e-01   1.6666667e-01
   1.8462583e-01   5.1724138e-01   5.7471264e-01   1.6666667e-01
   1.7580180e-01   5.0574713e-01   5.6321839e-01   1.6666667e-01
   1.7665026e-01   5.1724138e-01   5.7471264e-01   1.6666667e-01
   1.7987443e-01   5.1724138e-01   5.7471264e-01   1.6666667e-01
   1.8394706e-01   5.1724138e-01   5.8620690e-01   1.6666667e-01
   1.8768030e-01   5.2873563e-01   5.9770115e-01   1.6666667e-01
   1.8818938e-01   5.4022989e-01   6.0919540e-01   1.6666667e-01
   1.8157136e-01   5.5172414e-01   6.2068966e-01   1.6666667e-01
   1.7020193e-01   5.6321839e-01   6.2068966e-01   1.6666667e-01
   1.5475988e-01   5.7471264e-01   6.3218391e-01   1.6666667e-01
   1.4457831e-01   5.8620690e-01   6.3218391e-01   1.6666667e-01
   1.2421517e-01   5.9770115e-01   6.4367816e-01   1.6666667e-01
   1.1352452e-01   6.0919540e-01   6.4367816e-01   1.6666667e-01
   1.1912438e-01   6.0919540e-01   6.4367816e-01   1.6666667e-01
   1.1725776e-01   6.2068966e-01   6.5517241e-01   1.6666667e-01
   1.1963346e-01   6.2068966e-01   6.5517241e-01   1.6666667e-01
   1.2625148e-01   6.2068966e-01   6.5517241e-01   1.6666667e-01
   1.2608179e-01   6.2068966e-01   6.5517241e-01   1.6666667e-01
   1.2421517e-01   6.2068966e-01   6.5517241e-01   1.6666667e-01
   1.2014254e-01   6.2068966e-01   6.6666667e-01   1.6666667e-01
   1.1318513e-01   6.2068966e-01   6.5517241e-01   1.6666667e-01
   1.0673681e-01   6.0919540e-01   6.5517241e-01   1.6666667e-01
   1.0554896e-01   6.0919540e-01   6.5517241e-01   1.6666667e-01
   9.4349228e-02   6.0919540e-01   6.4367816e-01   1.6666667e-01
   8.9937214e-02   6.0919540e-01   6.4367816e-01   1.6666667e-01
   9.0785678e-02   5.9770115e-01   6.3218391e-01   1.6666667e-01
   9.3331071e-02   5.9770115e-01   6.3218391e-01   1.6666667e-01
   1.1912438e-01   5.7471264e-01   6.3218391e-01   1.6666667e-01
   1.5594773e-01   5.5172414e-01   6.2068966e-01   1.6666667e-01
   1.9277108e-01   5.5172414e-01   6.2068966e-01   1.6666667e-01
   2.1262515e-01   5.4022989e-01   6.0919540e-01   1.6666667e-01
   2.1856440e-01   5.2873563e-01   6.2068966e-01   1.6666667e-01
   2.2993382e-01   5.1724138e-01   6.2068966e-01   1.6666667e-01
   2.3213983e-01   5.1724138e-01   6.3218391e-01   1.6666667e-01
   2.2704904e-01   5.1724138e-01   6.3218391e-01   1.6666667e-01
   2.0974037e-01   5.1724138e-01   6.4367816e-01   3.3333333e-01
   1.9243170e-01   5.1724138e-01   6.4367816e-01   3.3333333e-01
   1.7427456e-01   5.1724138e-01   6.5517241e-01   3.3333333e-01
   1.6680808e-01   5.1724138e-01   6.5517241e-01   3.3333333e-01
   1.7563211e-01   5.1724138e-01   6.5517241e-01   3.3333333e-01
   1.6714746e-01   5.2873563e-01   6.6666667e-01   3.3333333e-01
   1.5221449e-01   5.2873563e-01   6.6666667e-01   3.3333333e-01
   1.5221449e-01   5.4022989e-01   6.6666667e-01   3.3333333e-01
   1.4101476e-01   5.5172414e-01   6.6666667e-01   3.3333333e-01
   1.2625148e-01   5.6321839e-01   6.7816092e-01   3.3333333e-01
   1.1233667e-01   6.4367816e-01   6.7816092e-01   1.6666667e-01
   9.7743085e-02   6.4367816e-01   6.7816092e-01   1.6666667e-01
   9.4349228e-02   6.4367816e-01   6.7816092e-01   1.6666667e-01
   9.4179535e-02   6.4367816e-01   6.7816092e-01   1.6666667e-01
   9.0785678e-02   6.4367816e-01   6.7816092e-01   1.6666667e-01
   9.3161378e-02   6.4367816e-01   6.7816092e-01   1.6666667e-01
   9.8082471e-02   6.3218391e-01   6.7816092e-01   1.6666667e-01
   1.0028848e-01   6.3218391e-01   6.6666667e-01   1.6666667e-01
   9.6894621e-02   6.3218391e-01   6.6666667e-01   1.6666667e-01
   9.3161378e-02   6.3218391e-01   6.6666667e-01   1.6666667e-01
   8.6203971e-02   6.2068966e-01   6.5517241e-01   1.6666667e-01
   8.7222128e-02   6.2068966e-01   6.5517241e-01   1.6666667e-01
   8.1791957e-02   6.2068966e-01   6.5517241e-01   1.6666667e-01
   7.1780078e-02   6.2068966e-01   6.5517241e-01   1.6666667e-01
   7.1949771e-02   6.2068966e-01   6.4367816e-01   1.6666667e-01
   6.6180214e-02   6.0919540e-01   6.4367816e-01   1.6666667e-01
   6.4143900e-02   6.0919540e-01   6.2068966e-01   1.6666667e-01
   5.1247242e-02   5.9770115e-01   6.0919540e-01   1.6666667e-01
   3.7841507e-02   5.9770115e-01   6.0919540e-01   1.6666667e-01
   4.1574750e-02   5.9770115e-01   5.9770115e-01   1.6666667e-01
   3.3768878e-02   5.8620690e-01   5.8620690e-01   0.0000000e+00
   3.4956728e-02   5.7471264e-01   5.7471264e-01   0.0000000e+00
   3.3090107e-02   5.6321839e-01   5.6321839e-01   0.0000000e+00
   2.7999321e-02   5.5172414e-01   5.5172414e-01   0.0000000e+00
   4.3441371e-02   5.4022989e-01   5.4022989e-01   1.6666667e-01
   6.6180214e-02   5.4022989e-01   5.6321839e-01   1.6666667e-01
   1.0147633e-01   5.4022989e-01   5.7471264e-01   1.6666667e-01
   1.4983879e-01   5.2873563e-01   5.8620690e-01   1.6666667e-01
   2.2772781e-01   5.2873563e-01   1.0000000e+00   3.3333333e-01
   2.9967758e-01   5.4022989e-01   1.0000000e+00   3.3333333e-01
   3.3853725e-01   5.4022989e-01   1.0000000e+00   3.3333333e-01
   3.4837943e-01   5.5172414e-01   1.0000000e+00   3.3333333e-01
   3.3412523e-01   5.6321839e-01   1.0000000e+00   3.3333333e-01
   3.0748345e-01   5.7471264e-01   1.0000000e+00   3.3333333e-01
   2.7642966e-01   6.0919540e-01   9.8850575e-01   3.3333333e-01
   2.5233328e-01   6.3218391e-01   9.5402299e-01   3.3333333e-01
   2.1720686e-01   6.4367816e-01   9.4252874e-01   3.3333333e-01
   1.8920753e-01   6.4367816e-01   9.1954023e-01   3.3333333e-01
   1.7444426e-01   6.4367816e-01   9.0804598e-01   3.3333333e-01
   1.7851688e-01   6.4367816e-01   9.0804598e-01   3.3333333e-01
   1.8292890e-01   6.4367816e-01   8.9655172e-01   3.3333333e-01
   1.9650433e-01   6.4367816e-01   8.7356322e-01   3.3333333e-01
   2.1601901e-01   6.4367816e-01   8.6206897e-01   3.3333333e-01
   2.7592058e-01   5.9770115e-01   8.5057471e-01   3.3333333e-01
   4.6461904e-01   5.2873563e-01   1.0000000e+00   6.6666667e-01
   7.0999491e-01   5.1724138e-01   1.0000000e+00   5.0000000e-01
   9.2906839e-01   5.1724138e-01   1.0000000e+00   5.0000000e-01
   1.0000000e+00   5.1724138e-01   1.0000000e+00   1.6666667e-01
   9.7081283e-01   5.1724138e-01   1.0000000e+00   1.6666667e-01
   8.7205159e-01   5.2873563e-01   1.0000000e+00   1.6666667e-01
   7.2645512e-01   5.4022989e-01   1.0000000e+00   3.3333333e-01
   5.5082301e-01   5.4022989e-01   9.8850575e-01   5.0000000e-01
   3.2869506e-01   5.5172414e-01   9.3103448e-01   5.0000000e-01
   1.5357203e-01   5.7471264e-01   6.0919540e-01   1.6666667e-01
   3.1732564e-02   5.7614943e-01   6.1015326e-01   0.0000000e+00
   0.0000000e+00   5.7758621e-01   6.1111111e-01   0.0000000e+00
   0.0000000e+00   5.7902299e-01   6.1206897e-01   0.0000000e+00
   0.0000000e+00   5.8045977e-01   6.1302682e-01   0.0000000e+00
   0.0000000e+00   5.8189655e-01   6.1398467e-01   0.0000000e+00
   0.0000000e+00   5.8333333e-01   6.1494253e-01   0.0000000e+00
   0.0000000e+00   5.8477011e-01   6.1590038e-01   0.0000000e+00
   0.0000000e+00   5.8620690e-01   6.1685824e-01   0.0000000e+00
   0.0000000e+00   5.8764368e-01   6.1781609e-01   0.0000000e+00
   0.0000000e+00   5.8908046e-01   6.1877395e-01   0.0000000e+00
   0.0000000e+00   5.9051724e-01   6.1973180e-01   0.0000000e+00
   0.0000000e+00   5.9195402e-01   6.2068966e-01   0.0000000e+00
   0.0000000e+00   5.9339080e-01   6.2164751e-01   0.0000000e+00
   0.0000000e+00   5.9482759e-01   6.2260536e-01   0.0000000e+00
   0.0000000e+00   5.9626437e-01   6.2356322e-01   0.0000000e+00
   0.0000000e+00   5.9770115e-01   6.2452107e-01   0.0000000e+00
   0.0000000e+00   5.9913793e-01   6.2547893e-01   0.0000000e+00
   0.0000000e+00   6.0057471e-01   6.2643678e-01   0.0000000e+00
   0.0000000e+00   6.0201149e-01   6.2739464e-01   0.0000000e+00
   0.0000000e+00   6.0344828e-01   6.2835249e-01   0.0000000e+00
   0.0000000e+00   6.0488506e-01   6.2931034e-01   0.0000000e+00
   6.7877142e-04   6.0632184e-01   6.3026820e-01   0.0000000e+00
   1.8666214e-03   6.0775862e-01   6.3122605e-01   0.0000000e+00
   4.1574750e-02   6.0919540e-01   6.3218391e-01   1.6666667e-01
   1.0707619e-01   6.0919540e-01   6.4367816e-01   1.6666667e-01
   1.5442050e-01   6.0919540e-01   6.5517241e-01   1.6666667e-01
   1.7851688e-01   6.0919540e-01   6.5517241e-01   1.6666667e-01
   1.9752248e-01   6.0919540e-01   6.6666667e-01   1.6666667e-01
   2.1109791e-01   6.0919540e-01   6.6666667e-01   1.6666667e-01
   2.0855252e-01   6.0919540e-01   6.7816092e-01   1.6666667e-01
   2.0278296e-01   6.2068966e-01   6.7816092e-01   1.6666667e-01
   1.9158323e-01   6.2068966e-01   6.7816092e-01   1.6666667e-01
   1.5849313e-01   6.3218391e-01   6.7816092e-01   1.6666667e-01
   1.2065162e-01   6.4367816e-01   6.8965517e-01   1.6666667e-01
   8.6203971e-02   6.4367816e-01   6.8965517e-01   1.6666667e-01
   5.4471407e-02   6.6666667e-01   6.7816092e-01   1.6666667e-01
   3.1053793e-02   6.6666667e-01   6.7816092e-01   0.0000000e+00
