   4.2000000e+02
   5.8421592e-02   6.4166667e-01   6.5000000e-01   1.6666667e-01
   1.2265118e-01   6.0833333e-01   6.5833333e-01   1.6666667e-01
   2.0350757e-01   6.0000000e-01   6.6666667e-01   1.6666667e-01
   2.5714611e-01   5.9166667e-01   6.7500000e-01   1.6666667e-01
   2.9336067e-01   5.8333333e-01   6.7500000e-01   1.6666667e-01
   3.3492768e-01   5.7500000e-01   6.8333333e-01   1.6666667e-01
   3.5383214e-01   5.6666667e-01   6.8333333e-01   1.6666667e-01
   3.3845803e-01   5.5833333e-01   6.8333333e-01   1.6666667e-01
   3.1955358e-01   5.5833333e-01   6.9166667e-01   1.6666667e-01
   2.9119690e-01   5.5000000e-01   6.9166667e-01   1.6666667e-01
   2.6215693e-01   5.5000000e-01   6.9166667e-01   3.3333333e-01
   2.1398474e-01   5.5000000e-01   6.9166667e-01   3.3333333e-01
   1.7583419e-01   5.5000000e-01   7.0000000e-01   3.3333333e-01
   1.6023232e-01   5.5000000e-01   7.0000000e-01   3.3333333e-01
   1.5066621e-01   5.5000000e-01   6.9166667e-01   3.3333333e-01
   1.3996128e-01   5.5000000e-01   6.9166667e-01   3.3333333e-01
   1.2640929e-01   5.5000000e-01   6.8333333e-01   3.3333333e-01
   1.1980412e-01   5.5000000e-01   6.7500000e-01   3.3333333e-01
   1.2037353e-01   5.5000000e-01   6.7500000e-01   3.3333333e-01
   1.3358387e-01   5.5000000e-01   6.6666667e-01   3.3333333e-01
   1.7207607e-01   5.5833333e-01   6.5000000e-01   3.3333333e-01
   1.9610523e-01   5.5833333e-01   6.5000000e-01   1.6666667e-01
   2.1432639e-01   5.6666667e-01   6.4166667e-01   1.6666667e-01
   2.1979273e-01   5.6666667e-01   6.4166667e-01   1.6666667e-01
   2.3231978e-01   5.7500000e-01   6.5000000e-01   1.6666667e-01
   2.5088259e-01   5.7500000e-01   6.5833333e-01   1.6666667e-01
   2.6158752e-01   5.7500000e-01   6.6666667e-01   1.6666667e-01
   2.5293247e-01   5.8333333e-01   6.6666667e-01   1.6666667e-01
   2.2856167e-01   5.8333333e-01   6.7500000e-01   1.6666667e-01
   2.0043275e-01   5.9166667e-01   6.7500000e-01   1.6666667e-01
   1.6125726e-01   6.0000000e-01   6.7500000e-01   1.6666667e-01
   1.2880082e-01   6.4166667e-01   6.8333333e-01   1.6666667e-01
   9.0194739e-02   6.5000000e-01   6.8333333e-01   1.6666667e-01
   7.9831454e-02   6.5833333e-01   6.8333333e-01   1.6666667e-01
   7.4592871e-02   6.5833333e-01   6.8333333e-01   1.6666667e-01
   7.0265346e-02   6.5000000e-01   6.8333333e-01   1.6666667e-01
   7.1518050e-02   6.5000000e-01   6.8333333e-01   1.6666667e-01
   7.4820635e-02   6.4166667e-01   6.8333333e-01   1.6666667e-01
   8.1311923e-02   6.3333333e-01   6.7500000e-01   1.6666667e-01
   8.4956155e-02   6.2500000e-01   6.6666667e-01   1.6666667e-01
   8.9853092e-02   6.1666667e-01   6.5833333e-01   1.6666667e-01
   9.4522264e-02   6.0833333e-01   6.5833333e-01   1.6666667e-01
   9.9533083e-02   6.0833333e-01   6.5000000e-01   1.6666667e-01
   1.0010249e-01   6.0000000e-01   6.5000000e-01   1.6666667e-01
   1.1092131e-01   5.9166667e-01   6.4166667e-01   1.6666667e-01
   1.1786812e-01   5.9166667e-01   6.3333333e-01   1.6666667e-01
   1.2618153e-01   5.8333333e-01   6.3333333e-01   1.6666667e-01
   1.2435941e-01   5.7500000e-01   6.2500000e-01   1.6666667e-01
   1.2242341e-01   5.7500000e-01   6.2500000e-01   1.6666667e-01
   1.1399613e-01   5.7500000e-01   6.2500000e-01   1.6666667e-01
   1.0215237e-01   5.7500000e-01   6.1666667e-01   1.6666667e-01
   9.4977793e-02   5.6666667e-01   6.0833333e-01   1.6666667e-01
   8.7119918e-02   5.6666667e-01   6.0833333e-01   1.6666667e-01
   8.1425806e-02   5.6666667e-01   6.0000000e-01   1.6666667e-01
   6.9240405e-02   5.5833333e-01   5.9166667e-01   1.6666667e-01
   6.2179706e-02   5.5833333e-01   5.8333333e-01   1.6666667e-01
   6.6734996e-02   5.5833333e-01   5.8333333e-01   1.6666667e-01
   6.2293588e-02   5.5833333e-01   5.8333333e-01   1.6666667e-01
   6.6051703e-02   5.5833333e-01   5.8333333e-01   1.6666667e-01
   1.4485822e-01   5.5833333e-01   6.6666667e-01   3.3333333e-01
   2.5429905e-01   5.5833333e-01   6.7500000e-01   1.6666667e-01
   3.4119121e-01   5.5833333e-01   6.8333333e-01   1.6666667e-01
   3.6248719e-01   5.5833333e-01   6.8333333e-01   1.6666667e-01
   3.5975401e-01   5.6666667e-01   6.9166667e-01   1.6666667e-01
   3.3845803e-01   5.6666667e-01   6.9166667e-01   1.6666667e-01
   3.1704817e-01   5.7500000e-01   6.9166667e-01   1.6666667e-01
   2.9244961e-01   5.7500000e-01   6.9166667e-01   1.6666667e-01
   2.5725999e-01   5.8333333e-01   6.9166667e-01   1.6666667e-01
   2.1626238e-01   5.8333333e-01   6.5833333e-01   1.6666667e-01
   1.7628972e-01   5.8333333e-01   6.5000000e-01   1.6666667e-01
   1.5294386e-01   5.7500000e-01   6.4166667e-01   1.6666667e-01
   1.3301446e-01   5.7500000e-01   6.2500000e-01   1.6666667e-01
   1.2037353e-01   5.7500000e-01   6.1666667e-01   1.6666667e-01
   1.1160460e-01   5.6666667e-01   6.1666667e-01   1.6666667e-01
   1.0078579e-01   5.6666667e-01   6.0833333e-01   1.6666667e-01
   9.5319440e-02   5.6666667e-01   6.0000000e-01   1.6666667e-01
   8.4386744e-02   5.6666667e-01   6.0000000e-01   1.6666667e-01
   7.5731693e-02   5.6666667e-01   6.0000000e-01   1.6666667e-01
   7.0151463e-02   5.5833333e-01   5.9166667e-01   1.6666667e-01
   6.1040884e-02   5.5833333e-01   5.9166667e-01   1.6666667e-01
   5.3638538e-02   5.5833333e-01   5.8333333e-01   1.6666667e-01
   4.7033367e-02   5.5833333e-01   5.7500000e-01   1.6666667e-01
   5.1816422e-02   5.5000000e-01   5.7500000e-01   1.6666667e-01
   6.7076643e-02   5.5000000e-01   5.7500000e-01   1.6666667e-01
   8.2678510e-02   5.5000000e-01   5.7500000e-01   1.6666667e-01
   1.2720647e-01   5.5000000e-01   5.9166667e-01   1.6666667e-01
   1.7925065e-01   5.5000000e-01   6.2500000e-01   1.6666667e-01
   2.4735224e-01   5.5000000e-01   6.5833333e-01   3.3333333e-01
   2.8117526e-01   5.5833333e-01   6.6666667e-01   1.6666667e-01
   2.9336067e-01   5.6666667e-01   6.7500000e-01   1.6666667e-01
   2.8629997e-01   5.6666667e-01   6.7500000e-01   1.6666667e-01
   2.7718939e-01   5.7500000e-01   6.7500000e-01   1.6666667e-01
   2.5338800e-01   5.8333333e-01   6.8333333e-01   1.6666667e-01
   2.3368637e-01   5.8333333e-01   6.7500000e-01   1.6666667e-01
   2.0794898e-01   5.8333333e-01   6.7500000e-01   1.6666667e-01
   1.7150666e-01   5.8333333e-01   6.6666667e-01   1.6666667e-01
   1.4565539e-01   5.7500000e-01   6.4166667e-01   1.6666667e-01
   1.0830202e-01   5.7500000e-01   6.2500000e-01   1.6666667e-01
   8.6436625e-02   5.6666667e-01   6.0833333e-01   1.6666667e-01
   7.3909577e-02   5.6666667e-01   6.0000000e-01   1.6666667e-01
   5.6485594e-02   5.6666667e-01   6.0000000e-01   1.6666667e-01
   4.9994306e-02   5.5833333e-01   5.8333333e-01   1.6666667e-01
   5.0791482e-02   5.5833333e-01   5.7500000e-01   1.6666667e-01
   5.4321831e-02   5.5833333e-01   5.7500000e-01   1.6666667e-01
   7.0493110e-02   5.5000000e-01   5.7500000e-01   1.6666667e-01
   8.0856394e-02   5.5000000e-01   5.8333333e-01   1.6666667e-01
   9.9191436e-02   5.5833333e-01   5.9166667e-01   1.6666667e-01
   1.1752648e-01   5.5833333e-01   6.0833333e-01   1.6666667e-01
   1.2971188e-01   5.5833333e-01   6.1666667e-01   1.6666667e-01
   1.3278670e-01   5.6666667e-01   6.2500000e-01   1.6666667e-01
   1.2356224e-01   5.7500000e-01   6.2500000e-01   1.6666667e-01
   1.0944084e-01   5.7500000e-01   6.3333333e-01   1.6666667e-01
   9.6458262e-02   5.9166667e-01   6.4166667e-01   1.6666667e-01
   7.5390047e-02   6.0000000e-01   6.4166667e-01   1.6666667e-01
   6.3774058e-02   6.2500000e-01   6.5000000e-01   1.6666667e-01
   4.5894545e-02   6.3333333e-01   6.5000000e-01   1.6666667e-01
   4.3616900e-02   6.3333333e-01   6.5000000e-01   1.6666667e-01
   4.3844665e-02   6.4166667e-01   6.5833333e-01   1.6666667e-01
   4.3389136e-02   6.4166667e-01   6.5833333e-01   1.6666667e-01
   4.2364195e-02   6.4166667e-01   6.5833333e-01   1.6666667e-01
   4.0883726e-02   6.4166667e-01   6.5833333e-01   1.6666667e-01
   4.2705842e-02   6.4166667e-01   6.5833333e-01   1.6666667e-01
   4.2705842e-02   6.5000000e-01   6.5833333e-01   1.6666667e-01
   3.9517139e-02   6.3750000e-01   6.4583333e-01   0.0000000e+00
   4.1453137e-02   6.2500000e-01   6.3333333e-01   1.6666667e-01
   3.8150552e-02   6.2500000e-01   6.2500000e-01   1.6666667e-01
   3.7467259e-02   6.0833333e-01   6.0833333e-01   1.6666667e-01
   3.1545382e-02   6.0000000e-01   6.0833333e-01   1.6666667e-01
   5.5916183e-02   5.5000000e-01   5.7083333e-01   0.0000000e+00
   1.0989637e-01   5.0000000e-01   5.3333333e-01   1.6666667e-01
   1.4337775e-01   5.0000000e-01   5.7500000e-01   3.3333333e-01
   1.5681585e-01   5.0000000e-01   5.4166667e-01   1.6666667e-01
   1.5818244e-01   5.0000000e-01   5.5000000e-01   1.6666667e-01
   1.4702198e-01   5.0000000e-01   5.5000000e-01   1.6666667e-01
   1.3791140e-01   5.0833333e-01   5.5833333e-01   1.6666667e-01
   1.2959800e-01   5.1666667e-01   5.5833333e-01   1.6666667e-01
   1.2037353e-01   5.1666667e-01   5.6666667e-01   1.6666667e-01
   1.1764036e-01   5.3333333e-01   5.7500000e-01   1.6666667e-01
   1.3551987e-01   5.4166667e-01   5.9166667e-01   1.6666667e-01
   1.8779182e-01   5.5000000e-01   6.1666667e-01   1.6666667e-01
   2.8026421e-01   5.5000000e-01   6.8333333e-01   1.6666667e-01
   3.4779638e-01   5.5833333e-01   6.9166667e-01   1.6666667e-01
   3.6055119e-01   5.6666667e-01   6.9166667e-01   1.6666667e-01
   3.3344722e-01   5.6666667e-01   7.0000000e-01   1.6666667e-01
   2.9529666e-01   5.7500000e-01   7.0000000e-01   1.6666667e-01
   2.4348024e-01   5.8333333e-01   7.0000000e-01   1.6666667e-01
   1.8665300e-01   5.9166667e-01   6.9166667e-01   1.6666667e-01
   1.2287894e-01   6.0833333e-01   6.7500000e-01   1.6666667e-01
   6.1951942e-02   6.2500000e-01   6.5000000e-01   1.6666667e-01
   2.0384922e-02   6.2175926e-01   6.4629630e-01   0.0000000e+00
   0.0000000e+00   6.1851852e-01   6.4259259e-01   0.0000000e+00
   4.5552898e-04   6.1527778e-01   6.3888889e-01   0.0000000e+00
   4.5552898e-04   6.1203704e-01   6.3518519e-01   0.0000000e+00
   6.8329347e-04   6.0879630e-01   6.3148148e-01   0.0000000e+00
   9.2244619e-03   6.0555556e-01   6.2777778e-01   0.0000000e+00
   2.2776449e-04   6.0231481e-01   6.2407407e-01   0.0000000e+00
   5.6941123e-04   5.9907407e-01   6.2037037e-01   0.0000000e+00
   5.5802300e-03   5.9583333e-01   6.1666667e-01   0.0000000e+00
   1.1388225e-02   5.9259259e-01   6.1296296e-01   0.0000000e+00
   1.6512926e-02   5.8935185e-01   6.0925926e-01   0.0000000e+00
   1.9815511e-02   5.8611111e-01   6.0555556e-01   0.0000000e+00
   1.6740690e-02   5.8287037e-01   6.0185185e-01   0.0000000e+00
   2.2434802e-02   5.7962963e-01   5.9814815e-01   0.0000000e+00
   2.2890331e-02   5.7638889e-01   5.9444444e-01   0.0000000e+00
   2.4256918e-02   5.7314815e-01   5.9074074e-01   0.0000000e+00
   3.5986790e-02   5.6990741e-01   5.8703704e-01   0.0000000e+00
   5.5232889e-02   5.6666667e-01   5.8333333e-01   1.6666667e-01
   8.0970277e-02   5.5833333e-01   5.9166667e-01   1.6666667e-01
   1.2413165e-01   5.4166667e-01   5.9166667e-01   1.6666667e-01
   2.0339369e-01   5.1666667e-01   5.9166667e-01   1.6666667e-01
   3.5781802e-01   4.4166667e-01   6.0000000e-01   1.6666667e-01
   6.2464412e-01   2.8333333e-01   6.0833333e-01   3.3333333e-01
   8.2405193e-01   2.6666667e-01   6.2500000e-01   1.6666667e-01
   9.2836807e-01   2.3333333e-01   6.3333333e-01   1.6666667e-01
   9.6970732e-01   2.2500000e-01   6.4166667e-01   1.6666667e-01
   1.0000000e+00   2.0833333e-01   6.5000000e-01   1.6666667e-01
   9.7175720e-01   1.9166667e-01   6.5000000e-01   1.6666667e-01
   8.6664389e-01   1.9166667e-01   6.5833333e-01   3.3333333e-01
   7.2281061e-01   1.9166667e-01   6.5833333e-01   3.3333333e-01
   5.2488327e-01   1.8333333e-01   6.6666667e-01   3.3333333e-01
   4.2375584e-01   1.8333333e-01   6.6666667e-01   5.0000000e-01
   3.1397335e-01   1.8333333e-01   6.6666667e-01   5.0000000e-01
   2.7365904e-01   1.8333333e-01   6.6666667e-01   6.6666667e-01
   2.5908211e-01   1.9166667e-01   6.7500000e-01   5.0000000e-01
   2.7206469e-01   1.9166667e-01   6.7500000e-01   5.0000000e-01
   3.4779638e-01   2.0000000e-01   6.7500000e-01   5.0000000e-01
   3.9722127e-01   2.0833333e-01   6.7500000e-01   1.0000000e+00
   4.1065938e-01   2.1666667e-01   6.6666667e-01   5.0000000e-01
   4.0280150e-01   2.2500000e-01   6.2500000e-01   5.0000000e-01
   3.5827355e-01   2.3333333e-01   6.3333333e-01   3.3333333e-01
   2.8812208e-01   2.5000000e-01   6.3333333e-01   3.3333333e-01
   1.7617583e-01   2.8333333e-01   6.3333333e-01   3.3333333e-01
   9.7483202e-02   5.5833333e-01   5.9166667e-01   1.6666667e-01
   4.5097369e-02   5.5833333e-01   5.7500000e-01   1.6666667e-01
   3.4278556e-02   5.6666667e-01   5.7500000e-01   1.6666667e-01
   2.5167976e-02   5.6666667e-01   5.7500000e-01   1.6666667e-01
   2.2548685e-02   5.6666667e-01   5.7500000e-01   1.6666667e-01
   2.0954333e-02   5.7500000e-01   5.7500000e-01   1.6666667e-01
   1.9929393e-02   5.7500000e-01   5.7500000e-01   1.6666667e-01
   1.5374103e-02   5.7500000e-01   5.7500000e-01   1.6666667e-01
   1.5260221e-02   5.7500000e-01   5.7500000e-01   1.6666667e-01
   1.4235281e-02   5.8333333e-01   5.8333333e-01   1.6666667e-01
   1.4007516e-02   5.8333333e-01   5.8333333e-01   1.6666667e-01
   1.9359982e-02   5.8333333e-01   5.8333333e-01   1.6666667e-01
   2.2890331e-02   5.8333333e-01   5.8333333e-01   1.6666667e-01
   2.5965152e-02   5.8333333e-01   5.9166667e-01   1.6666667e-01
   2.9039973e-02   5.8333333e-01   5.9166667e-01   1.6666667e-01
   3.2570322e-02   5.7500000e-01   5.9166667e-01   1.6666667e-01
   3.3025851e-02   5.7500000e-01   5.9166667e-01   1.6666667e-01
   2.9495502e-02   5.7500000e-01   5.9166667e-01   1.6666667e-01
   2.3687507e-02   5.8333333e-01   5.9166667e-01   1.6666667e-01
   1.7993395e-02   5.7916667e-01   5.8333333e-01   0.0000000e+00
   2.0726569e-02   5.7500000e-01   5.7500000e-01   1.6666667e-01
   4.3047489e-02   5.6666667e-01   5.8333333e-01   1.6666667e-01
   7.9603690e-02   5.5833333e-01   5.9166667e-01   1.6666667e-01
   1.4280834e-01   5.5000000e-01   6.1666667e-01   1.6666667e-01
   2.0920169e-01   5.5000000e-01   6.2500000e-01   1.6666667e-01
   2.5372964e-01   5.5000000e-01   6.4166667e-01   1.6666667e-01
   2.6352352e-01   5.4166667e-01   6.5000000e-01   1.6666667e-01
   2.5145200e-01   5.5000000e-01   6.5833333e-01   1.6666667e-01
   2.3106708e-01   5.5000000e-01   6.5833333e-01   1.6666667e-01
   1.9974946e-01   5.5833333e-01   6.6666667e-01   1.6666667e-01
   1.4998292e-01   5.6666667e-01   6.6666667e-01   3.3333333e-01
   9.6572144e-02   6.4166667e-01   6.7500000e-01   1.6666667e-01
   5.9560415e-02   6.5000000e-01   6.7500000e-01   1.6666667e-01
   5.3069127e-02   6.5833333e-01   6.7500000e-01   1.6666667e-01
   4.8513837e-02   6.5833333e-01   6.7500000e-01   1.6666667e-01
   4.5211252e-02   6.5833333e-01   6.7500000e-01   1.6666667e-01
   4.3389136e-02   6.5833333e-01   6.7500000e-01   1.6666667e-01
   4.3730782e-02   6.5000000e-01   6.7500000e-01   1.6666667e-01
   4.6805603e-02   6.5000000e-01   6.6666667e-01   1.6666667e-01
   4.7716661e-02   6.5000000e-01   6.6666667e-01   1.6666667e-01
   5.2841362e-02   6.4166667e-01   6.6666667e-01   1.6666667e-01
   5.6485594e-02   6.3333333e-01   6.6666667e-01   1.6666667e-01
   5.7852181e-02   6.3333333e-01   6.5833333e-01   1.6666667e-01
   5.9332650e-02   6.2500000e-01   6.5833333e-01   1.6666667e-01
   5.7396652e-02   6.1666667e-01   6.5000000e-01   1.6666667e-01
   6.0129826e-02   6.0833333e-01   6.4166667e-01   1.6666667e-01
   7.4478989e-02   5.9166667e-01   6.3333333e-01   1.6666667e-01
   9.1447443e-02   5.7500000e-01   6.2500000e-01   1.6666667e-01
   1.1843754e-01   5.6666667e-01   6.2500000e-01   1.6666667e-01
   1.4850245e-01   5.5833333e-01   6.1666667e-01   1.6666667e-01
   1.7446760e-01   5.5000000e-01   6.1666667e-01   1.6666667e-01
   1.9382758e-01   5.4166667e-01   6.0833333e-01   1.6666667e-01
   2.2252591e-01   5.3333333e-01   6.0833333e-01   1.6666667e-01
   2.5065482e-01   5.2500000e-01   6.1666667e-01   1.6666667e-01
   2.7639221e-01   5.2500000e-01   6.1666667e-01   1.6666667e-01
   2.8333903e-01   5.2500000e-01   6.2500000e-01   1.6666667e-01
   2.8071974e-01   5.3333333e-01   6.3333333e-01   1.6666667e-01
   2.6261246e-01   5.3333333e-01   6.4166667e-01   1.6666667e-01
   2.2878943e-01   5.4166667e-01   6.4166667e-01   1.6666667e-01
   1.8938617e-01   5.5000000e-01   6.5000000e-01   1.6666667e-01
   1.4633869e-01   6.0000000e-01   6.5000000e-01   1.6666667e-01
   9.7710967e-02   6.2500000e-01   6.5833333e-01   1.6666667e-01
   8.0514748e-02   6.3333333e-01   6.5833333e-01   1.6666667e-01
   7.9375925e-02   6.3333333e-01   6.5833333e-01   1.6666667e-01
   8.2450746e-02   6.4166667e-01   6.6666667e-01   1.6666667e-01
   8.5411684e-02   6.4166667e-01   6.6666667e-01   1.6666667e-01
   8.6778271e-02   6.4166667e-01   6.6666667e-01   1.6666667e-01
   8.9625327e-02   6.4166667e-01   6.6666667e-01   1.6666667e-01
   8.8600387e-02   6.4166667e-01   6.7500000e-01   1.6666667e-01
   8.1198041e-02   6.4166667e-01   6.7500000e-01   1.6666667e-01
   7.0493110e-02   6.4166667e-01   6.7500000e-01   1.6666667e-01
   6.0471472e-02   6.5000000e-01   6.7500000e-01   1.6666667e-01
   4.8399954e-02   6.5000000e-01   6.7500000e-01   1.6666667e-01
   4.0769844e-02   6.5000000e-01   6.6666667e-01   1.6666667e-01
   3.0634324e-02   6.4166667e-01   6.4166667e-01   1.6666667e-01
   2.7103974e-02   6.4166667e-01   6.4166667e-01   1.6666667e-01
   2.5509623e-02   6.3333333e-01   6.5000000e-01   1.6666667e-01
   3.1317618e-02   6.3333333e-01   6.5000000e-01   1.6666667e-01
   3.1317618e-02   6.2500000e-01   6.4166667e-01   1.6666667e-01
   2.9837148e-02   6.2500000e-01   6.3333333e-01   1.6666667e-01
   2.8926090e-02   6.2500000e-01   6.3333333e-01   1.6666667e-01
   2.6420681e-02   6.2500000e-01   6.3333333e-01   1.6666667e-01
   1.8335042e-02   6.2222222e-01   6.2777778e-01   0.0000000e+00
   2.0840451e-02   6.1944444e-01   6.2222222e-01   0.0000000e+00
   1.9018335e-02   6.1666667e-01   6.1666667e-01   1.6666667e-01
   2.8584444e-02   6.0833333e-01   6.1666667e-01   1.6666667e-01
   4.1908666e-02   6.0833333e-01   6.1666667e-01   1.6666667e-01
   6.3432411e-02   5.7500000e-01   6.1666667e-01   3.3333333e-01
   1.1411001e-01   5.2500000e-01   6.0000000e-01   3.3333333e-01
   1.4337775e-01   5.1666667e-01   6.0000000e-01   1.6666667e-01
   1.6399043e-01   5.0833333e-01   6.0000000e-01   1.6666667e-01
   1.6683749e-01   5.0833333e-01   5.9166667e-01   1.6666667e-01
   1.5134950e-01   5.0833333e-01   5.9166667e-01   3.3333333e-01
   1.2902858e-01   5.1666667e-01   5.5000000e-01   1.6666667e-01
   8.7006036e-02   5.1666667e-01   5.5000000e-01   1.6666667e-01
   8.1539688e-02   5.2500000e-01   5.5833333e-01   1.6666667e-01
   9.4408382e-02   5.2500000e-01   5.6666667e-01   1.6666667e-01
   1.1319895e-01   5.3333333e-01   9.5833333e-01   3.3333333e-01
   1.3119235e-01   5.4166667e-01   9.6666667e-01   3.3333333e-01
   1.4850245e-01   5.5000000e-01   9.7500000e-01   3.3333333e-01
   1.6888737e-01   5.5833333e-01   9.8333333e-01   3.3333333e-01
   1.9143606e-01   5.6666667e-01   9.9166667e-01   5.0000000e-01
   2.3277531e-01   5.7500000e-01   9.9166667e-01   5.0000000e-01
   2.5133812e-01   5.7500000e-01   1.0000000e+00   5.0000000e-01
   2.5862658e-01   5.8333333e-01   1.0000000e+00   5.0000000e-01
   2.5099647e-01   5.9166667e-01   1.0000000e+00   5.0000000e-01
   2.2468967e-01   6.0000000e-01   1.0000000e+00   5.0000000e-01
   2.0214099e-01   6.0833333e-01   9.0833333e-01   3.3333333e-01
   1.6968455e-01   6.1666667e-01   9.0000000e-01   3.3333333e-01
   1.3768364e-01   6.3333333e-01   8.8333333e-01   3.3333333e-01
   1.1752648e-01   6.4166667e-01   8.6666667e-01   3.3333333e-01
   1.0215237e-01   6.5000000e-01   8.6666667e-01   3.3333333e-01
   1.0454390e-01   6.5833333e-01   1.0000000e+00   5.0000000e-01
   1.1889306e-01   6.5833333e-01   1.0000000e+00   5.0000000e-01
   1.2390388e-01   6.5833333e-01   1.0000000e+00   5.0000000e-01
   1.2811753e-01   8.1666667e-01   1.0000000e+00   3.3333333e-01
   1.3005352e-01   8.1666667e-01   1.0000000e+00   3.3333333e-01
   1.4098622e-01   6.5000000e-01   1.0000000e+00   5.0000000e-01
   1.6820408e-01   6.5000000e-01   1.0000000e+00   5.0000000e-01
   2.0031887e-01   6.5000000e-01   1.0000000e+00   5.0000000e-01
   2.3163649e-01   6.5000000e-01   9.9166667e-01   5.0000000e-01
   2.7992256e-01   6.4166667e-01   9.9166667e-01   5.0000000e-01
   4.0450974e-01   6.3333333e-01   9.8333333e-01   5.0000000e-01
   5.5654254e-01   6.2500000e-01   9.7500000e-01   3.3333333e-01
   7.0675322e-01   6.1666667e-01   9.6666667e-01   3.3333333e-01
   8.3236533e-01   6.0833333e-01   9.6666667e-01   3.3333333e-01
   9.0923585e-01   6.0000000e-01   9.5833333e-01   1.6666667e-01
   9.0627491e-01   6.0000000e-01   9.5000000e-01   1.6666667e-01
   8.2427969e-01   5.9166667e-01   9.4166667e-01   1.6666667e-01
   7.2793531e-01   5.8333333e-01   9.2500000e-01   1.6666667e-01
   6.0027332e-01   5.6666667e-01   9.0833333e-01   1.6666667e-01
   4.6179251e-01   5.5833333e-01   8.6666667e-01   3.3333333e-01
   3.1773147e-01   5.5000000e-01   7.5833333e-01   5.0000000e-01
   2.0589910e-01   5.3333333e-01   7.5000000e-01   5.0000000e-01
   1.5260221e-01   5.1666667e-01   7.3333333e-01   6.6666667e-01
   1.2276506e-01   5.0833333e-01   6.0833333e-01   5.0000000e-01
   9.7141556e-02   5.0000000e-01   5.2500000e-01   1.6666667e-01
   9.4066735e-02   5.0000000e-01   5.2500000e-01   1.6666667e-01
   9.8735907e-02   5.0000000e-01   5.9166667e-01   3.3333333e-01
   1.0465778e-01   5.0000000e-01   6.0000000e-01   3.3333333e-01
   1.1297119e-01   5.0000000e-01   6.0000000e-01   3.3333333e-01
   1.2082906e-01   5.0833333e-01   5.9166667e-01   3.3333333e-01
   1.3301446e-01   5.0833333e-01   5.9166667e-01   3.3333333e-01
   1.2788976e-01   5.1666667e-01   5.5833333e-01   1.6666667e-01
   1.1046578e-01   5.1666667e-01   5.7500000e-01   1.6666667e-01
   1.0807425e-01   5.2500000e-01   5.7500000e-01   1.6666667e-01
   8.8486505e-02   5.3333333e-01   5.7500000e-01   1.6666667e-01
   5.3524656e-02   5.5000000e-01   5.6666667e-01   1.6666667e-01
   2.3118096e-02   5.5185185e-01   5.6851852e-01   0.0000000e+00
   1.1388225e-04   5.5370370e-01   5.7037037e-01   0.0000000e+00
   5.2385833e-03   5.5555556e-01   5.7222222e-01   0.0000000e+00
   1.5829632e-02   5.5740741e-01   5.7407407e-01   0.0000000e+00
   2.2548685e-02   5.5925926e-01   5.7592593e-01   0.0000000e+00
   2.3118096e-02   5.6111111e-01   5.7777778e-01   0.0000000e+00
   2.3231978e-02   5.6296296e-01   5.7962963e-01   0.0000000e+00
   2.4598565e-02   5.6481481e-01   5.8148148e-01   0.0000000e+00
   5.8991003e-02   5.6666667e-01   5.8333333e-01   1.6666667e-01
   2.5145200e-01   3.7500000e-01   5.8333333e-01   6.6666667e-01
   4.7283908e-01   3.5833333e-01   6.0000000e-01   3.3333333e-01
   6.8477394e-01   3.5000000e-01   6.3333333e-01   1.6666667e-01
   8.1448582e-01   3.4166667e-01   6.5833333e-01   1.6666667e-01
   8.6345519e-01   3.3333333e-01   6.6666667e-01   1.6666667e-01
   8.5514178e-01   3.2500000e-01   6.6666667e-01   1.6666667e-01
   8.0696959e-01   3.2500000e-01   6.6666667e-01   1.6666667e-01
   7.2224120e-01   3.2500000e-01   6.7500000e-01   3.3333333e-01
   6.0710625e-01   3.1666667e-01   6.7500000e-01   3.3333333e-01
   5.1144517e-01   3.1666667e-01   6.7500000e-01   3.3333333e-01
   4.0804009e-01   3.1666667e-01   6.7500000e-01   6.6666667e-01
   3.0759595e-01   3.2500000e-01   6.6666667e-01   5.0000000e-01
   2.4313859e-01   3.2500000e-01   6.1666667e-01   3.3333333e-01
   2.3402802e-01   3.2500000e-01   6.0833333e-01   3.3333333e-01
   2.7684774e-01   3.3333333e-01   5.9166667e-01   5.0000000e-01
   3.0156019e-01   3.3333333e-01   4.4166667e-01   1.6666667e-01
   2.8675549e-01   3.4166667e-01   5.6666667e-01   3.3333333e-01
   2.4439130e-01   3.5000000e-01   5.7500000e-01   3.3333333e-01
   2.0635463e-01   3.5833333e-01   5.8333333e-01   3.3333333e-01
   1.7572031e-01   3.6666667e-01   5.9166667e-01   3.3333333e-01
   1.4838857e-01   3.7500000e-01   6.0000000e-01   3.3333333e-01
   1.2675094e-01   3.5000000e-01   6.0833333e-01   5.0000000e-01
   1.1775424e-01   3.5000000e-01   6.1666667e-01   3.3333333e-01
   1.2014577e-01   3.4166667e-01   6.2500000e-01   3.3333333e-01
   1.2367612e-01   3.4166667e-01   6.3333333e-01   3.3333333e-01
   1.2959800e-01   3.3333333e-01   6.3333333e-01   3.3333333e-01
   1.2037353e-01   3.2500000e-01   6.4166667e-01   3.3333333e-01
   1.0465778e-01   3.3333333e-01   6.4166667e-01   3.3333333e-01
   7.2542991e-02   3.4166667e-01   6.5000000e-01   3.3333333e-01
   5.5005125e-02   6.4166667e-01   6.5000000e-01   1.6666667e-01
   4.2022549e-02   6.4166667e-01   6.5833333e-01   1.6666667e-01
   4.4527958e-02   6.4166667e-01   6.5833333e-01   1.6666667e-01
   5.0222070e-02   6.4166667e-01   6.5833333e-01   1.6666667e-01
   5.0677599e-02   6.4166667e-01   6.5833333e-01   1.6666667e-01
   4.9880424e-02   6.4166667e-01   6.5833333e-01   1.6666667e-01
   4.9424895e-02   6.4166667e-01   6.5833333e-01   1.6666667e-01
   5.4663478e-02   6.4166667e-01   6.5833333e-01   1.6666667e-01
   6.0927001e-02   6.3333333e-01   6.5833333e-01   1.6666667e-01
   5.9446532e-02   6.3333333e-01   6.5000000e-01   1.6666667e-01
   6.0357590e-02   6.3333333e-01   6.5000000e-01   1.6666667e-01
   6.7418289e-02   6.2500000e-01   6.5000000e-01   1.6666667e-01
   6.2749117e-02   6.1666667e-01   6.4166667e-01   1.6666667e-01
   6.1496413e-02   6.0833333e-01   6.3333333e-01   1.6666667e-01
   5.3752420e-02   6.0833333e-01   6.2500000e-01   1.6666667e-01
   4.8513837e-02   6.0000000e-01   6.0833333e-01   1.6666667e-01
   3.5189614e-02   6.1041667e-01   6.2166667e-01   0.0000000e+00
   3.3367498e-02   6.2083333e-01   6.3500000e-01   0.0000000e+00
   3.6556201e-02   6.3125000e-01   6.4833333e-01   0.0000000e+00
   2.7673386e-02   6.4166667e-01   6.6166667e-01   0.0000000e+00
   2.2890331e-02   6.5208333e-01   6.7500000e-01   0.0000000e+00
   1.9018335e-02   6.6250000e-01   6.8833333e-01   0.0000000e+00
   1.9587746e-02   6.7291667e-01   7.0166667e-01   0.0000000e+00
   2.0043275e-02   6.8333333e-01   7.1500000e-01   0.0000000e+00
   2.0498804e-02   6.9375000e-01   7.2833333e-01   0.0000000e+00
   2.0954333e-02   7.0416667e-01   7.4166667e-01   0.0000000e+00
   2.1409862e-02   7.1458333e-01   7.5500000e-01   0.0000000e+00
   2.1865391e-02   7.2500000e-01   7.6833333e-01   0.0000000e+00
   2.2320920e-02   7.3541667e-01   7.8166667e-01   0.0000000e+00
   2.2776449e-02   7.4583333e-01   7.9500000e-01   0.0000000e+00
   2.3231978e-02   7.5625000e-01   8.0833333e-01   0.0000000e+00
   2.3687507e-02   7.6666667e-01   8.2166667e-01   0.0000000e+00
   2.4143036e-02   7.7708333e-01   8.3500000e-01   0.0000000e+00
   2.5395741e-02   7.8750000e-01   8.4833333e-01   0.0000000e+00
   5.2613598e-02   7.9791667e-01   8.6166667e-01   0.0000000e+00
   1.2937023e-01   8.0833333e-01   8.7500000e-01   5.0000000e-01
   1.8676688e-01   7.6666667e-01   8.7500000e-01   1.6666667e-01
   2.0589910e-01   7.5833333e-01   8.7500000e-01   1.6666667e-01
   1.9006947e-01   7.6666667e-01   8.6666667e-01   1.6666667e-01
   1.5772691e-01   7.6666667e-01   8.2500000e-01   1.6666667e-01
   1.0397449e-01   7.7500000e-01   8.1666667e-01   1.6666667e-01
   6.6165585e-02   7.9166667e-01   8.0000000e-01   1.6666667e-01
