   2.2000000e+02
   3.0701754e-02   5.7471264e-01   5.7471264e-01   1.6666667e-01
   3.9358264e-02   5.7471264e-01   5.8620690e-01   1.6666667e-01
   4.4783010e-02   5.7471264e-01   5.7471264e-01   1.6666667e-01
   4.4552170e-02   5.6321839e-01   5.7471264e-01   1.6666667e-01
   4.4205910e-02   5.6321839e-01   5.6321839e-01   1.6666667e-01
   3.9127424e-02   5.6321839e-01   5.6321839e-01   1.6666667e-01
   4.2820868e-02   5.5172414e-01   5.6321839e-01   1.6666667e-01
   4.1435826e-02   5.5172414e-01   5.6321839e-01   1.6666667e-01
   3.5664820e-02   5.5172414e-01   5.5172414e-01   1.6666667e-01
   3.5664820e-02   5.4022989e-01   5.5172414e-01   1.6666667e-01
   3.3471837e-02   5.5172414e-01   5.5172414e-01   1.6666667e-01
   2.6777470e-02   5.5172414e-01   5.5172414e-01   1.6666667e-01
   4.1782087e-02   6.8965517e-01   6.8965517e-01   1.6666667e-01
   9.3144044e-02   5.4022989e-01   7.0114943e-01   3.3333333e-01
   1.4623730e-01   5.4022989e-01   7.0114943e-01   3.3333333e-01
   2.0948753e-01   5.4022989e-01   7.1264368e-01   3.3333333e-01
   2.9662973e-01   5.4022989e-01   7.1264368e-01   3.3333333e-01
   3.5872576e-01   5.4022989e-01   7.1264368e-01   1.6666667e-01
   3.6819021e-01   5.4022989e-01   7.1264368e-01   1.6666667e-01
   3.4568329e-01   5.4022989e-01   7.1264368e-01   1.6666667e-01
   3.1371191e-01   5.5172414e-01   7.1264368e-01   1.6666667e-01
   2.7135272e-01   5.5172414e-01   7.0114943e-01   1.6666667e-01
   2.2691597e-01   5.6321839e-01   6.7816092e-01   1.6666667e-01
   1.7843952e-01   5.7471264e-01   6.6666667e-01   1.6666667e-01
   1.3861958e-01   5.7471264e-01   6.5517241e-01   1.6666667e-01
   1.1045706e-01   5.8620690e-01   6.4367816e-01   1.6666667e-01
   8.9219760e-02   5.8620690e-01   6.3218391e-01   1.6666667e-01
   7.1791320e-02   5.8620690e-01   6.3218391e-01   1.6666667e-01
   6.3134811e-02   5.8620690e-01   6.2068966e-01   1.6666667e-01
   5.0900277e-02   5.7471264e-01   6.2068966e-01   1.6666667e-01
   4.6168052e-02   5.7471264e-01   5.9770115e-01   1.6666667e-01
   4.3744229e-02   5.7471264e-01   5.9770115e-01   1.6666667e-01
   3.7511542e-02   5.7471264e-01   5.9770115e-01   1.6666667e-01
   3.5664820e-02   5.7471264e-01   5.8620690e-01   1.6666667e-01
   3.3471837e-02   5.6321839e-01   5.8620690e-01   1.6666667e-01
   2.8047091e-02   5.6321839e-01   5.8620690e-01   1.6666667e-01
   3.3702678e-02   5.6321839e-01   5.7471264e-01   1.6666667e-01
   3.3010157e-02   5.6321839e-01   5.7471264e-01   1.6666667e-01
   3.1509695e-02   5.6321839e-01   5.8620690e-01   1.6666667e-01
   3.4972299e-02   5.6321839e-01   5.7471264e-01   1.6666667e-01
   3.3125577e-02   5.6321839e-01   5.7471264e-01   1.6666667e-01
   2.2045245e-02   5.6321839e-01   5.7471264e-01   1.6666667e-01
   2.2968606e-02   5.6321839e-01   5.7471264e-01   1.6666667e-01
   4.2705448e-02   5.6321839e-01   6.6666667e-01   3.3333333e-01
   7.0983380e-02   5.5172414e-01   6.7816092e-01   3.3333333e-01
   1.1565097e-01   5.5172414e-01   6.8965517e-01   3.3333333e-01
   1.8305633e-01   5.5172414e-01   6.8965517e-01   3.3333333e-01
   2.4307479e-01   5.5172414e-01   6.8965517e-01   1.6666667e-01
   2.7608495e-01   5.6321839e-01   6.8965517e-01   1.6666667e-01
   2.6281163e-01   5.6321839e-01   6.8965517e-01   1.6666667e-01
   2.4018929e-01   5.6321839e-01   6.8965517e-01   1.6666667e-01
   2.1271930e-01   5.7471264e-01   6.7816092e-01   1.6666667e-01
   1.8167128e-01   5.8620690e-01   6.7816092e-01   1.6666667e-01
   1.4912281e-01   5.8620690e-01   6.6666667e-01   1.6666667e-01
   1.2292244e-01   5.9770115e-01   6.6666667e-01   1.6666667e-01
   9.7183749e-02   5.9770115e-01   6.5517241e-01   1.6666667e-01
   7.5946445e-02   5.9770115e-01   6.4367816e-01   1.6666667e-01
   6.0710988e-02   5.9770115e-01   6.3218391e-01   1.6666667e-01
   5.0323176e-02   5.8620690e-01   6.2068966e-01   1.6666667e-01
   4.5821791e-02   5.8620690e-01   6.2068966e-01   1.6666667e-01
   4.1782087e-02   5.8620690e-01   6.0919540e-01   1.6666667e-01
   4.2705448e-02   5.8620690e-01   5.9770115e-01   1.6666667e-01
   4.7899354e-02   5.6321839e-01   5.9770115e-01   1.6666667e-01
   8.1832872e-02   5.6321839e-01   5.9770115e-01   1.6666667e-01
   1.2419206e-01   5.5172414e-01   6.2068966e-01   1.6666667e-01
   1.6620499e-01   5.5172414e-01   6.3218391e-01   1.6666667e-01
   1.9402124e-01   5.5172414e-01   6.4367816e-01   1.6666667e-01
   2.0406279e-01   5.5172414e-01   6.4367816e-01   1.6666667e-01
   2.1352724e-01   5.5172414e-01   6.5517241e-01   1.6666667e-01
   1.9598338e-01   5.6321839e-01   6.5517241e-01   1.6666667e-01
   1.6885965e-01   5.6321839e-01   6.6666667e-01   1.6666667e-01
   1.3769621e-01   5.7471264e-01   6.6666667e-01   1.6666667e-01
   1.0641736e-01   5.8620690e-01   6.6666667e-01   1.6666667e-01
   7.5369344e-02   6.4367816e-01   6.7816092e-01   1.6666667e-01
   4.3282548e-02   6.5517241e-01   6.7816092e-01   1.6666667e-01
   3.3587258e-02   6.6666667e-01   6.7816092e-01   1.6666667e-01
   3.5780240e-02   6.6666667e-01   6.7816092e-01   1.6666667e-01
   2.9201293e-02   6.6666667e-01   6.7816092e-01   1.6666667e-01
   3.3125577e-02   6.6666667e-01   6.7816092e-01   1.6666667e-01
   3.3240997e-02   6.6666667e-01   6.7816092e-01   1.6666667e-01
   3.3010157e-02   6.6666667e-01   6.7816092e-01   1.6666667e-01
   2.6431210e-02   6.6666667e-01   6.7816092e-01   1.6666667e-01
   2.5392428e-02   6.6666667e-01   6.7816092e-01   1.6666667e-01
   2.3430286e-02   6.6666667e-01   6.6666667e-01   1.6666667e-01
   2.0544783e-02   6.5900383e-01   6.6283525e-01   0.0000000e+00
   2.5392428e-02   6.5134100e-01   6.5900383e-01   0.0000000e+00
   2.9316713e-02   6.4367816e-01   6.5517241e-01   1.6666667e-01
   3.1278855e-02   6.4367816e-01   6.5517241e-01   1.6666667e-01
   2.5161588e-02   6.4367816e-01   6.5517241e-01   1.6666667e-01
   2.1929825e-02   6.4367816e-01   6.5517241e-01   1.6666667e-01
   2.5046168e-02   6.3218391e-01   6.3793103e-01   0.0000000e+00
   2.6200369e-02   6.2068966e-01   6.2068966e-01   1.6666667e-01
   3.6588181e-02   6.0919540e-01   6.3218391e-01   1.6666667e-01
   6.6712835e-02   6.0919540e-01   6.4367816e-01   1.6666667e-01
   1.1507387e-01   5.9770115e-01   6.5517241e-01   1.6666667e-01
   1.7647738e-01   5.6321839e-01   6.5517241e-01   1.6666667e-01
   2.2345337e-01   5.5172414e-01   6.6666667e-01   1.6666667e-01
   2.4584488e-01   5.5172414e-01   6.7816092e-01   1.6666667e-01
   2.5507849e-01   5.5172414e-01   6.7816092e-01   1.6666667e-01
   2.5323176e-01   5.5172414e-01   6.7816092e-01   1.6666667e-01
   2.3718837e-01   5.5172414e-01   6.8965517e-01   1.6666667e-01
   2.0729455e-01   5.5172414e-01   6.8965517e-01   3.3333333e-01
   1.7636196e-01   5.5172414e-01   6.8965517e-01   3.3333333e-01
   1.6147276e-01   5.5172414e-01   7.0114943e-01   3.3333333e-01
   1.5489381e-01   5.5172414e-01   7.0114943e-01   3.3333333e-01
   1.6355032e-01   5.5172414e-01   6.8965517e-01   3.3333333e-01
   1.7405355e-01   5.5172414e-01   6.8965517e-01   1.6666667e-01
   1.8074792e-01   5.5172414e-01   6.7816092e-01   1.6666667e-01
   1.6816713e-01   5.6321839e-01   6.7816092e-01   1.6666667e-01
   1.4012004e-01   5.7471264e-01   6.7816092e-01   1.6666667e-01
   1.0987996e-01   5.7471264e-01   6.6666667e-01   1.6666667e-01
   7.6523546e-02   6.0919540e-01   6.5517241e-01   1.6666667e-01
   2.8739612e-02   6.0632184e-01   6.4846743e-01   0.0000000e+00
   0.0000000e+00   6.0344828e-01   6.4176245e-01   0.0000000e+00
   4.6168052e-04   6.0057471e-01   6.3505747e-01   0.0000000e+00
   5.5401662e-03   5.9770115e-01   6.2835249e-01   0.0000000e+00
   6.1172669e-03   5.9482759e-01   6.2164751e-01   0.0000000e+00
   6.5789474e-03   5.9195402e-01   6.1494253e-01   0.0000000e+00
   1.2119114e-02   5.8908046e-01   6.0823755e-01   0.0000000e+00
   1.3388735e-02   5.8620690e-01   6.0153257e-01   0.0000000e+00
   1.3388735e-02   5.8333333e-01   5.9482759e-01   0.0000000e+00
   1.2580794e-02   5.8045977e-01   5.8812261e-01   0.0000000e+00
   1.2119114e-02   5.7758621e-01   5.8141762e-01   0.0000000e+00
   1.9852262e-02   5.7471264e-01   5.7471264e-01   1.6666667e-01
   3.1048015e-02   5.6321839e-01   5.7471264e-01   1.6666667e-01
   5.2746999e-02   5.6321839e-01   5.8620690e-01   1.6666667e-01
   7.0983380e-02   5.6321839e-01   5.8620690e-01   1.6666667e-01
   1.2465374e-01   5.6321839e-01   6.5517241e-01   3.3333333e-01
   1.9090489e-01   5.6321839e-01   6.6666667e-01   1.6666667e-01
   2.3799631e-01   5.6321839e-01   6.7816092e-01   1.6666667e-01
   2.4226685e-01   5.7471264e-01   6.7816092e-01   1.6666667e-01
   2.3545706e-01   5.7471264e-01   6.8965517e-01   1.6666667e-01
   2.2414589e-01   5.8620690e-01   6.8965517e-01   1.6666667e-01
   2.0533241e-01   5.8620690e-01   6.8965517e-01   1.6666667e-01
   1.9171283e-01   5.8620690e-01   6.8965517e-01   1.6666667e-01
   1.8294090e-01   5.8620690e-01   6.8965517e-01   1.6666667e-01
   1.6343490e-01   5.8620690e-01   6.7816092e-01   1.6666667e-01
   1.3342567e-01   5.8620690e-01   6.6666667e-01   1.6666667e-01
   1.0607110e-01   5.7471264e-01   6.4367816e-01   1.6666667e-01
   8.0794090e-02   5.7471264e-01   6.3218391e-01   1.6666667e-01
   6.1865189e-02   5.7471264e-01   6.2068966e-01   1.6666667e-01
   4.3744229e-02   5.8620690e-01   6.0919540e-01   1.6666667e-01
   2.8508772e-02   5.8620690e-01   5.9770115e-01   1.6666667e-01
   2.2622345e-02   5.7471264e-01   5.8045977e-01   0.0000000e+00
   2.1352724e-02   5.6321839e-01   5.6321839e-01   1.6666667e-01
   4.0512465e-02   5.5172414e-01   5.6321839e-01   1.6666667e-01
   6.7289935e-02   5.4022989e-01   5.7471264e-01   1.6666667e-01
   9.2336103e-02   5.4022989e-01   5.8620690e-01   1.6666667e-01
   1.1795937e-01   5.5172414e-01   6.0919540e-01   1.6666667e-01
   1.4115882e-01   5.5172414e-01   6.2068966e-01   1.6666667e-01
   1.5985688e-01   5.5172414e-01   6.3218391e-01   1.6666667e-01
   1.6089566e-01   5.6321839e-01   6.3218391e-01   1.6666667e-01
   1.4046630e-01   5.6321839e-01   6.4367816e-01   1.6666667e-01
   1.1149584e-01   5.7471264e-01   6.4367816e-01   1.6666667e-01
   9.6606648e-02   5.8620690e-01   6.5517241e-01   1.6666667e-01
   7.1791320e-02   5.9770115e-01   6.5517241e-01   1.6666667e-01
   4.4205910e-02   6.3218391e-01   6.5517241e-01   1.6666667e-01
   2.6662050e-02   6.4367816e-01   6.5517241e-01   1.6666667e-01
   2.4007387e-02   6.5517241e-01   6.6666667e-01   1.6666667e-01
   1.7890120e-02   6.5517241e-01   6.6666667e-01   1.6666667e-01
   1.7197599e-02   6.5517241e-01   6.6666667e-01   1.6666667e-01
   1.5812558e-02   6.6666667e-01   6.6666667e-01   1.6666667e-01
   1.5120037e-02   6.6666667e-01   6.6666667e-01   1.6666667e-01
   1.5927978e-02   6.6666667e-01   6.6666667e-01   1.6666667e-01
   2.8047091e-02   6.5517241e-01   6.6666667e-01   1.6666667e-01
   2.6200369e-02   6.4367816e-01   6.6666667e-01   1.6666667e-01
   3.0009234e-02   6.4367816e-01   6.5517241e-01   1.6666667e-01
   7.0060018e-02   5.1724138e-01   6.6666667e-01   3.3333333e-01
   1.5674054e-01   5.0574713e-01   6.6666667e-01   3.3333333e-01
   2.4076639e-01   5.0574713e-01   6.6666667e-01   3.3333333e-01
   2.9074331e-01   4.9425287e-01   6.6666667e-01   1.6666667e-01
   3.1001847e-01   4.9425287e-01   6.5517241e-01   1.6666667e-01
   3.0932595e-01   4.9425287e-01   6.5517241e-01   1.6666667e-01
   2.9870729e-01   4.9425287e-01   6.5517241e-01   1.6666667e-01
   2.8485688e-01   4.9425287e-01   6.5517241e-01   1.6666667e-01
   2.8474146e-01   4.9425287e-01   6.5517241e-01   1.6666667e-01
   3.0955679e-01   5.0574713e-01   6.5517241e-01   1.6666667e-01
   3.2871653e-01   5.0574713e-01   6.5517241e-01   1.6666667e-01
   3.3356417e-01   5.0574713e-01   6.5517241e-01   1.6666667e-01
   3.1659741e-01   5.1724138e-01   6.6666667e-01   1.6666667e-01
   2.7192982e-01   5.1724138e-01   6.6666667e-01   1.6666667e-01
   2.2114497e-01   5.2873563e-01   6.6666667e-01   1.6666667e-01
   1.8247922e-01   5.4022989e-01   6.6666667e-01   1.6666667e-01
   1.3111727e-01   5.5172414e-01   6.6666667e-01   1.6666667e-01
   9.2451524e-02   6.2068966e-01   6.6666667e-01   1.6666667e-01
   5.2054478e-02   6.3218391e-01   6.6666667e-01   1.6666667e-01
   5.0092336e-02   6.3218391e-01   6.6666667e-01   1.6666667e-01
   5.3439520e-02   6.3218391e-01   6.5517241e-01   1.6666667e-01
   5.8864266e-02   6.2068966e-01   6.5517241e-01   1.6666667e-01
   7.2599261e-02   6.2068966e-01   6.5517241e-01   1.6666667e-01
   9.2336103e-02   6.0919540e-01   6.5517241e-01   1.6666667e-01
   1.2915512e-01   5.8620690e-01   6.5517241e-01   1.6666667e-01
   1.8478763e-01   5.5172414e-01   6.5517241e-01   1.6666667e-01
   2.2403047e-01   5.4022989e-01   6.5517241e-01   1.6666667e-01
   2.3545706e-01   5.4022989e-01   6.4367816e-01   1.6666667e-01
   2.2218375e-01   5.4022989e-01   6.4367816e-01   1.6666667e-01
   2.0787165e-01   5.4022989e-01   6.4367816e-01   1.6666667e-01
   1.9829178e-01   5.4022989e-01   6.3218391e-01   1.6666667e-01
   1.7982456e-01   5.5172414e-01   6.3218391e-01   1.6666667e-01
   1.6435826e-01   5.5172414e-01   6.3218391e-01   1.6666667e-01
   1.4196676e-01   5.6321839e-01   6.4367816e-01   1.6666667e-01
   1.2257618e-01   5.8620690e-01   6.4367816e-01   1.6666667e-01
   1.0410896e-01   5.9770115e-01   6.5517241e-01   1.6666667e-01
   1.1022622e-01   6.0919540e-01   9.1954023e-01   3.3333333e-01
   1.7393813e-01   6.2068966e-01   9.4252874e-01   3.3333333e-01
   2.5427054e-01   6.3218391e-01   9.4252874e-01   3.3333333e-01
   3.4441367e-01   6.2068966e-01   9.5402299e-01   3.3333333e-01
   5.0957987e-01   6.0919540e-01   9.6551724e-01   3.3333333e-01
   7.0498615e-01   5.9770115e-01   9.6551724e-01   1.6666667e-01
   8.6161127e-01   5.7471264e-01   9.7701149e-01   1.6666667e-01
   9.4171283e-01   5.6321839e-01   9.8850575e-01   1.6666667e-01
   9.7299169e-01   5.5172414e-01   9.8850575e-01   1.6666667e-01
   1.0000000e+00   5.4022989e-01   9.8850575e-01   1.6666667e-01
   9.8591874e-01   5.4022989e-01   1.0000000e+00   1.6666667e-01
   9.1274238e-01   5.4022989e-01   1.0000000e+00   1.6666667e-01
   7.8312558e-01   5.5172414e-01   1.0000000e+00   1.6666667e-01
   6.1934441e-01   5.5172414e-01   1.0000000e+00   1.6666667e-01
   4.4055863e-01   5.6321839e-01   1.0000000e+00   5.0000000e-01
   2.2564635e-01   5.8620690e-01   8.9655172e-01   3.3333333e-01
   7.2137581e-02   5.8620690e-01   8.9655172e-01   0.0000000e+00
