   2.9900000e+02
   3.1232937e-02   5.0724638e-01   5.0724638e-01   1.6666667e-01
   1.2449492e-01   4.6376812e-01   5.7971014e-01   1.6666667e-01
   2.4320192e-01   4.3478261e-01   5.9420290e-01   1.6666667e-01
   3.3351534e-01   4.0579710e-01   6.2318841e-01   1.6666667e-01
   3.9357868e-01   3.9130435e-01   6.3768116e-01   1.6666667e-01
   4.3944523e-01   3.7681159e-01   6.3768116e-01   1.6666667e-01
   4.5058425e-01   3.7681159e-01   6.5217391e-01   1.6666667e-01
   4.2426559e-01   3.6231884e-01   6.6666667e-01   1.6666667e-01
   3.8571585e-01   3.4782609e-01   6.6666667e-01   1.6666667e-01
   3.5710385e-01   3.4782609e-01   6.8115942e-01   1.6666667e-01
   3.1342143e-01   3.3333333e-01   6.8115942e-01   1.6666667e-01
   2.6264060e-01   3.3333333e-01   6.8115942e-01   3.3333333e-01
   2.0519821e-01   3.3333333e-01   6.8115942e-01   3.3333333e-01
   1.7014306e-01   3.3333333e-01   6.9565217e-01   3.3333333e-01
   1.5037676e-01   3.3333333e-01   6.9565217e-01   3.3333333e-01
   1.3279458e-01   3.3333333e-01   6.9565217e-01   3.3333333e-01
   1.3006443e-01   3.3333333e-01   6.9565217e-01   3.3333333e-01
   1.2569619e-01   3.3333333e-01   6.9565217e-01   3.3333333e-01
   1.2405810e-01   3.4782609e-01   6.9565217e-01   3.3333333e-01
   1.2547778e-01   3.4782609e-01   6.9565217e-01   3.3333333e-01
   1.5703833e-01   3.6231884e-01   6.9565217e-01   3.3333333e-01
   2.1600961e-01   3.6231884e-01   6.8115942e-01   3.3333333e-01
   2.8852244e-01   3.7681159e-01   6.6666667e-01   3.3333333e-01
   2.9846019e-01   3.9130435e-01   6.6666667e-01   1.6666667e-01
   2.7640057e-01   4.0579710e-01   6.5217391e-01   1.6666667e-01
   2.4473081e-01   4.2028986e-01   6.3768116e-01   1.6666667e-01
   2.0224965e-01   4.3478261e-01   6.2318841e-01   1.6666667e-01
   1.6424593e-01   4.4927536e-01   6.0869565e-01   1.6666667e-01
   1.2198318e-01   4.7826087e-01   5.7971014e-01   1.6666667e-01
   8.1904554e-02   4.9275362e-01   5.5072464e-01   1.6666667e-01
   5.8971279e-02   4.9275362e-01   5.5072464e-01   1.6666667e-01
   4.9470351e-02   5.0724638e-01   5.5072464e-01   1.6666667e-01
   4.4446871e-02   5.0724638e-01   5.3623188e-01   1.6666667e-01
   3.9641804e-02   5.0724638e-01   5.3623188e-01   1.6666667e-01
   3.1342143e-02   5.0724638e-01   5.2173913e-01   1.6666667e-01
   2.8175167e-02   5.0724638e-01   5.2173913e-01   1.6666667e-01
   2.3588512e-02   5.0724638e-01   5.0724638e-01   1.6666667e-01
   2.4134542e-02   4.9275362e-01   6.0869565e-01   0.0000000e+00
   1.4251392e-01   4.7826087e-01   7.1014493e-01   3.3333333e-01
   4.6467184e-01   4.6376812e-01   9.2753623e-01   1.6666667e-01
   7.5887299e-01   4.0579710e-01   9.4202899e-01   1.6666667e-01
   9.2464781e-01   3.6231884e-01   9.4202899e-01   1.6666667e-01
   9.9213716e-01   3.3333333e-01   9.5652174e-01   1.6666667e-01
   1.0000000e+00   3.0434783e-01   9.5652174e-01   1.6666667e-01
   9.4026428e-01   2.7536232e-01   9.7101449e-01   1.6666667e-01
   8.4110517e-01   2.6086957e-01   9.7101449e-01   1.6666667e-01
   7.3899749e-01   2.6086957e-01   9.7101449e-01   1.6666667e-01
   6.2869936e-01   2.4637681e-01   9.7101449e-01   1.6666667e-01
   5.0911871e-01   2.4637681e-01   9.7101449e-01   5.0000000e-01
   3.8080157e-01   2.4637681e-01   9.4202899e-01   5.0000000e-01
   2.9540242e-01   2.4637681e-01   5.7971014e-01   3.3333333e-01
   2.7487168e-01   2.6086957e-01   4.4927536e-01   1.6666667e-01
   2.7574533e-01   2.6086957e-01   4.4927536e-01   1.6666667e-01
   2.6471552e-01   2.6086957e-01   4.4927536e-01   1.6666667e-01
   2.3108005e-01   2.7536232e-01   4.4927536e-01   1.6666667e-01
   1.8969095e-01   2.8985507e-01   5.7971014e-01   3.3333333e-01
   1.5736595e-01   2.8985507e-01   5.7971014e-01   3.3333333e-01
   1.1532161e-01   3.1884058e-01   5.7971014e-01   3.3333333e-01
   8.2122966e-02   3.3333333e-01   5.7971014e-01   3.3333333e-01
   6.0172546e-02   5.5072464e-01   5.7971014e-01   1.6666667e-01
   3.7676095e-02   5.3623188e-01   5.7971014e-01   1.6666667e-01
   6.9345856e-02   5.3623188e-01   5.7971014e-01   1.6666667e-01
   1.9274872e-01   5.2173913e-01   8.2608696e-01   3.3333333e-01
   4.0187834e-01   5.2173913e-01   8.6956522e-01   1.6666667e-01
   5.8021186e-01   5.0724638e-01   8.9855072e-01   1.6666667e-01
   7.1147756e-01   4.4927536e-01   9.1304348e-01   1.6666667e-01
   8.2570711e-01   3.9130435e-01   9.2753623e-01   3.3333333e-01
   9.3382112e-01   3.0434783e-01   9.4202899e-01   1.6666667e-01
   9.8274544e-01   2.7536232e-01   9.5652174e-01   1.6666667e-01
   9.4823632e-01   2.6086957e-01   9.7101449e-01   1.6666667e-01
   8.7845364e-01   2.4637681e-01   9.7101449e-01   1.6666667e-01
   8.4001310e-01   2.3188406e-01   9.7101449e-01   1.6666667e-01
   8.2734520e-01   2.3188406e-01   9.8550725e-01   3.3333333e-01
   8.2046522e-01   2.3188406e-01   9.8550725e-01   3.3333333e-01
   8.1140111e-01   2.3188406e-01   9.8550725e-01   3.3333333e-01
   7.8246150e-01   2.3188406e-01   9.8550725e-01   5.0000000e-01
   7.1584580e-01   2.3188406e-01   9.8550725e-01   5.0000000e-01
   6.3492410e-01   2.3188406e-01   1.0000000e+00   5.0000000e-01
   5.9156929e-01   2.3188406e-01   9.8550725e-01   5.0000000e-01
   5.5378399e-01   2.3188406e-01   9.8550725e-01   5.0000000e-01
   4.9939937e-01   2.4637681e-01   9.1304348e-01   3.3333333e-01
   4.1378181e-01   2.6086957e-01   5.7971014e-01   3.3333333e-01
   3.0796112e-01   2.6086957e-01   5.9420290e-01   3.3333333e-01
   2.6842852e-01   2.7536232e-01   5.9420290e-01   3.3333333e-01
   2.1873976e-01   2.8985507e-01   5.9420290e-01   3.3333333e-01
   1.7472971e-01   3.0434783e-01   5.9420290e-01   3.3333333e-01
   1.3792727e-01   3.1884058e-01   5.9420290e-01   3.3333333e-01
   9.7521022e-02   3.4782609e-01   5.9420290e-01   3.3333333e-01
   6.2356667e-02   5.6521739e-01   5.9420290e-01   1.6666667e-01
   2.9485639e-02   5.6521739e-01   5.7971014e-01   1.6666667e-01
   3.1888173e-02   5.6521739e-01   5.7971014e-01   1.6666667e-01
   3.3307852e-02   5.6521739e-01   5.7971014e-01   1.6666667e-01
   3.4618325e-02   5.5072464e-01   5.7971014e-01   1.6666667e-01
   3.6038004e-02   5.5072464e-01   5.7971014e-01   1.6666667e-01
   3.7239271e-02   5.5072464e-01   5.7971014e-01   1.6666667e-01
   4.3136398e-02   5.5072464e-01   5.7971014e-01   1.6666667e-01
   4.9688763e-02   5.3623188e-01   5.7971014e-01   1.6666667e-01
   7.0765535e-02   5.3623188e-01   5.7971014e-01   1.6666667e-01
   1.0123403e-01   5.2173913e-01   5.7971014e-01   1.6666667e-01
   1.3967457e-01   5.0724638e-01   5.9420290e-01   1.6666667e-01
   1.7767828e-01   4.9275362e-01   5.9420290e-01   1.6666667e-01
   2.0912963e-01   4.9275362e-01   6.0869565e-01   1.6666667e-01
   2.3108005e-01   4.7826087e-01   6.2318841e-01   1.6666667e-01
   2.4625969e-01   4.7826087e-01   6.2318841e-01   1.6666667e-01
   2.5379491e-01   4.9275362e-01   6.3768116e-01   1.6666667e-01
   2.4484001e-01   4.9275362e-01   6.3768116e-01   1.6666667e-01
   2.2070547e-01   4.9275362e-01   6.5217391e-01   1.6666667e-01
   1.9482363e-01   5.0724638e-01   6.5217391e-01   1.6666667e-01
   1.6992465e-01   5.0724638e-01   6.5217391e-01   1.6666667e-01
   1.4404281e-01   5.2173913e-01   6.6666667e-01   1.6666667e-01
   1.1608605e-01   5.5072464e-01   6.6666667e-01   3.3333333e-01
   8.5180736e-02   6.2318841e-01   6.6666667e-01   1.6666667e-01
   7.0328710e-02   6.2318841e-01   6.6666667e-01   1.6666667e-01
   6.1373812e-02   6.2318841e-01   6.6666667e-01   1.6666667e-01
   5.6350333e-02   6.3768116e-01   6.6666667e-01   1.6666667e-01
   5.2528121e-02   6.3768116e-01   6.6666667e-01   1.6666667e-01
   5.0234793e-02   6.3768116e-01   6.8115942e-01   1.6666667e-01
   4.7504641e-02   6.3768116e-01   6.6666667e-01   1.6666667e-01
   4.3354811e-02   6.3768116e-01   6.6666667e-01   1.6666667e-01
   3.9314186e-02   6.3768116e-01   6.6666667e-01   1.6666667e-01
   3.4399913e-02   6.2318841e-01   6.5217391e-01   1.6666667e-01
   3.5601179e-02   6.2318841e-01   6.5217391e-01   1.6666667e-01
   3.6693240e-02   6.2318841e-01   6.5217391e-01   1.6666667e-01
   3.7130064e-02   6.2318841e-01   6.5217391e-01   1.6666667e-01
   3.6038004e-02   6.2318841e-01   6.5217391e-01   1.6666667e-01
   3.7566889e-02   6.2318841e-01   6.5217391e-01   1.6666667e-01
   3.3853882e-02   6.2318841e-01   6.5217391e-01   1.6666667e-01
   2.8175167e-02   6.2318841e-01   6.3768116e-01   1.6666667e-01
   3.0250082e-02   6.0869565e-01   6.2318841e-01   1.6666667e-01
   7.2076007e-02   5.3623188e-01   6.2318841e-01   3.3333333e-01
   1.2613301e-01   5.0724638e-01   6.2318841e-01   1.6666667e-01
   1.7418368e-01   4.9275362e-01   6.0869565e-01   1.6666667e-01
   1.9220269e-01   4.9275362e-01   6.0869565e-01   1.6666667e-01
   2.0257726e-01   4.9275362e-01   6.2318841e-01   1.6666667e-01
   1.9799061e-01   4.9275362e-01   6.2318841e-01   1.6666667e-01
   1.9056460e-01   4.9275362e-01   6.3768116e-01   1.6666667e-01
   1.7756907e-01   4.9275362e-01   6.3768116e-01   1.6666667e-01
   1.5976848e-01   4.9275362e-01   6.3768116e-01   1.6666667e-01
   1.4022060e-01   4.9275362e-01   6.5217391e-01   3.3333333e-01
   1.1870700e-01   4.9275362e-01   6.5217391e-01   3.3333333e-01
   9.7521022e-02   5.0724638e-01   6.5217391e-01   3.3333333e-01
   8.6054385e-02   5.2173913e-01   6.6666667e-01   3.3333333e-01
   7.5024571e-02   5.2173913e-01   6.6666667e-01   3.3333333e-01
   6.3994758e-02   5.3623188e-01   6.6666667e-01   3.3333333e-01
   5.5695097e-02   6.3768116e-01   6.6666667e-01   1.6666667e-01
   4.2044338e-02   6.5217391e-01   6.8115942e-01   1.6666667e-01
   3.9314186e-02   6.5217391e-01   6.8115942e-01   1.6666667e-01
   3.2543409e-02   6.5217391e-01   6.8115942e-01   1.6666667e-01
   3.1778967e-02   6.5217391e-01   6.8115942e-01   1.6666667e-01
   2.2168833e-02   6.6666667e-01   6.8115942e-01   1.6666667e-01
   1.8237414e-02   6.4673913e-01   6.6485507e-01   0.0000000e+00
   1.5834880e-02   6.2681159e-01   6.4855072e-01   0.0000000e+00
   1.0811401e-02   6.0688406e-01   6.3224638e-01   0.0000000e+00
   7.0983947e-03   5.8695652e-01   6.1594203e-01   0.0000000e+00
   6.6615704e-03   5.6702899e-01   5.9963768e-01   0.0000000e+00
   5.7879218e-03   5.4710145e-01   5.8333333e-01   0.0000000e+00
   8.1904554e-03   5.2717391e-01   5.6702899e-01   0.0000000e+00
   5.3510975e-02   5.0724638e-01   5.5072464e-01   1.6666667e-01
   1.2722507e-01   4.7826087e-01   6.5217391e-01   3.3333333e-01
   2.0115758e-01   4.7826087e-01   6.5217391e-01   1.6666667e-01
   2.4505843e-01   4.7826087e-01   6.5217391e-01   1.6666667e-01
   2.5696189e-01   4.7826087e-01   6.5217391e-01   1.6666667e-01
   2.5368570e-01   4.7826087e-01   6.5217391e-01   1.6666667e-01
   2.5117397e-01   4.7826087e-01   6.5217391e-01   1.6666667e-01
   2.5019111e-01   4.7826087e-01   6.5217391e-01   1.6666667e-01
   2.4505843e-01   4.7826087e-01   6.6666667e-01   1.6666667e-01
   2.4265589e-01   4.7826087e-01   6.6666667e-01   1.6666667e-01
   2.3282735e-01   4.9275362e-01   6.6666667e-01   1.6666667e-01
   2.1666485e-01   5.0724638e-01   6.6666667e-01   1.6666667e-01
   1.9242110e-01   5.0724638e-01   6.6666667e-01   1.6666667e-01
   1.7210877e-01   5.2173913e-01   6.6666667e-01   1.6666667e-01
   1.4262313e-01   5.5072464e-01   6.8115942e-01   1.6666667e-01
   1.2110953e-01   5.7971014e-01   6.8115942e-01   1.6666667e-01
   1.0571148e-01   6.0869565e-01   6.8115942e-01   1.6666667e-01
   9.0750246e-02   6.2318841e-01   6.8115942e-01   1.6666667e-01
   8.2559790e-02   6.2318841e-01   6.8115942e-01   1.6666667e-01
   7.8519166e-02   6.2318841e-01   6.8115942e-01   1.6666667e-01
   7.2185213e-02   6.2318841e-01   6.8115942e-01   1.6666667e-01
   6.6834116e-02   6.2318841e-01   6.8115942e-01   1.6666667e-01
   6.2793491e-02   6.2318841e-01   6.8115942e-01   1.6666667e-01
   5.9626515e-02   6.0869565e-01   6.6666667e-01   1.6666667e-01
   5.9298897e-02   6.0869565e-01   6.6666667e-01   1.6666667e-01
   5.0890029e-02   6.0869565e-01   6.5217391e-01   1.6666667e-01
   5.1545266e-02   5.9420290e-01   6.3768116e-01   1.6666667e-01
   4.1825926e-02   5.9420290e-01   6.2318841e-01   1.6666667e-01
   4.1825926e-02   5.9420290e-01   6.2318841e-01   1.6666667e-01
   6.5414437e-02   5.2173913e-01   6.2318841e-01   3.3333333e-01
   8.5180736e-02   5.0724638e-01   5.5072464e-01   1.6666667e-01
   1.0451021e-01   4.9275362e-01   5.6521739e-01   1.6666667e-01
   1.3050126e-01   4.9275362e-01   5.7971014e-01   1.6666667e-01
   1.5823960e-01   4.9275362e-01   6.0869565e-01   1.6666667e-01
   1.8936333e-01   4.9275362e-01   6.2318841e-01   1.6666667e-01
   2.1327946e-01   5.0724638e-01   6.3768116e-01   1.6666667e-01
   2.1448073e-01   5.0724638e-01   6.5217391e-01   1.6666667e-01
   2.0705471e-01   5.2173913e-01   6.5217391e-01   1.6666667e-01
   1.8805286e-01   5.3623188e-01   6.6666667e-01   1.6666667e-01
   1.7079830e-01   5.5072464e-01   6.6666667e-01   1.6666667e-01
   1.5234247e-01   5.6521739e-01   6.8115942e-01   1.6666667e-01
   1.3639838e-01   5.9420290e-01   6.8115942e-01   1.6666667e-01
   1.2525936e-01   6.0869565e-01   6.9565217e-01   1.6666667e-01
   1.2318445e-01   6.2318841e-01   6.9565217e-01   1.6666667e-01
   1.2886316e-01   6.2318841e-01   6.9565217e-01   1.6666667e-01
   1.3716283e-01   6.2318841e-01   7.1014493e-01   1.6666667e-01
   1.4841105e-01   6.2318841e-01   7.1014493e-01   1.6666667e-01
   1.5540024e-01   6.0869565e-01   7.1014493e-01   1.6666667e-01
   1.7057988e-01   6.0869565e-01   7.1014493e-01   1.6666667e-01
   1.8707000e-01   5.9420290e-01   7.1014493e-01   1.6666667e-01
   2.0170361e-01   5.7971014e-01   7.1014493e-01   1.6666667e-01
   2.1546358e-01   5.6521739e-01   7.1014493e-01   1.6666667e-01
   2.4888064e-01   5.2173913e-01   7.1014493e-01   3.3333333e-01
   2.8928688e-01   5.0724638e-01   7.1014493e-01   1.6666667e-01
   3.1232937e-01   5.0724638e-01   7.1014493e-01   1.6666667e-01
   3.1833570e-01   5.0724638e-01   6.9565217e-01   1.6666667e-01
   3.1069127e-01   4.9275362e-01   6.9565217e-01   1.6666667e-01
   2.9714972e-01   4.9275362e-01   6.9565217e-01   1.6666667e-01
   2.7640057e-01   5.0724638e-01   6.8115942e-01   1.6666667e-01
   2.5728951e-01   5.0724638e-01   6.8115942e-01   1.6666667e-01
   2.3217211e-01   5.0724638e-01   6.6666667e-01   1.6666667e-01
   2.3293655e-01   5.2173913e-01   6.6666667e-01   1.6666667e-01
   2.6438790e-01   5.3623188e-01   7.9710145e-01   3.3333333e-01
   3.1636999e-01   5.5072464e-01   8.1159420e-01   1.6666667e-01
   3.5339085e-01   5.6521739e-01   8.1159420e-01   1.6666667e-01
   3.6027083e-01   5.7971014e-01   8.1159420e-01   1.6666667e-01
   3.2969313e-01   5.9420290e-01   8.2608696e-01   1.6666667e-01
   2.8732118e-01   6.2318841e-01   8.2608696e-01   1.6666667e-01
   2.3697718e-01   6.3768116e-01   8.2608696e-01   1.6666667e-01
   1.8903571e-01   6.3768116e-01   8.1159420e-01   1.6666667e-01
   1.4928470e-01   6.6666667e-01   8.1159420e-01   1.6666667e-01
   1.0636671e-01   6.9565217e-01   7.9710145e-01   1.6666667e-01
   6.0390958e-02   7.2463768e-01   7.8260870e-01   1.6666667e-01
   2.9376433e-02   7.1256039e-01   7.6811594e-01   0.0000000e+00
   1.2012668e-02   7.0048309e-01   7.5362319e-01   0.0000000e+00
   0.0000000e+00   6.8840580e-01   7.3913043e-01   0.0000000e+00
   9.8285465e-04   6.7632850e-01   7.2463768e-01   0.0000000e+00
   9.8285465e-04   6.6425121e-01   7.1014493e-01   0.0000000e+00
   9.8285465e-04   6.5217391e-01   6.9565217e-01   0.0000000e+00
   9.8285465e-04   6.4009662e-01   6.8115942e-01   0.0000000e+00
   9.8285465e-04   6.2801932e-01   6.6666667e-01   0.0000000e+00
   9.8285465e-04   6.1594203e-01   6.5217391e-01   0.0000000e+00
   9.8285465e-04   6.0386473e-01   6.3768116e-01   0.0000000e+00
   9.8285465e-04   5.9178744e-01   6.2318841e-01   0.0000000e+00
   9.8285465e-04   5.7971014e-01   6.0869565e-01   0.0000000e+00
   9.8285465e-04   5.6763285e-01   5.9420290e-01   0.0000000e+00
   9.8285465e-04   5.5555556e-01   5.7971014e-01   0.0000000e+00
   9.8285465e-04   5.4347826e-01   5.6521739e-01   0.0000000e+00
   2.1841214e-03   5.3140097e-01   5.5072464e-01   0.0000000e+00
   1.9001857e-02   5.1932367e-01   5.3623188e-01   0.0000000e+00
   3.3853882e-02   5.0724638e-01   5.2173913e-01   1.6666667e-01
   5.3947799e-02   4.9275362e-01   5.2173913e-01   1.6666667e-01
   8.3105821e-02   3.6231884e-01   5.2173913e-01   3.3333333e-01
   1.2569619e-01   3.4782609e-01   4.9275362e-01   3.3333333e-01
   1.5474500e-01   3.3333333e-01   4.9275362e-01   3.3333333e-01
   2.0574424e-01   3.1884058e-01   4.9275362e-01   1.6666667e-01
   3.0402970e-01   3.0434783e-01   5.2173913e-01   1.6666667e-01
   4.5615376e-01   2.3188406e-01   5.7971014e-01   1.6666667e-01
   5.9277056e-01   2.1739130e-01   5.9420290e-01   1.6666667e-01
   6.5021295e-01   2.0289855e-01   6.0869565e-01   1.6666667e-01
   6.5698373e-01   2.0289855e-01   6.2318841e-01   1.6666667e-01
   6.3448728e-01   2.0289855e-01   6.3768116e-01   1.6666667e-01
   5.8731025e-01   2.0289855e-01   6.3768116e-01   1.6666667e-01
   5.2560882e-01   2.1739130e-01   6.5217391e-01   1.6666667e-01
   4.5648138e-01   2.3188406e-01   6.5217391e-01   1.6666667e-01
   3.8495140e-01   2.7536232e-01   6.6666667e-01   3.3333333e-01
   2.9998908e-01   3.6231884e-01   6.6666667e-01   3.3333333e-01
   2.3817844e-01   3.6231884e-01   6.6666667e-01   3.3333333e-01
   2.0334171e-01   3.6231884e-01   6.8115942e-01   3.3333333e-01
   1.9154745e-01   3.6231884e-01   6.8115942e-01   3.3333333e-01
   1.9001857e-01   3.7681159e-01   6.8115942e-01   3.3333333e-01
   1.8685159e-01   3.7681159e-01   6.8115942e-01   3.3333333e-01
   1.7986240e-01   3.7681159e-01   6.9565217e-01   3.3333333e-01
   1.7975319e-01   3.7681159e-01   6.9565217e-01   3.3333333e-01
   1.8597794e-01   3.7681159e-01   6.9565217e-01   3.3333333e-01
   1.9526046e-01   3.7681159e-01   6.9565217e-01   3.3333333e-01
   2.2092388e-01   3.7681159e-01   6.9565217e-01   3.3333333e-01
   2.4232827e-01   3.7681159e-01   6.8115942e-01   3.3333333e-01
   2.5030032e-01   3.7681159e-01   6.8115942e-01   3.3333333e-01
   2.4986349e-01   5.2173913e-01   6.6666667e-01   1.6666667e-01
   2.5073714e-01   3.7681159e-01   6.6666667e-01   3.3333333e-01
   2.5608824e-01   3.7681159e-01   6.6666667e-01   3.3333333e-01
   2.5193841e-01   3.7681159e-01   6.5217391e-01   3.3333333e-01
   2.6089331e-01   5.0724638e-01   6.5217391e-01   1.6666667e-01
   2.6318663e-01   4.9275362e-01   6.5217391e-01   1.6666667e-01
   2.6646282e-01   4.9275362e-01   6.5217391e-01   1.6666667e-01
   2.7356121e-01   4.9275362e-01   6.5217391e-01   1.6666667e-01
   2.7716501e-01   5.0724638e-01   6.6666667e-01   1.6666667e-01
   2.7345200e-01   5.0724638e-01   6.6666667e-01   1.6666667e-01
   2.7519930e-01   5.0724638e-01   6.8115942e-01   1.6666667e-01
   2.7148629e-01   5.2173913e-01   6.8115942e-01   1.6666667e-01
   2.6264060e-01   5.2173913e-01   6.8115942e-01   1.6666667e-01
   2.5739871e-01   5.3623188e-01   6.8115942e-01   1.6666667e-01
   2.4265589e-01   5.5072464e-01   6.9565217e-01   1.6666667e-01
   2.2496451e-01   5.5072464e-01   6.9565217e-01   1.6666667e-01
   2.0705471e-01   5.6521739e-01   6.9565217e-01   1.6666667e-01
   1.7866113e-01   5.7971014e-01   6.9565217e-01   1.6666667e-01
   1.4415201e-01   5.7971014e-01   6.9565217e-01   1.6666667e-01
   1.1444796e-01   5.9420290e-01   6.9565217e-01   1.6666667e-01
   8.6382003e-02   6.0869565e-01   6.8115942e-01   1.6666667e-01
   6.1046194e-02   6.3768116e-01   6.6666667e-01   1.6666667e-01
   3.3089440e-02   6.3768116e-01   6.6666667e-01   0.0000000e+00
