   2.4600000e+02
   0.0000000e+00   6.2365591e-01   6.5591398e-01   1.6666667e-01
   5.8583741e-02   6.0215054e-01   6.6666667e-01   1.6666667e-01
   1.1705101e-01   5.9139785e-01   6.7741935e-01   1.6666667e-01
   1.6363848e-01   5.6989247e-01   6.7741935e-01   1.6666667e-01
   2.0102492e-01   5.5913978e-01   6.7741935e-01   1.6666667e-01
   2.3631493e-01   5.4838710e-01   6.8817204e-01   1.6666667e-01
   2.7044025e-01   5.3763441e-01   6.8817204e-01   1.6666667e-01
   2.9431633e-01   5.2688172e-01   6.9892473e-01   1.6666667e-01
   3.1050547e-01   5.0537634e-01   7.0967742e-01   1.6666667e-01
   3.1947356e-01   4.9462366e-01   7.0967742e-01   1.6666667e-01
   3.1108782e-01   4.8387097e-01   7.0967742e-01   3.3333333e-01
   2.9082227e-01   4.7311828e-01   7.2043011e-01   3.3333333e-01
   2.7090613e-01   4.6236559e-01   7.2043011e-01   3.3333333e-01
   2.8313534e-01   4.6236559e-01   7.2043011e-01   3.3333333e-01
   4.1288143e-01   6.4516129e-02   7.2043011e-01   5.0000000e-01
   6.4046122e-01   0.0000000e+00   7.2043011e-01   5.0000000e-01
   8.2122059e-01   0.0000000e+00   7.2043011e-01   5.0000000e-01
   9.2010249e-01   0.0000000e+00   7.2043011e-01   5.0000000e-01
   9.7589099e-01   0.0000000e+00   7.3118280e-01   3.3333333e-01
   9.9091544e-01   0.0000000e+00   7.2043011e-01   3.3333333e-01
   9.6168181e-01   0.0000000e+00   7.2043011e-01   3.3333333e-01
   9.5422781e-01   8.6021505e-02   7.2043011e-01   3.3333333e-01
   9.8707198e-01   1.5053763e-01   7.2043011e-01   3.3333333e-01
   1.0000000e+00   1.8279570e-01   7.2043011e-01   1.6666667e-01
   9.5550897e-01   2.2580645e-01   7.0967742e-01   1.6666667e-01
   8.9587701e-01   2.4731183e-01   7.0967742e-01   1.6666667e-01
   8.5860703e-01   2.6881720e-01   7.0967742e-01   1.6666667e-01
   8.3508036e-01   2.7956989e-01   7.0967742e-01   1.6666667e-01
   8.0293501e-01   2.5806452e-01   6.9892473e-01   1.6666667e-01
   7.5401817e-01   2.4731183e-01   6.9892473e-01   1.6666667e-01
   6.8763103e-01   2.4731183e-01   6.8817204e-01   1.6666667e-01
   6.1274167e-01   2.1505376e-01   6.6666667e-01   3.3333333e-01
   5.4146285e-01   2.0430108e-01   6.4516129e-01   3.3333333e-01
   4.6005125e-01   1.7204301e-01   6.4516129e-01   3.3333333e-01
   3.8353133e-01   1.6129032e-01   6.5591398e-01   3.3333333e-01
   3.2902399e-01   1.5053763e-01   6.5591398e-01   3.3333333e-01
   3.0642907e-01   1.3978495e-01   6.6666667e-01   3.3333333e-01
   3.2995574e-01   0.0000000e+00   6.6666667e-01   6.6666667e-01
   3.7433031e-01   0.0000000e+00   6.7741935e-01   3.3333333e-01
   3.7456324e-01   0.0000000e+00   6.7741935e-01   3.3333333e-01
   3.3135337e-01   0.0000000e+00   6.8817204e-01   5.0000000e-01
   2.8278593e-01   0.0000000e+00   6.8817204e-01   3.3333333e-01
   2.3119031e-01   0.0000000e+00   6.8817204e-01   3.3333333e-01
   1.7481947e-01   0.0000000e+00   6.9892473e-01   3.3333333e-01
   1.3195900e-01   0.0000000e+00   6.9892473e-01   3.3333333e-01
   1.0342418e-01   6.5591398e-01   6.9892473e-01   1.6666667e-01
   8.2343350e-02   6.5591398e-01   6.9892473e-01   1.6666667e-01
   6.8367109e-02   6.5591398e-01   6.9892473e-01   1.6666667e-01
   5.3575588e-02   6.5591398e-01   7.0967742e-01   1.6666667e-01
   4.5772187e-02   6.6666667e-01   7.0967742e-01   1.6666667e-01
   4.1812253e-02   6.6666667e-01   7.0967742e-01   1.6666667e-01
   3.6687631e-02   6.6666667e-01   6.9892473e-01   1.6666667e-01
   3.2494759e-02   6.6666667e-01   6.9892473e-01   1.6666667e-01
   2.9000699e-02   6.6666667e-01   6.9892473e-01   1.6666667e-01
   2.6671325e-02   6.6666667e-01   6.9892473e-01   1.6666667e-01
   2.4458421e-02   6.5591398e-01   6.9892473e-01   1.6666667e-01
   2.9932448e-02   6.5591398e-01   6.9892473e-01   1.6666667e-01
   6.6037736e-02   5.5913978e-01   6.8817204e-01   3.3333333e-01
   1.5245749e-01   5.3763441e-01   6.8817204e-01   3.3333333e-01
   2.5168880e-01   5.1612903e-01   6.8817204e-01   1.6666667e-01
   3.1062194e-01   5.0537634e-01   6.7741935e-01   1.6666667e-01
   3.3158630e-01   4.9462366e-01   6.7741935e-01   1.6666667e-01
   3.4136967e-01   4.8387097e-01   6.7741935e-01   1.6666667e-01
   3.4404845e-01   4.7311828e-01   6.6666667e-01   1.6666667e-01
   3.3158630e-01   4.7311828e-01   6.6666667e-01   1.6666667e-01
   3.1155369e-01   4.6236559e-01   6.6666667e-01   1.6666667e-01
   2.9058933e-01   4.5161290e-01   6.6666667e-01   1.6666667e-01
   2.7253669e-01   4.5161290e-01   6.7741935e-01   1.6666667e-01
   2.6217098e-01   4.5161290e-01   6.7741935e-01   3.3333333e-01
   2.5692989e-01   4.5161290e-01   6.7741935e-01   3.3333333e-01
   2.5203820e-01   4.5161290e-01   6.7741935e-01   3.3333333e-01
   2.5029117e-01   4.5161290e-01   6.8817204e-01   3.3333333e-01
   2.6007454e-01   4.5161290e-01   6.8817204e-01   5.0000000e-01
   2.8068949e-01   4.5161290e-01   6.8817204e-01   3.3333333e-01
   2.8290240e-01   4.6236559e-01   6.8817204e-01   3.3333333e-01
   2.5727929e-01   4.6236559e-01   6.8817204e-01   3.3333333e-01
   2.1616585e-01   4.7311828e-01   6.9892473e-01   3.3333333e-01
   1.7912881e-01   4.7311828e-01   6.8817204e-01   3.3333333e-01
   1.4255765e-01   4.9462366e-01   6.8817204e-01   3.3333333e-01
   1.0016306e-01   5.1612903e-01   6.8817204e-01   3.3333333e-01
   6.8832984e-02   6.5591398e-01   6.8817204e-01   1.6666667e-01
   4.2860471e-02   6.5591398e-01   6.8817204e-01   1.6666667e-01
   2.3759609e-02   6.4516129e-01   6.8817204e-01   1.6666667e-01
   2.2827859e-02   6.4516129e-01   6.7741935e-01   1.6666667e-01
   3.0048917e-02   6.3440860e-01   6.7741935e-01   1.6666667e-01
   3.4125320e-02   6.3440860e-01   6.6666667e-01   1.6666667e-01
   3.7037037e-02   6.2365591e-01   6.6666667e-01   1.6666667e-01
   4.4956907e-02   6.2365591e-01   6.6666667e-01   1.6666667e-01
   4.6936874e-02   6.1290323e-01   6.5591398e-01   1.6666667e-01
   4.6238062e-02   6.1290323e-01   6.5591398e-01   1.6666667e-01
   4.3442814e-02   6.0215054e-01   6.5591398e-01   1.6666667e-01
   4.6005125e-02   6.0215054e-01   6.4516129e-01   1.6666667e-01
   5.5089681e-02   5.9139785e-01   6.4516129e-01   1.6666667e-01
   5.8700210e-02   5.9139785e-01   6.3440860e-01   1.6666667e-01
   1.0214302e-01   5.4838710e-01   6.2365591e-01   1.6666667e-01
   1.9042628e-01   4.7311828e-01   6.2365591e-01   1.6666667e-01
   3.1097135e-01   3.5483871e-01   6.1290323e-01   3.3333333e-01
   4.4467738e-01   3.4408602e-01   6.0215054e-01   1.6666667e-01
   5.5369206e-01   3.1182796e-01   6.0215054e-01   1.6666667e-01
   6.6328908e-01   2.5806452e-01   6.1290323e-01   1.6666667e-01
   7.7498253e-01   1.9354839e-01   6.1290323e-01   1.6666667e-01
   8.6606103e-01   1.8279570e-01   6.2365591e-01   1.6666667e-01
   9.0915444e-01   1.8279570e-01   6.3440860e-01   1.6666667e-01
   9.2196599e-01   1.8279570e-01   6.3440860e-01   1.6666667e-01
   8.9704170e-01   1.8279570e-01   6.4516129e-01   1.6666667e-01
   8.1295132e-01   1.8279570e-01   6.4516129e-01   1.6666667e-01
   6.5851386e-01   1.8279570e-01   6.4516129e-01   1.6666667e-01
   4.6936874e-01   1.9354839e-01   6.5591398e-01   1.6666667e-01
   3.0980666e-01   3.2258065e-01   6.5591398e-01   5.0000000e-01
   2.1045889e-01   3.3333333e-01   6.5591398e-01   3.3333333e-01
   1.3219194e-01   3.4408602e-01   6.5591398e-01   3.3333333e-01
   8.4439786e-02   6.1290323e-01   6.5591398e-01   1.6666667e-01
   7.3841137e-02   6.1290323e-01   6.6666667e-01   1.6666667e-01
   7.3724668e-02   6.1290323e-01   6.6666667e-01   1.6666667e-01
   7.2792919e-02   6.1290323e-01   6.6666667e-01   1.6666667e-01
   7.4772886e-02   6.1290323e-01   6.5591398e-01   1.6666667e-01
   7.6752853e-02   6.0215054e-01   6.5591398e-01   1.6666667e-01
   7.6869322e-02   6.0215054e-01   6.5591398e-01   1.6666667e-01
   7.9664570e-02   3.3333333e-01   6.5591398e-01   3.3333333e-01
   8.1178663e-02   3.3333333e-01   6.4516129e-01   3.3333333e-01
   9.0379688e-02   5.8064516e-01   6.4516129e-01   1.6666667e-01
   1.0866527e-01   3.2258065e-01   6.3440860e-01   3.3333333e-01
   1.4139297e-01   3.2258065e-01   6.2365591e-01   3.3333333e-01
   1.9147449e-01   3.1182796e-01   6.1290323e-01   3.3333333e-01
   3.1271838e-01   3.1182796e-01   6.0215054e-01   3.3333333e-01
   5.1397624e-01   2.6881720e-01   5.9139785e-01   1.6666667e-01
   6.8646634e-01   2.0430108e-01   5.9139785e-01   1.6666667e-01
   8.0235267e-01   1.6129032e-01   5.8064516e-01   1.6666667e-01
   8.7002096e-01   1.5053763e-01   5.8064516e-01   1.6666667e-01
   8.9925460e-01   1.5053763e-01   5.9139785e-01   1.6666667e-01
   9.1963662e-01   1.3978495e-01   5.9139785e-01   1.6666667e-01
   9.3594223e-01   1.3978495e-01   6.0215054e-01   1.6666667e-01
   9.2301421e-01   1.3978495e-01   6.1290323e-01   1.6666667e-01
   8.5837410e-01   1.5053763e-01   6.2365591e-01   1.6666667e-01
   7.2548334e-01   1.5053763e-01   6.2365591e-01   1.6666667e-01
   5.4647100e-01   1.6129032e-01   6.3440860e-01   1.6666667e-01
   3.7887258e-01   2.1505376e-01   6.3440860e-01   6.6666667e-01
   2.6484976e-01   2.9032258e-01   6.4516129e-01   3.3333333e-01
   1.8157466e-01   2.9032258e-01   6.4516129e-01   3.3333333e-01
   1.2264151e-01   2.9032258e-01   6.4516129e-01   3.3333333e-01
   9.8066620e-02   2.9032258e-01   6.5591398e-01   3.3333333e-01
   7.6985791e-02   2.9032258e-01   6.5591398e-01   3.3333333e-01
   6.1611926e-02   2.9032258e-01   6.5591398e-01   3.3333333e-01
   5.1479152e-02   3.0107527e-01   6.5591398e-01   3.3333333e-01
   4.4374563e-02   3.0107527e-01   6.5591398e-01   3.3333333e-01
   3.7269974e-02   6.2365591e-01   6.5591398e-01   1.6666667e-01
   3.6687631e-02   6.2365591e-01   6.5591398e-01   1.6666667e-01
   3.2261822e-02   6.2365591e-01   6.5591398e-01   1.6666667e-01
   2.7603075e-02   6.2365591e-01   6.5591398e-01   1.6666667e-01
   2.6088982e-02   6.2365591e-01   6.5591398e-01   1.6666667e-01
   2.7603075e-02   6.1290323e-01   6.4516129e-01   1.6666667e-01
   3.3310040e-02   6.1290323e-01   6.4516129e-01   1.6666667e-01
   6.2310738e-02   5.3763441e-01   6.3440860e-01   3.3333333e-01
   1.3265782e-01   5.1612903e-01   6.3440860e-01   1.6666667e-01
   2.2361985e-01   4.8387097e-01   6.3440860e-01   1.6666667e-01
   2.8150478e-01   4.7311828e-01   6.3440860e-01   1.6666667e-01
   3.1190310e-01   4.6236559e-01   6.2365591e-01   1.6666667e-01
   3.3659446e-01   4.5161290e-01   6.3440860e-01   1.6666667e-01
   3.6105288e-01   4.5161290e-01   6.3440860e-01   1.6666667e-01
   3.8155136e-01   4.4086022e-01   6.3440860e-01   1.6666667e-01
   3.8527836e-01   4.4086022e-01   6.4516129e-01   1.6666667e-01
   3.7351502e-01   4.3010753e-01   6.4516129e-01   1.6666667e-01
   3.5208479e-01   4.3010753e-01   6.5591398e-01   1.6666667e-01
   3.2191940e-01   4.1935484e-01   6.5591398e-01   3.3333333e-01
   2.8791055e-01   4.1935484e-01   6.6666667e-01   3.3333333e-01
   2.6752853e-01   4.1935484e-01   6.6666667e-01   3.3333333e-01
   2.6030748e-01   4.3010753e-01   6.6666667e-01   5.0000000e-01
   2.5646401e-01   4.3010753e-01   6.6666667e-01   5.0000000e-01
   2.4004193e-01   4.3010753e-01   6.7741935e-01   3.3333333e-01
   2.1010948e-01   4.4086022e-01   6.7741935e-01   3.3333333e-01
   1.7959469e-01   4.5161290e-01   6.7741935e-01   3.3333333e-01
   1.5187515e-01   4.5161290e-01   6.7741935e-01   3.3333333e-01
   1.2939669e-01   4.6236559e-01   6.7741935e-01   3.3333333e-01
   1.1751689e-01   6.2365591e-01   6.7741935e-01   1.6666667e-01
   1.0773352e-01   6.1290323e-01   6.7741935e-01   1.6666667e-01
   9.8881901e-02   6.1290323e-01   6.7741935e-01   1.6666667e-01
   9.4106685e-02   6.1290323e-01   6.7741935e-01   1.6666667e-01
   8.7584440e-02   6.0215054e-01   6.7741935e-01   1.6666667e-01
   8.7467971e-02   6.0215054e-01   6.6666667e-01   1.6666667e-01
   9.5154903e-02   5.6989247e-01   6.6666667e-01   1.6666667e-01
   1.1646867e-01   5.4838710e-01   6.5591398e-01   1.6666667e-01
   1.3254135e-01   5.3763441e-01   6.4516129e-01   1.6666667e-01
   1.4465409e-01   5.2688172e-01   6.3440860e-01   1.6666667e-01
   1.5688330e-01   4.7311828e-01   6.1290323e-01   3.3333333e-01
   1.6783135e-01   4.6236559e-01   6.1290323e-01   1.6666667e-01
   1.6340554e-01   4.5161290e-01   6.0215054e-01   1.6666667e-01
   1.4477056e-01   4.5161290e-01   5.8064516e-01   1.6666667e-01
   1.2054507e-01   4.1935484e-01   5.6989247e-01   1.6666667e-01
   9.2592593e-02   4.0860215e-01   5.2688172e-01   1.6666667e-01
   6.4057768e-02   4.0860215e-01   4.9462366e-01   1.6666667e-01
   3.5057070e-02   4.0860215e-01   4.1935484e-01   1.6666667e-01
   2.1080829e-02   4.0860215e-01   4.3010753e-01   1.6666667e-01
   1.8751456e-02   4.0860215e-01   4.3010753e-01   1.6666667e-01
   2.6671325e-02   4.0860215e-01   4.4086022e-01   1.6666667e-01
   4.7169811e-02   4.1935484e-01   4.6236559e-01   1.6666667e-01
   9.5970184e-02   4.1935484e-01   4.8387097e-01   1.6666667e-01
   1.8332169e-01   4.1935484e-01   5.6989247e-01   1.6666667e-01
   2.8173771e-01   4.3010753e-01   6.0215054e-01   1.6666667e-01
   3.2972280e-01   4.3010753e-01   6.1290323e-01   1.6666667e-01
   3.3682739e-01   4.4086022e-01   6.2365591e-01   1.6666667e-01
   3.3449802e-01   4.4086022e-01   6.3440860e-01   1.6666667e-01
   3.2483112e-01   4.5161290e-01   6.3440860e-01   1.6666667e-01
   3.0689495e-01   4.6236559e-01   6.4516129e-01   1.6666667e-01
   2.8034009e-01   4.7311828e-01   6.5591398e-01   1.6666667e-01
   2.3911018e-01   4.9462366e-01   6.5591398e-01   1.6666667e-01
   1.8611693e-01   5.1612903e-01   6.5591398e-01   1.6666667e-01
   1.3789891e-01   5.5913978e-01   6.6666667e-01   1.6666667e-01
   1.0016306e-01   6.0215054e-01   6.6666667e-01   1.6666667e-01
   7.5355229e-02   6.1290323e-01   6.6666667e-01   1.6666667e-01
   6.1961332e-02   6.2365591e-01   6.6666667e-01   1.6666667e-01
   5.9864896e-02   6.2365591e-01   6.6666667e-01   1.6666667e-01
   5.8117866e-02   6.2365591e-01   6.6666667e-01   1.6666667e-01
   5.2177964e-02   6.2365591e-01   6.6666667e-01   1.6666667e-01
   4.2511065e-02   6.2365591e-01   6.6666667e-01   1.6666667e-01
   3.3542977e-02   6.1290323e-01   6.6666667e-01   1.6666667e-01
   2.8884230e-02   6.1290323e-01   6.5591398e-01   1.6666667e-01
   2.1197298e-02   6.1290323e-01   6.5591398e-01   1.6666667e-01
   1.2112742e-02   6.1290323e-01   6.3440860e-01   1.6666667e-01
   8.2692756e-03   6.0215054e-01   6.2365591e-01   1.6666667e-01
   3.9599348e-03   6.0215054e-01   6.1290323e-01   1.6666667e-01
   2.0964361e-03   5.9139785e-01   6.1290323e-01   1.6666667e-01
   5.0081528e-03   5.9139785e-01   6.0215054e-01   1.6666667e-01
   1.3859772e-02   5.5913978e-01   5.5913978e-01   1.6666667e-01
   2.9233636e-02   5.3763441e-01   5.8064516e-01   1.6666667e-01
   5.5206150e-02   5.2688172e-01   5.8064516e-01   1.6666667e-01
   1.1705101e-01   4.7311828e-01   5.6989247e-01   1.6666667e-01
   2.2094107e-01   3.9784946e-01   6.2365591e-01   3.3333333e-01
   3.2203587e-01   3.9784946e-01   6.4516129e-01   3.3333333e-01
   3.7537852e-01   3.9784946e-01   6.5591398e-01   3.3333333e-01
   3.9529467e-01   3.9784946e-01   6.6666667e-01   3.3333333e-01
   3.9529467e-01   3.9784946e-01   6.7741935e-01   3.3333333e-01
   3.8166783e-01   3.9784946e-01   6.7741935e-01   3.3333333e-01
   3.5942232e-01   4.0860215e-01   6.8817204e-01   3.3333333e-01
   3.3810855e-01   4.1935484e-01   6.8817204e-01   3.3333333e-01
   3.1248544e-01   4.4086022e-01   6.8817204e-01   3.3333333e-01
   3.0153739e-01   4.7311828e-01   6.9892473e-01   3.3333333e-01
   3.0899138e-01   4.8387097e-01   6.9892473e-01   1.6666667e-01
   3.2273468e-01   4.9462366e-01   6.9892473e-01   1.6666667e-01
   3.1365013e-01   5.0537634e-01   6.9892473e-01   1.6666667e-01
   2.8022362e-01   5.1612903e-01   6.8817204e-01   1.6666667e-01
   2.3596553e-01   5.2688172e-01   6.6666667e-01   1.6666667e-01
   1.8378756e-01   5.3763441e-01   6.5591398e-01   1.6666667e-01
   1.2904729e-01   5.4838710e-01   6.4516129e-01   1.6666667e-01
   7.3375262e-02   5.6989247e-01   6.3440860e-01   1.6666667e-01
   3.0747729e-02   5.9139785e-01   6.0215054e-01   1.6666667e-01
   5.9399022e-03   5.9139785e-01   6.0215054e-01   0.0000000e+00
