   9.0000000e+01
   1.0805501e-03   5.9139785e-01   5.9139785e-01   0.0000000e+00
   1.3555992e-02   5.9139785e-01   5.9139785e-01   1.6666667e-01
   2.3084479e-02   5.8064516e-01   6.0215054e-01   1.6666667e-01
   3.2514735e-02   5.6989247e-01   6.0215054e-01   1.6666667e-01
   4.9607073e-02   5.5913978e-01   6.0215054e-01   1.6666667e-01
   6.9056974e-02   5.4838710e-01   6.0215054e-01   1.6666667e-01
   8.4479371e-02   5.4838710e-01   6.0215054e-01   1.6666667e-01
   1.0058939e-01   5.4838710e-01   6.1290323e-01   1.6666667e-01
   1.3172888e-01   5.4838710e-01   6.2365591e-01   1.6666667e-01
   1.6335953e-01   5.4838710e-01   6.4516129e-01   1.6666667e-01
   1.8251473e-01   5.4838710e-01   6.5591398e-01   1.6666667e-01
   1.9076621e-01   5.5913978e-01   6.6666667e-01   1.6666667e-01
   1.8968566e-01   5.5913978e-01   6.6666667e-01   1.6666667e-01
   1.7829077e-01   5.6989247e-01   6.7741935e-01   1.6666667e-01
   1.6090373e-01   5.6989247e-01   6.7741935e-01   1.6666667e-01
   1.3958743e-01   5.8064516e-01   6.7741935e-01   1.6666667e-01
   1.1876228e-01   6.0215054e-01   6.8817204e-01   1.6666667e-01
   9.7445972e-02   6.1290323e-01   6.8817204e-01   1.6666667e-01
   7.7308448e-02   6.3440860e-01   6.8817204e-01   1.6666667e-01
   5.7170923e-02   6.4516129e-01   6.8817204e-01   1.6666667e-01
   4.4793713e-02   6.4516129e-01   6.8817204e-01   1.6666667e-01
   3.6836935e-02   6.4516129e-01   6.8817204e-01   1.6666667e-01
   3.4970530e-02   6.4516129e-01   6.7741935e-01   1.6666667e-01
   4.4597250e-02   6.0215054e-01   6.6666667e-01   1.6666667e-01
   7.2396857e-02   5.8064516e-01   6.5591398e-01   1.6666667e-01
   1.1041257e-01   5.5913978e-01   6.4516129e-01   1.6666667e-01
   1.4233792e-01   5.4838710e-01   6.3440860e-01   1.6666667e-01
   1.6051081e-01   5.4838710e-01   6.3440860e-01   1.6666667e-01
   1.6866405e-01   5.4838710e-01   6.4516129e-01   1.6666667e-01
   1.7495088e-01   5.4838710e-01   6.4516129e-01   1.6666667e-01
   1.7730845e-01   5.4838710e-01   6.5591398e-01   1.6666667e-01
   1.7308448e-01   5.4838710e-01   6.5591398e-01   1.6666667e-01
   1.6208251e-01   5.5913978e-01   6.6666667e-01   1.6666667e-01
   1.3958743e-01   5.6989247e-01   6.6666667e-01   1.6666667e-01
   1.1581532e-01   5.8064516e-01   6.6666667e-01   1.6666667e-01
   9.1650295e-02   5.9139785e-01   6.7741935e-01   1.6666667e-01
   6.8271120e-02   6.1290323e-01   6.7741935e-01   1.6666667e-01
   5.0000000e-02   6.3440860e-01   6.7741935e-01   1.6666667e-01
   3.6247544e-02   6.4516129e-01   6.7741935e-01   1.6666667e-01
   2.9764244e-02   6.4516129e-01   6.7741935e-01   1.6666667e-01
   2.6620825e-02   6.4516129e-01   6.7741935e-01   1.6666667e-01
   2.5736739e-02   6.4516129e-01   6.7741935e-01   1.6666667e-01
   2.8192534e-02   6.3440860e-01   6.7741935e-01   1.6666667e-01
   3.3497053e-02   6.3440860e-01   6.7741935e-01   1.6666667e-01
   3.7426326e-02   6.2365591e-01   6.6666667e-01   1.6666667e-01
   3.7917485e-02   6.1290323e-01   6.6666667e-01   1.6666667e-01
   4.8231827e-02   6.0215054e-01   6.5591398e-01   1.6666667e-01
   6.9253438e-02   5.6989247e-01   6.5591398e-01   1.6666667e-01
   1.0314342e-01   5.5913978e-01   6.4516129e-01   1.6666667e-01
   1.6355599e-01   5.2688172e-01   6.5591398e-01   1.6666667e-01
   3.0697446e-01   4.4086022e-01   6.6666667e-01   1.6666667e-01
   5.0589391e-01   4.1935484e-01   7.5268817e-01   1.6666667e-01
   7.5933202e-01   4.1935484e-01   9.5698925e-01   1.6666667e-01
   9.4223969e-01   4.0860215e-01   9.6774194e-01   1.6666667e-01
   1.0000000e+00   4.1935484e-01   9.6774194e-01   1.6666667e-01
   9.7298625e-01   4.1935484e-01   9.7849462e-01   1.6666667e-01
   9.1286837e-01   4.3010753e-01   9.7849462e-01   1.6666667e-01
   8.3516699e-01   4.3010753e-01   9.8924731e-01   1.6666667e-01
   7.2858546e-01   4.5161290e-01   9.8924731e-01   1.6666667e-01
   6.0117878e-01   5.0537634e-01   9.8924731e-01   1.6666667e-01
   4.7504912e-01   5.1612903e-01   9.8924731e-01   3.3333333e-01
   3.5982318e-01   5.1612903e-01   1.0000000e+00   3.3333333e-01
   2.7554028e-01   5.2688172e-01   9.8924731e-01   3.3333333e-01
   2.1748527e-01   5.2688172e-01   9.8924731e-01   3.3333333e-01
   1.7318271e-01   5.3763441e-01   6.2365591e-01   1.6666667e-01
   1.5392927e-01   5.3763441e-01   6.3440860e-01   1.6666667e-01
   1.4214145e-01   5.4838710e-01   6.4516129e-01   1.6666667e-01
   1.3339882e-01   5.5913978e-01   6.4516129e-01   1.6666667e-01
   1.2092338e-01   5.6989247e-01   6.5591398e-01   1.6666667e-01
   1.0589391e-01   5.8064516e-01   6.5591398e-01   1.6666667e-01
   9.0962672e-02   5.9139785e-01   6.6666667e-01   1.6666667e-01
   7.4852652e-02   6.0215054e-01   6.6666667e-01   1.6666667e-01
   6.5225933e-02   6.2365591e-01   6.6666667e-01   1.6666667e-01
   5.9233792e-02   6.3440860e-01   6.7741935e-01   1.6666667e-01
   5.5599214e-02   6.3440860e-01   6.7741935e-01   1.6666667e-01
   5.4911591e-02   6.3440860e-01   6.7741935e-01   1.6666667e-01
   5.2848723e-02   6.3440860e-01   6.7741935e-01   1.6666667e-01
   5.0196464e-02   6.3440860e-01   6.7741935e-01   1.6666667e-01
   4.7937132e-02   6.3440860e-01   6.7741935e-01   1.6666667e-01
   4.8919450e-02   6.3440860e-01   6.7741935e-01   1.6666667e-01
   4.8231827e-02   6.3440860e-01   6.7741935e-01   1.6666667e-01
   4.4106090e-02   6.2365591e-01   6.7741935e-01   1.6666667e-01
   4.0569745e-02   6.2365591e-01   6.6666667e-01   1.6666667e-01
   3.4184676e-02   6.2365591e-01   6.6666667e-01   1.6666667e-01
   3.0353635e-02   6.2365591e-01   6.5591398e-01   1.6666667e-01
   2.6129666e-02   6.1290323e-01   6.4516129e-01   1.6666667e-01
   1.9646365e-02   6.1290323e-01   6.3440860e-01   1.6666667e-01
   1.3555992e-02   6.1290323e-01   6.2365591e-01   1.6666667e-01
   6.7779961e-03   6.1290323e-01   6.2365591e-01   1.6666667e-01
   0.0000000e+00   6.1290323e-01   6.2365591e-01   0.0000000e+00
