   3.6400000e+02
   5.3474433e-02   1.4942529e-01   1.8390805e-01   1.6666667e-01
   1.3457576e-01   1.3793103e-01   2.4137931e-01   1.6666667e-01
   2.2522944e-01   1.1494253e-01   2.6436782e-01   1.6666667e-01
   2.9069114e-01   1.1494253e-01   2.8735632e-01   1.6666667e-01
   3.3620528e-01   1.0344828e-01   3.1034483e-01   1.6666667e-01
   3.7581944e-01   9.1954023e-02   3.2183908e-01   1.6666667e-01
   4.0232253e-01   9.1954023e-02   3.3333333e-01   1.6666667e-01
   4.1000187e-01   8.0459770e-02   3.4482759e-01   1.6666667e-01
   3.8621465e-01   8.0459770e-02   3.5632184e-01   1.6666667e-01
   3.5549728e-01   6.8965517e-02   3.6781609e-01   1.6666667e-01
   3.2403072e-01   6.8965517e-02   3.6781609e-01   1.6666667e-01
   2.8666417e-01   6.8965517e-02   3.7931034e-01   1.6666667e-01
   2.5014048e-01   6.8965517e-02   3.9080460e-01   3.3333333e-01
   2.1371043e-01   2.8735632e-01   4.0229885e-01   1.6666667e-01
   1.6585503e-01   4.5977011e-02   4.0229885e-01   3.3333333e-01
   1.4047574e-01   4.5977011e-02   4.1379310e-01   3.3333333e-01
   1.1884248e-01   3.5632184e-01   4.1379310e-01   1.6666667e-01
   1.1116314e-01   3.4482759e-02   4.2528736e-01   3.3333333e-01
   1.0432665e-01   3.4482759e-02   4.2528736e-01   3.3333333e-01
   9.4493351e-02   2.2988506e-02   4.2528736e-01   3.3333333e-01
   8.6720360e-02   2.2988506e-02   4.3678161e-01   3.3333333e-01
   7.6418805e-02   2.2988506e-02   4.3678161e-01   3.3333333e-01
   7.1361678e-02   4.1379310e-01   4.3678161e-01   1.6666667e-01
   6.3869639e-02   4.1379310e-01   4.3678161e-01   1.6666667e-01
   6.4712493e-02   4.1379310e-01   4.4827586e-01   1.6666667e-01
   7.3983892e-02   1.1494253e-02   4.4827586e-01   3.3333333e-01
   8.3723544e-02   2.0689655e-01   4.4827586e-01   3.3333333e-01
   1.1228695e-01   1.9540230e-01   4.4827586e-01   3.3333333e-01
   1.6164076e-01   1.8390805e-01   6.5517241e-01   5.0000000e-01
   2.1061997e-01   1.8390805e-01   6.6666667e-01   5.0000000e-01
   2.5098333e-01   1.1494253e-02   6.7816092e-01   6.6666667e-01
   2.7748642e-01   1.1494253e-02   6.7816092e-01   6.6666667e-01
   2.9247050e-01   1.1494253e-02   6.8965517e-01   6.6666667e-01
   3.0492602e-01   1.1494253e-02   6.8965517e-01   6.6666667e-01
   3.2936880e-01   1.1494253e-02   7.0114943e-01   6.6666667e-01
   3.5362427e-01   1.1494253e-02   7.0114943e-01   6.6666667e-01
   3.8893051e-01   1.1494253e-02   7.0114943e-01   6.6666667e-01
   4.4118749e-01   1.1494253e-02   7.1264368e-01   8.3333333e-01
   4.7003184e-01   1.1494253e-02   7.1264368e-01   6.6666667e-01
   4.6628582e-01   1.1494253e-02   7.1264368e-01   6.6666667e-01
   4.3041768e-01   1.1494253e-02   7.1264368e-01   6.6666667e-01
   3.8396704e-01   2.2988506e-02   7.2413793e-01   6.6666667e-01
   3.4388462e-01   2.2988506e-02   7.2413793e-01   6.6666667e-01
   3.1494662e-01   2.2988506e-02   7.2413793e-01   6.6666667e-01
   2.8198164e-01   2.2988506e-02   7.2413793e-01   6.6666667e-01
   2.5294999e-01   3.4482759e-02   7.2413793e-01   6.6666667e-01
   2.4161828e-01   3.4482759e-02   7.2413793e-01   5.0000000e-01
   2.3534370e-01   3.4482759e-02   7.2413793e-01   5.0000000e-01
   2.7402135e-01   4.5977011e-02   7.2413793e-01   5.0000000e-01
   3.9155273e-01   4.5977011e-02   7.2413793e-01   5.0000000e-01
   5.2978086e-01   4.5977011e-02   7.2413793e-01   3.3333333e-01
   6.4319161e-01   5.7471264e-02   7.2413793e-01   3.3333333e-01
   7.4555160e-01   5.7471264e-02   7.1264368e-01   3.3333333e-01
   8.5175126e-01   5.7471264e-02   7.1264368e-01   3.3333333e-01
   9.5411126e-01   5.7471264e-02   7.1264368e-01   1.6666667e-01
   1.0000000e+00   5.7471264e-02   7.1264368e-01   1.6666667e-01
   9.7293501e-01   6.8965517e-02   7.0114943e-01   1.6666667e-01
   9.1515265e-01   6.8965517e-02   7.0114943e-01   1.6666667e-01
   8.6327028e-01   6.8965517e-02   6.8965517e-01   1.6666667e-01
   7.9996254e-01   8.0459770e-02   6.8965517e-01   1.6666667e-01
   7.2597865e-01   9.1954023e-02   6.7816092e-01   3.3333333e-01
   6.3710433e-01   9.1954023e-02   6.7816092e-01   3.3333333e-01
   5.3399513e-01   1.0344828e-01   6.7816092e-01   3.3333333e-01
   4.2854467e-01   1.2643678e-01   6.7816092e-01   3.3333333e-01
   3.4332272e-01   1.2643678e-01   6.7816092e-01   3.3333333e-01
   2.7748642e-01   1.3793103e-01   6.7816092e-01   5.0000000e-01
   2.1970406e-01   1.4942529e-01   6.7816092e-01   5.0000000e-01
   1.7203596e-01   1.6091954e-01   6.7816092e-01   3.3333333e-01
   1.4188050e-01   1.6091954e-01   6.7816092e-01   3.3333333e-01
   1.2118374e-01   1.7241379e-01   6.7816092e-01   3.3333333e-01
   1.0929013e-01   1.8390805e-01   6.7816092e-01   3.3333333e-01
   1.1284885e-01   1.9540230e-01   6.7816092e-01   3.3333333e-01
   1.1406630e-01   2.0689655e-01   6.8965517e-01   3.3333333e-01
   1.1996629e-01   2.1839080e-01   6.8965517e-01   3.3333333e-01
   1.3129800e-01   2.2988506e-01   6.8965517e-01   3.3333333e-01
   1.5049635e-01   2.4137931e-01   6.8965517e-01   3.3333333e-01
   1.7100581e-01   2.5287356e-01   6.8965517e-01   3.3333333e-01
   1.9657239e-01   2.6436782e-01   6.8965517e-01   3.3333333e-01
   2.2532309e-01   2.7586207e-01   6.8965517e-01   3.3333333e-01
   2.6006743e-01   2.9885057e-01   6.8965517e-01   3.3333333e-01
   3.2581008e-01   3.1034483e-01   6.8965517e-01   5.0000000e-01
   4.0166698e-01   3.2183908e-01   6.8965517e-01   1.6666667e-01
   4.5495411e-01   3.4482759e-01   6.7816092e-01   1.6666667e-01
   4.5186364e-01   3.5632184e-01   6.7816092e-01   1.6666667e-01
   4.1075108e-01   3.7931034e-01   6.7816092e-01   1.6666667e-01
   3.5914965e-01   4.1379310e-01   6.7816092e-01   1.6666667e-01
   2.9087844e-01   4.2528736e-01   6.6666667e-01   1.6666667e-01
   2.2288818e-01   4.4827586e-01   6.6666667e-01   1.6666667e-01
   1.6978835e-01   4.7126437e-01   6.4367816e-01   1.6666667e-01
   1.2436786e-01   4.8275862e-01   6.3218391e-01   1.6666667e-01
   8.2131485e-02   5.1724138e-01   5.8620690e-01   1.6666667e-01
   4.8604608e-02   5.2083333e-01   5.8692529e-01   0.0000000e+00
   2.1820566e-02   5.2442529e-01   5.8764368e-01   0.0000000e+00
   3.2777674e-03   5.2801724e-01   5.8836207e-01   0.0000000e+00
   0.0000000e+00   5.3160920e-01   5.8908046e-01   0.0000000e+00
   5.6190298e-04   5.3520115e-01   5.8979885e-01   0.0000000e+00
   5.6190298e-04   5.3879310e-01   5.9051724e-01   0.0000000e+00
   5.6190298e-04   5.4238506e-01   5.9123563e-01   0.0000000e+00
   5.6190298e-04   5.4597701e-01   5.9195402e-01   0.0000000e+00
   5.6190298e-04   5.4956897e-01   5.9267241e-01   0.0000000e+00
   5.6190298e-04   5.5316092e-01   5.9339080e-01   0.0000000e+00
   5.6190298e-04   5.5675287e-01   5.9410920e-01   0.0000000e+00
   5.6190298e-04   5.6034483e-01   5.9482759e-01   0.0000000e+00
   3.7460199e-04   5.6393678e-01   5.9554598e-01   0.0000000e+00
   4.6825248e-04   5.6752874e-01   5.9626437e-01   0.0000000e+00
   1.1331710e-02   5.7112069e-01   5.9698276e-01   0.0000000e+00
   4.7199850e-02   5.7471264e-01   5.9770115e-01   1.6666667e-01
   1.0498221e-01   5.4022989e-01   6.2068966e-01   1.6666667e-01
   1.6969470e-01   5.1724138e-01   6.3218391e-01   1.6666667e-01
   2.2045327e-01   5.0574713e-01   6.4367816e-01   1.6666667e-01
   2.5238809e-01   4.9425287e-01   6.5517241e-01   1.6666667e-01
   2.7458326e-01   4.9425287e-01   6.5517241e-01   1.6666667e-01
   2.9125304e-01   4.8275862e-01   6.5517241e-01   1.6666667e-01
   2.9593557e-01   4.8275862e-01   6.5517241e-01   1.6666667e-01
   2.9265780e-01   4.8275862e-01   6.6666667e-01   1.6666667e-01
   2.9181495e-01   4.8275862e-01   6.6666667e-01   1.6666667e-01
   2.9631017e-01   4.8275862e-01   6.6666667e-01   1.6666667e-01
   2.9443716e-01   4.8275862e-01   6.6666667e-01   1.6666667e-01
   2.8076419e-01   4.8275862e-01   6.6666667e-01   1.6666667e-01
   2.6315789e-01   4.9425287e-01   6.7816092e-01   1.6666667e-01
   2.4292939e-01   4.9425287e-01   6.7816092e-01   1.6666667e-01
   2.1736280e-01   5.0574713e-01   6.7816092e-01   1.6666667e-01
   1.8739464e-01   5.1724138e-01   6.7816092e-01   1.6666667e-01
   1.5808204e-01   5.2873563e-01   6.7816092e-01   3.3333333e-01
   1.3354561e-01   5.4022989e-01   6.7816092e-01   3.3333333e-01
   1.0966473e-01   5.5172414e-01   6.7816092e-01   3.3333333e-01
   8.6626709e-02   5.7471264e-01   6.7816092e-01   3.3333333e-01
   6.8739464e-02   6.3218391e-01   6.7816092e-01   1.6666667e-01
   5.7126803e-02   6.3218391e-01   6.7816092e-01   1.6666667e-01
   5.2256977e-02   6.2068966e-01   6.6666667e-01   1.6666667e-01
   5.2350627e-02   6.0919540e-01   6.6666667e-01   1.6666667e-01
   5.4691890e-02   6.0919540e-01   6.4367816e-01   1.6666667e-01
   5.4785540e-02   6.0919540e-01   6.4367816e-01   1.6666667e-01
   5.1695074e-02   6.0919540e-01   6.4367816e-01   1.6666667e-01
   4.9447462e-02   5.9770115e-01   6.4367816e-01   1.6666667e-01
   5.2912530e-02   5.9770115e-01   6.4367816e-01   1.6666667e-01
   6.9488668e-02   5.7471264e-01   6.4367816e-01   1.6666667e-01
   9.8052070e-02   5.6321839e-01   6.3218391e-01   1.6666667e-01
   1.3307736e-01   5.4022989e-01   6.2068966e-01   1.6666667e-01
   1.6557408e-01   5.1724138e-01   6.3218391e-01   1.6666667e-01
   1.9694699e-01   5.0574713e-01   6.3218391e-01   1.6666667e-01
   2.2288818e-01   5.0574713e-01   6.4367816e-01   1.6666667e-01
   2.4283574e-01   4.9425287e-01   6.4367816e-01   1.6666667e-01
   2.5407380e-01   4.9425287e-01   6.4367816e-01   1.6666667e-01
   2.4929762e-01   4.9425287e-01   6.5517241e-01   1.6666667e-01
   2.3908972e-01   4.9425287e-01   6.5517241e-01   1.6666667e-01
   2.2700880e-01   4.9425287e-01   6.6666667e-01   1.6666667e-01
   2.0827870e-01   4.9425287e-01   6.6666667e-01   1.6666667e-01
   1.8664544e-01   4.9425287e-01   6.6666667e-01   3.3333333e-01
   1.6744709e-01   4.9425287e-01   6.6666667e-01   3.3333333e-01
   1.4740588e-01   5.0574713e-01   6.6666667e-01   3.3333333e-01
   1.2661547e-01   5.0574713e-01   6.7816092e-01   3.3333333e-01
   1.1181869e-01   5.1724138e-01   6.7816092e-01   3.3333333e-01
   9.8052070e-02   5.1724138e-01   6.7816092e-01   3.3333333e-01
   8.3723544e-02   5.2873563e-01   6.7816092e-01   3.3333333e-01
   7.3047387e-02   5.4022989e-01   6.7816092e-01   3.3333333e-01
   6.0404570e-02   5.5172414e-01   6.7816092e-01   3.3333333e-01
   4.8979210e-02   6.5517241e-01   6.7816092e-01   1.6666667e-01
   3.9145907e-02   6.5517241e-01   6.7816092e-01   1.6666667e-01
   3.4650684e-02   6.5517241e-01   6.7816092e-01   1.6666667e-01
   3.6242742e-02   6.5517241e-01   6.7816092e-01   1.6666667e-01
   4.3547481e-02   6.4367816e-01   6.7816092e-01   1.6666667e-01
   5.6658550e-02   6.4367816e-01   6.7816092e-01   1.6666667e-01
   7.7823562e-02   6.3218391e-01   6.7816092e-01   1.6666667e-01
   1.1959168e-01   5.5172414e-01   6.7816092e-01   3.3333333e-01
   1.8065181e-01   5.2873563e-01   6.7816092e-01   3.3333333e-01
   2.4068178e-01   5.0574713e-01   6.7816092e-01   1.6666667e-01
   2.8263720e-01   5.0574713e-01   6.7816092e-01   1.6666667e-01
   3.0249110e-01   4.9425287e-01   6.7816092e-01   1.6666667e-01
   3.0839108e-01   4.9425287e-01   6.7816092e-01   1.6666667e-01
   3.0895299e-01   4.9425287e-01   6.7816092e-01   1.6666667e-01
   3.0651807e-01   4.9425287e-01   6.7816092e-01   1.6666667e-01
   3.0342761e-01   4.9425287e-01   6.7816092e-01   1.6666667e-01
   3.0061809e-01   4.9425287e-01   6.7816092e-01   1.6666667e-01
   3.0033714e-01   4.9425287e-01   6.6666667e-01   1.6666667e-01
   3.0080539e-01   4.9425287e-01   6.6666667e-01   1.6666667e-01
   2.9902603e-01   4.9425287e-01   6.6666667e-01   1.6666667e-01
   2.9256415e-01   4.9425287e-01   6.6666667e-01   1.6666667e-01
   2.7617531e-01   4.9425287e-01   6.7816092e-01   1.6666667e-01
   2.5510395e-01   5.0574713e-01   6.7816092e-01   1.6666667e-01
   2.3805956e-01   5.0574713e-01   6.7816092e-01   1.6666667e-01
   2.2185803e-01   5.0574713e-01   6.7816092e-01   1.6666667e-01
   2.0340888e-01   5.1724138e-01   6.7816092e-01   1.6666667e-01
   1.7896610e-01   5.2873563e-01   6.7816092e-01   1.6666667e-01
   1.5808204e-01   5.4022989e-01   6.6666667e-01   1.6666667e-01
   1.4515827e-01   5.5172414e-01   6.6666667e-01   1.6666667e-01
   1.3363926e-01   5.6321839e-01   6.6666667e-01   1.6666667e-01
   1.2792658e-01   5.7471264e-01   6.6666667e-01   1.6666667e-01
   1.2820753e-01   5.7471264e-01   6.6666667e-01   1.6666667e-01
   1.3073609e-01   5.7471264e-01   6.6666667e-01   1.6666667e-01
   1.3073609e-01   5.7471264e-01   6.5517241e-01   1.6666667e-01
   1.2764563e-01   5.6321839e-01   6.5517241e-01   1.6666667e-01
   1.2708372e-01   5.6321839e-01   6.5517241e-01   1.6666667e-01
   1.2652182e-01   5.5172414e-01   6.4367816e-01   1.6666667e-01
   1.2249485e-01   5.5172414e-01   6.4367816e-01   1.6666667e-01
   1.1987264e-01   5.4022989e-01   6.3218391e-01   1.6666667e-01
   1.1874883e-01   5.4022989e-01   6.2068966e-01   1.6666667e-01
   1.1846788e-01   5.4022989e-01   6.2068966e-01   1.6666667e-01
   1.1856153e-01   5.2873563e-01   6.0919540e-01   1.6666667e-01
   1.1565836e-01   5.2873563e-01   5.9770115e-01   1.6666667e-01
   1.1331710e-01   5.2873563e-01   5.9770115e-01   1.6666667e-01
   1.2343135e-01   5.2873563e-01   5.9770115e-01   1.6666667e-01
   1.5499157e-01   5.2873563e-01   6.8965517e-01   3.3333333e-01
   2.0097397e-01   5.2873563e-01   7.0114943e-01   3.3333333e-01
   2.4836112e-01   5.2873563e-01   7.0114943e-01   1.6666667e-01
   2.8160704e-01   5.2873563e-01   7.0114943e-01   1.6666667e-01
   2.9284510e-01   5.2873563e-01   7.1264368e-01   1.6666667e-01
   2.8628957e-01   5.2873563e-01   7.1264368e-01   1.6666667e-01
   2.7861023e-01   5.4022989e-01   7.1264368e-01   1.6666667e-01
   2.6465630e-01   5.4022989e-01   7.1264368e-01   1.6666667e-01
   2.4274209e-01   5.5172414e-01   7.1264368e-01   1.6666667e-01
   2.1979771e-01   5.6321839e-01   7.1264368e-01   1.6666667e-01
   1.9872635e-01   5.6321839e-01   7.1264368e-01   1.6666667e-01
   1.8130736e-01   5.7471264e-01   7.0114943e-01   1.6666667e-01
   1.6510583e-01   5.7471264e-01   6.8965517e-01   1.6666667e-01
   1.5021540e-01   5.6321839e-01   6.6666667e-01   1.6666667e-01
   1.3682338e-01   5.6321839e-01   6.6666667e-01   1.6666667e-01
   1.2783293e-01   5.6321839e-01   6.5517241e-01   1.6666667e-01
   1.2221390e-01   5.6321839e-01   6.5517241e-01   1.6666667e-01
   1.1931073e-01   5.6321839e-01   6.3218391e-01   1.6666667e-01
   1.1509646e-01   5.5172414e-01   6.2068966e-01   1.6666667e-01
   1.1266155e-01   5.5172414e-01   6.2068966e-01   1.6666667e-01
   1.2418056e-01   5.6321839e-01   6.7816092e-01   3.3333333e-01
   1.5723918e-01   5.6321839e-01   6.8965517e-01   1.6666667e-01
   2.0162952e-01   5.6321839e-01   7.0114943e-01   1.6666667e-01
   2.3084847e-01   5.6321839e-01   7.1264368e-01   1.6666667e-01
   2.3553100e-01   5.7471264e-01   7.1264368e-01   1.6666667e-01
   2.3468814e-01   5.7471264e-01   7.2413793e-01   1.6666667e-01
   2.2850721e-01   5.8620690e-01   7.2413793e-01   1.6666667e-01
   2.2092152e-01   5.8620690e-01   7.2413793e-01   1.6666667e-01
   2.1127552e-01   5.8620690e-01   7.2413793e-01   1.6666667e-01
   1.9853905e-01   5.8620690e-01   7.2413793e-01   1.6666667e-01
   1.8093276e-01   5.8620690e-01   7.2413793e-01   1.6666667e-01
   1.6342012e-01   5.8620690e-01   7.1264368e-01   1.6666667e-01
   1.5227571e-01   5.7471264e-01   7.0114943e-01   1.6666667e-01
   1.4478367e-01   5.7471264e-01   6.7816092e-01   1.6666667e-01
   1.3663607e-01   5.7471264e-01   6.6666667e-01   1.6666667e-01
   1.3251545e-01   5.7471264e-01   6.5517241e-01   1.6666667e-01
   1.3832178e-01   5.8620690e-01   6.6666667e-01   1.6666667e-01
   1.4328526e-01   5.8620690e-01   6.7816092e-01   1.6666667e-01
   1.4038209e-01   5.8620690e-01   6.7816092e-01   1.6666667e-01
   1.2970594e-01   5.9770115e-01   6.8965517e-01   1.6666667e-01
   1.1715677e-01   5.9770115e-01   6.8965517e-01   1.6666667e-01
   1.0423300e-01   6.2068966e-01   7.0114943e-01   1.6666667e-01
   9.2058438e-02   6.3218391e-01   7.0114943e-01   1.6666667e-01
   8.2225136e-02   6.5517241e-01   7.0114943e-01   1.6666667e-01
   7.3983892e-02   6.6666667e-01   7.1264368e-01   1.6666667e-01
   7.1642630e-02   6.6666667e-01   7.1264368e-01   1.6666667e-01
   7.1455329e-02   6.6666667e-01   7.1264368e-01   1.6666667e-01
   7.1923581e-02   6.6666667e-01   7.1264368e-01   1.6666667e-01
   7.2391834e-02   6.6666667e-01   7.1264368e-01   1.6666667e-01
   7.3141038e-02   6.6666667e-01   7.1264368e-01   1.6666667e-01
   7.4545795e-02   6.6666667e-01   7.1264368e-01   1.6666667e-01
   7.8010863e-02   6.5517241e-01   7.1264368e-01   1.6666667e-01
   1.0067428e-01   6.5517241e-01   7.1264368e-01   1.6666667e-01
   1.9994381e-01   2.6436782e-01   7.1264368e-01   3.3333333e-01
   3.6224012e-01   1.8390805e-01   7.0114943e-01   3.3333333e-01
   5.3118562e-01   1.7241379e-01   7.0114943e-01   3.3333333e-01
   6.6304551e-01   1.6091954e-01   7.0114943e-01   3.3333333e-01
   7.6868327e-01   1.6091954e-01   6.8965517e-01   3.3333333e-01
   8.3639258e-01   1.4942529e-01   6.8965517e-01   1.6666667e-01
   8.5596554e-01   1.4942529e-01   6.8965517e-01   1.6666667e-01
   8.0736093e-01   1.4942529e-01   6.7816092e-01   1.6666667e-01
   7.3009927e-01   1.4942529e-01   6.7816092e-01   1.6666667e-01
   6.6866454e-01   1.4942529e-01   6.6666667e-01   1.6666667e-01
   6.1144409e-01   1.4942529e-01   6.6666667e-01   1.6666667e-01
   5.6031092e-01   1.4942529e-01   6.6666667e-01   3.3333333e-01
   5.4017606e-01   1.6091954e-01   6.6666667e-01   3.3333333e-01
   5.5815696e-01   1.6091954e-01   6.7816092e-01   3.3333333e-01
   6.0348380e-01   1.6091954e-01   6.7816092e-01   3.3333333e-01
   6.6875819e-01   1.7241379e-01   6.7816092e-01   3.3333333e-01
   7.1717550e-01   1.8390805e-01   6.8965517e-01   1.6666667e-01
   7.2429294e-01   1.8390805e-01   6.8965517e-01   1.6666667e-01
   6.8018355e-01   1.9540230e-01   6.8965517e-01   1.6666667e-01
   6.1622027e-01   2.0689655e-01   6.8965517e-01   3.3333333e-01
   5.5188237e-01   2.2988506e-01   7.0114943e-01   3.3333333e-01
   4.8361116e-01   2.4137931e-01   7.0114943e-01   3.3333333e-01
   4.2330024e-01   2.6436782e-01   7.0114943e-01   3.3333333e-01
   3.9108447e-01   2.9885057e-01   7.0114943e-01   3.3333333e-01
   3.7610039e-01   3.2183908e-01   7.0114943e-01   5.0000000e-01
   3.5821315e-01   3.5632184e-01   7.0114943e-01   3.3333333e-01
   3.3264656e-01   5.2873563e-01   7.0114943e-01   1.6666667e-01
   3.0024349e-01   5.2873563e-01   7.0114943e-01   1.6666667e-01
   2.6231504e-01   5.2873563e-01   7.0114943e-01   1.6666667e-01
   2.3609290e-01   5.4022989e-01   7.0114943e-01   1.6666667e-01
   2.0706125e-01   5.5172414e-01   7.0114943e-01   1.6666667e-01
   1.7550103e-01   5.5172414e-01   6.8965517e-01   1.6666667e-01
   1.5162015e-01   5.6321839e-01   6.8965517e-01   1.6666667e-01
   1.3111069e-01   5.7471264e-01   6.8965517e-01   1.6666667e-01
   1.1209964e-01   5.8620690e-01   6.5517241e-01   1.6666667e-01
   9.6647312e-02   5.8620690e-01   6.4367816e-01   1.6666667e-01
   8.9623525e-02   5.8620690e-01   6.4367816e-01   1.6666667e-01
   8.9342574e-02   5.8620690e-01   6.4367816e-01   1.6666667e-01
   9.1402884e-02   5.8620690e-01   6.4367816e-01   1.6666667e-01
   9.8894924e-02   5.8620690e-01   6.4367816e-01   1.6666667e-01
   1.1369170e-01   5.7471264e-01   6.4367816e-01   1.6666667e-01
   1.3335831e-01   5.6321839e-01   6.4367816e-01   1.6666667e-01
   1.5667728e-01   5.5172414e-01   6.4367816e-01   1.6666667e-01
   1.8355497e-01   5.2873563e-01   6.4367816e-01   1.6666667e-01
   2.1146282e-01   5.1724138e-01   6.5517241e-01   1.6666667e-01
   2.3628020e-01   5.0574713e-01   6.5517241e-01   1.6666667e-01
   2.5107698e-01   5.0574713e-01   6.5517241e-01   1.6666667e-01
   2.5529125e-01   5.0574713e-01   6.5517241e-01   1.6666667e-01
   2.5248174e-01   5.0574713e-01   6.6666667e-01   1.6666667e-01
   2.4939127e-01   5.0574713e-01   6.6666667e-01   1.6666667e-01
   2.4892302e-01   5.0574713e-01   6.6666667e-01   1.6666667e-01
   2.4667541e-01   5.0574713e-01   6.7816092e-01   1.6666667e-01
   2.4030717e-01   5.0574713e-01   6.7816092e-01   1.6666667e-01
   2.2635325e-01   5.1724138e-01   6.7816092e-01   1.6666667e-01
   2.0603109e-01   5.2873563e-01   6.7816092e-01   1.6666667e-01
   1.8046451e-01   5.2873563e-01   6.7816092e-01   1.6666667e-01
   1.5471062e-01   5.4022989e-01   6.8965517e-01   1.6666667e-01
   1.3363926e-01   5.5172414e-01   6.8965517e-01   1.6666667e-01
   1.1846788e-01   5.6321839e-01   6.8965517e-01   3.3333333e-01
   1.0385840e-01   5.7471264e-01   6.8965517e-01   3.3333333e-01
   9.3556846e-02   6.3218391e-01   6.8965517e-01   1.6666667e-01
   9.2620341e-02   6.2068966e-01   6.7816092e-01   1.6666667e-01
   1.0142349e-01   6.0919540e-01   6.7816092e-01   1.6666667e-01
   1.2212025e-01   5.8620690e-01   6.7816092e-01   1.6666667e-01
   1.5059000e-01   5.6321839e-01   6.7816092e-01   1.6666667e-01
   1.7418992e-01   5.6321839e-01   6.6666667e-01   1.6666667e-01
   1.8580258e-01   5.5172414e-01   6.6666667e-01   1.6666667e-01
   1.8627084e-01   5.5172414e-01   6.6666667e-01   1.6666667e-01
   1.8177561e-01   5.4022989e-01   6.6666667e-01   1.6666667e-01
   1.7475183e-01   5.4022989e-01   6.6666667e-01   1.6666667e-01
   1.7072485e-01   5.4022989e-01   6.5517241e-01   1.6666667e-01
   1.6932010e-01   5.4022989e-01   6.5517241e-01   1.6666667e-01
   1.7269152e-01   5.4022989e-01   6.4367816e-01   1.6666667e-01
   1.7802959e-01   5.4022989e-01   6.4367816e-01   1.6666667e-01
   1.8505338e-01   5.4022989e-01   6.5517241e-01   1.6666667e-01
   1.9095336e-01   5.5172414e-01   6.6666667e-01   1.6666667e-01
   1.8898670e-01   5.5172414e-01   6.6666667e-01   1.6666667e-01
   1.8224387e-01   5.6321839e-01   6.7816092e-01   1.6666667e-01
   1.6791534e-01   5.7471264e-01   6.7816092e-01   1.6666667e-01
   1.5002810e-01   5.7471264e-01   6.8965517e-01   1.6666667e-01
   1.3326466e-01   5.9770115e-01   6.8965517e-01   1.6666667e-01
   1.1846788e-01   6.0919540e-01   7.0114943e-01   1.6666667e-01
   1.0376475e-01   6.3218391e-01   7.0114943e-01   1.6666667e-01
   9.2620341e-02   6.5517241e-01   7.0114943e-01   1.6666667e-01
   8.7282263e-02   6.6666667e-01   7.0114943e-01   1.6666667e-01
   8.3723544e-02   6.6666667e-01   7.1264368e-01   1.6666667e-01
   8.2880689e-02   6.6666667e-01   7.1264368e-01   1.6666667e-01
   8.2974340e-02   6.6666667e-01   7.1264368e-01   1.6666667e-01
   8.1475932e-02   6.6666667e-01   7.1264368e-01   1.6666667e-01
   8.1756883e-02   6.6666667e-01   7.1264368e-01   1.6666667e-01
   8.2599738e-02   6.6666667e-01   7.1264368e-01   1.6666667e-01
   8.2880689e-02   6.5517241e-01   7.1264368e-01   1.6666667e-01
   8.7844166e-02   6.4367816e-01   7.1264368e-01   1.6666667e-01
   9.2994943e-02   6.4367816e-01   7.1264368e-01   1.6666667e-01
   9.3650496e-02   6.4367816e-01   7.1264368e-01   1.6666667e-01
   9.2058438e-02   6.3218391e-01   6.8965517e-01   1.6666667e-01
   9.0560030e-02   6.3218391e-01   6.8965517e-01   1.6666667e-01
   9.3463195e-02   6.2068966e-01   6.7816092e-01   1.6666667e-01
   9.7677468e-02   6.2068966e-01   6.7816092e-01   1.6666667e-01
   1.0142349e-01   6.0919540e-01   6.7816092e-01   1.6666667e-01
   1.0666792e-01   5.9770115e-01   6.6666667e-01   1.6666667e-01
   1.0797902e-01   5.9770115e-01   6.6666667e-01   1.6666667e-01
   1.0142349e-01   5.9770115e-01   6.6666667e-01   1.6666667e-01
   9.2901292e-02   5.8620690e-01   6.5517241e-01   1.6666667e-01
   8.4004495e-02   5.8620690e-01   6.5517241e-01   1.6666667e-01
   7.5388650e-02   5.8620690e-01   6.4367816e-01   1.6666667e-01
   6.4899794e-02   5.9770115e-01   6.4367816e-01   1.6666667e-01
   5.0383967e-02   5.9770115e-01   6.2068966e-01   1.6666667e-01
   3.6149092e-02   5.9770115e-01   6.2068966e-01   0.0000000e+00
