   2.2300000e+02
   5.0884956e-02   5.7692308e-01   6.1538462e-01   1.6666667e-01
   1.5265487e-01   5.0000000e-01   6.5384615e-01   1.6666667e-01
   2.2372788e-01   4.6153846e-01   6.5384615e-01   1.6666667e-01
   2.7295354e-01   4.6153846e-01   6.5384615e-01   1.6666667e-01
   2.8152655e-01   4.2307692e-01   6.5384615e-01   1.6666667e-01
   2.9286504e-01   4.2307692e-01   6.5384615e-01   1.6666667e-01
   2.9839602e-01   3.8461538e-01   6.5384615e-01   1.6666667e-01
   2.9728982e-01   3.4615385e-01   6.1538462e-01   1.6666667e-01
   3.0724558e-01   3.0769231e-01   6.1538462e-01   1.6666667e-01
   3.1084071e-01   3.0769231e-01   5.7692308e-01   1.6666667e-01
   2.9646018e-01   3.0769231e-01   5.3846154e-01   1.6666667e-01
   2.8788717e-01   2.6923077e-01   5.0000000e-01   1.6666667e-01
   2.8539823e-01   2.6923077e-01   4.6153846e-01   1.6666667e-01
   2.7931416e-01   2.6923077e-01   4.6153846e-01   1.6666667e-01
   2.7793142e-01   2.3076923e-01   4.6153846e-01   1.6666667e-01
   2.7737832e-01   2.3076923e-01   4.2307692e-01   1.6666667e-01
   2.7405973e-01   2.3076923e-01   4.2307692e-01   1.6666667e-01
   2.6161504e-01   1.9230769e-01   4.2307692e-01   1.6666667e-01
   2.5829646e-01   1.9230769e-01   3.8461538e-01   1.6666667e-01
   2.4751106e-01   1.9230769e-01   3.8461538e-01   1.6666667e-01
   2.4723451e-01   1.9230769e-01   3.8461538e-01   1.6666667e-01
   2.3589602e-01   1.9230769e-01   3.4615385e-01   1.6666667e-01
   2.4004425e-01   1.5384615e-01   3.4615385e-01   1.6666667e-01
   2.5221239e-01   1.5384615e-01   3.4615385e-01   1.6666667e-01
   4.3141593e-01   1.5384615e-01   7.3076923e-01   3.3333333e-01
   7.3561947e-01   1.5384615e-01   8.0769231e-01   1.6666667e-01
   9.4994469e-01   1.5384615e-01   8.0769231e-01   1.6666667e-01
   1.0000000e+00   1.5384615e-01   8.4615385e-01   1.6666667e-01
   9.8589602e-01   1.9230769e-01   8.4615385e-01   1.6666667e-01
   9.4773230e-01   1.9230769e-01   8.4615385e-01   1.6666667e-01
   8.9850664e-01   2.3076923e-01   8.4615385e-01   1.6666667e-01
   8.1609513e-01   2.3076923e-01   8.4615385e-01   1.6666667e-01
   7.2649336e-01   2.6923077e-01   8.4615385e-01   1.6666667e-01
   6.3053097e-01   3.4615385e-01   8.4615385e-01   1.6666667e-01
   5.5309735e-01   3.8461538e-01   8.0769231e-01   1.6666667e-01
   4.9198009e-01   3.8461538e-01   7.6923077e-01   1.6666667e-01
   4.3556416e-01   3.8461538e-01   6.9230769e-01   1.6666667e-01
   3.7665929e-01   3.4615385e-01   6.5384615e-01   1.6666667e-01
   3.4928097e-01   3.4615385e-01   6.1538462e-01   1.6666667e-01
   3.1720133e-01   3.0769231e-01   5.7692308e-01   1.6666667e-01
   2.9231195e-01   3.0769231e-01   5.7692308e-01   1.6666667e-01
   2.5801991e-01   3.0769231e-01   5.3846154e-01   1.6666667e-01
   2.4585177e-01   2.6923077e-01   5.0000000e-01   1.6666667e-01
   2.2815265e-01   2.6923077e-01   4.6153846e-01   1.6666667e-01
   2.1017699e-01   2.3076923e-01   4.2307692e-01   1.6666667e-01
   2.1930310e-01   2.3076923e-01   4.2307692e-01   1.6666667e-01
   2.0851770e-01   1.9230769e-01   3.8461538e-01   1.6666667e-01
   2.0879425e-01   1.9230769e-01   3.8461538e-01   1.6666667e-01
   2.0685841e-01   1.9230769e-01   3.4615385e-01   1.6666667e-01
   2.0381637e-01   1.9230769e-01   3.4615385e-01   1.6666667e-01
   1.9662611e-01   1.9230769e-01   3.0769231e-01   1.6666667e-01
   1.9386062e-01   1.9230769e-01   3.0769231e-01   1.6666667e-01
   1.9081858e-01   1.9230769e-01   3.0769231e-01   1.6666667e-01
   3.3379425e-01   1.9230769e-01   6.5384615e-01   3.3333333e-01
   5.5890487e-01   1.9230769e-01   6.9230769e-01   1.6666667e-01
   7.2815265e-01   1.9230769e-01   6.9230769e-01   1.6666667e-01
   7.6272124e-01   1.9230769e-01   7.3076923e-01   1.6666667e-01
   7.5110619e-01   2.3076923e-01   7.3076923e-01   1.6666667e-01
   7.2953540e-01   2.3076923e-01   7.3076923e-01   1.6666667e-01
   6.9745575e-01   2.6923077e-01   7.3076923e-01   1.6666667e-01
   6.4076327e-01   2.6923077e-01   7.6923077e-01   1.6666667e-01
   5.8600664e-01   3.0769231e-01   7.3076923e-01   1.6666667e-01
   5.2848451e-01   3.0769231e-01   7.3076923e-01   1.6666667e-01
   4.8478982e-01   3.0769231e-01   6.9230769e-01   1.6666667e-01
   4.5741150e-01   3.0769231e-01   6.5384615e-01   1.6666667e-01
   4.4247788e-01   2.6923077e-01   6.1538462e-01   1.6666667e-01
   4.3390487e-01   2.6923077e-01   5.7692308e-01   1.6666667e-01
   4.0929204e-01   2.3076923e-01   5.3846154e-01   1.6666667e-01
   3.9159292e-01   2.3076923e-01   5.3846154e-01   1.6666667e-01
   3.7140487e-01   2.3076923e-01   5.0000000e-01   1.6666667e-01
   3.4568584e-01   1.9230769e-01   4.6153846e-01   1.6666667e-01
   3.3047566e-01   1.9230769e-01   4.2307692e-01   1.6666667e-01
   3.1001106e-01   1.9230769e-01   4.2307692e-01   1.6666667e-01
   3.0669248e-01   1.9230769e-01   3.8461538e-01   1.6666667e-01
   3.3573009e-01   1.9230769e-01   4.2307692e-01   1.6666667e-01
   4.1454646e-01   1.9230769e-01   5.0000000e-01   1.6666667e-01
   4.9778761e-01   1.9230769e-01   5.3846154e-01   1.6666667e-01
   5.4120575e-01   1.9230769e-01   5.7692308e-01   1.6666667e-01
   5.5558628e-01   1.9230769e-01   6.1538462e-01   1.6666667e-01
   5.3622788e-01   2.3076923e-01   6.1538462e-01   1.6666667e-01
   4.9585177e-01   2.6923077e-01   6.5384615e-01   1.6666667e-01
   4.3196903e-01   3.0769231e-01   6.5384615e-01   1.6666667e-01
   3.7334071e-01   3.8461538e-01   6.9230769e-01   1.6666667e-01
   3.1084071e-01   4.2307692e-01   6.9230769e-01   1.6666667e-01
   2.6382743e-01   5.0000000e-01   6.9230769e-01   1.6666667e-01
   2.2870575e-01   5.3846154e-01   6.9230769e-01   1.6666667e-01
   2.1487832e-01   5.7692308e-01   7.3076923e-01   1.6666667e-01
   2.1238938e-01   5.7692308e-01   7.3076923e-01   1.6666667e-01
   2.0298673e-01   5.7692308e-01   7.3076923e-01   1.6666667e-01
   2.0271018e-01   5.7692308e-01   7.3076923e-01   1.6666667e-01
   1.9828540e-01   5.3846154e-01   7.3076923e-01   1.6666667e-01
   1.8252212e-01   5.3846154e-01   6.9230769e-01   1.6666667e-01
   1.7920354e-01   5.3846154e-01   6.9230769e-01   1.6666667e-01
   1.6648230e-01   5.3846154e-01   6.5384615e-01   1.6666667e-01
   1.7284292e-01   5.0000000e-01   6.5384615e-01   1.6666667e-01
   1.8722345e-01   5.0000000e-01   6.5384615e-01   1.6666667e-01
   1.8141593e-01   5.0000000e-01   6.5384615e-01   1.6666667e-01
   1.6178097e-01   4.6153846e-01   6.1538462e-01   1.6666667e-01
   1.6012168e-01   4.6153846e-01   6.1538462e-01   1.6666667e-01
   1.3855088e-01   4.6153846e-01   6.1538462e-01   1.6666667e-01
   1.2776549e-01   4.6153846e-01   5.7692308e-01   1.6666667e-01
   1.1974558e-01   4.2307692e-01   5.7692308e-01   1.6666667e-01
   1.2002212e-01   4.2307692e-01   5.3846154e-01   1.6666667e-01
   1.2085177e-01   4.2307692e-01   5.3846154e-01   1.6666667e-01
   1.1006637e-01   3.8461538e-01   5.0000000e-01   1.6666667e-01
   1.1504425e-01   3.8461538e-01   5.0000000e-01   1.6666667e-01
   1.0619469e-01   3.8461538e-01   5.0000000e-01   1.6666667e-01
   8.8219027e-02   3.8461538e-01   5.0000000e-01   1.6666667e-01
   7.6327434e-02   3.8461538e-01   4.6153846e-01   1.6666667e-01
   6.7754425e-02   3.8461538e-01   4.2307692e-01   1.6666667e-01
   9.4856195e-02   3.8461538e-01   4.6153846e-01   1.6666667e-01
   1.9717920e-01   3.4615385e-01   5.3846154e-01   1.6666667e-01
   3.4402655e-01   3.4615385e-01   5.7692308e-01   1.6666667e-01
   4.5879425e-01   3.0769231e-01   6.1538462e-01   1.6666667e-01
   5.5448009e-01   2.6923077e-01   6.5384615e-01   1.6666667e-01
   6.3467920e-01   2.3076923e-01   6.5384615e-01   1.6666667e-01
   6.9690265e-01   2.3076923e-01   6.9230769e-01   1.6666667e-01
   7.0741150e-01   2.3076923e-01   6.9230769e-01   1.6666667e-01
   6.8196903e-01   1.9230769e-01   7.3076923e-01   1.6666667e-01
   6.4352876e-01   1.9230769e-01   7.3076923e-01   1.6666667e-01
   6.0259956e-01   1.9230769e-01   7.3076923e-01   1.6666667e-01
   5.6498894e-01   1.9230769e-01   7.6923077e-01   3.3333333e-01
   5.5143805e-01   1.9230769e-01   7.6923077e-01   3.3333333e-01
   5.7411504e-01   1.9230769e-01   7.6923077e-01   3.3333333e-01
   6.2500000e-01   2.3076923e-01   7.6923077e-01   3.3333333e-01
   7.0049779e-01   2.3076923e-01   7.6923077e-01   1.6666667e-01
   7.4557522e-01   2.3076923e-01   7.6923077e-01   1.6666667e-01
   7.3589602e-01   2.6923077e-01   7.6923077e-01   1.6666667e-01
   6.8722345e-01   2.6923077e-01   7.6923077e-01   1.6666667e-01
   6.0813053e-01   2.6923077e-01   7.6923077e-01   1.6666667e-01
   5.1465708e-01   2.6923077e-01   6.9230769e-01   1.6666667e-01
   4.3722345e-01   2.6923077e-01   6.5384615e-01   1.6666667e-01
   3.6504425e-01   2.6923077e-01   6.1538462e-01   1.6666667e-01
   3.0199115e-01   2.3076923e-01   4.6153846e-01   1.6666667e-01
   2.6548673e-01   2.3076923e-01   3.8461538e-01   1.6666667e-01
   2.4004425e-01   1.9230769e-01   3.8461538e-01   1.6666667e-01
   2.5414823e-01   1.9230769e-01   3.8461538e-01   1.6666667e-01
   2.6216814e-01   1.9230769e-01   3.8461538e-01   1.6666667e-01
   2.6742257e-01   1.9230769e-01   3.8461538e-01   1.6666667e-01
   2.6797566e-01   1.9230769e-01   3.4615385e-01   1.6666667e-01
   2.6216814e-01   1.5384615e-01   3.4615385e-01   1.6666667e-01
   2.5608407e-01   1.5384615e-01   3.4615385e-01   1.6666667e-01
   2.5525442e-01   1.5384615e-01   3.4615385e-01   1.6666667e-01
   2.6769912e-01   1.5384615e-01   3.4615385e-01   1.6666667e-01
   3.0392699e-01   1.5384615e-01   3.8461538e-01   1.6666667e-01
   3.7444690e-01   1.5384615e-01   4.2307692e-01   1.6666667e-01
   4.3584071e-01   1.5384615e-01   4.6153846e-01   1.6666667e-01
   4.8064159e-01   1.9230769e-01   5.0000000e-01   1.6666667e-01
   4.9115044e-01   1.9230769e-01   5.3846154e-01   1.6666667e-01
   4.9502212e-01   2.3076923e-01   5.7692308e-01   1.6666667e-01
   4.5436947e-01   2.3076923e-01   5.7692308e-01   1.6666667e-01
   4.1841814e-01   2.6923077e-01   6.1538462e-01   1.6666667e-01
   3.5785398e-01   3.0769231e-01   6.1538462e-01   1.6666667e-01
   2.9424779e-01   3.8461538e-01   6.1538462e-01   1.6666667e-01
   2.4446903e-01   4.6153846e-01   6.5384615e-01   1.6666667e-01
   2.0436947e-01   5.0000000e-01   6.5384615e-01   1.6666667e-01
   1.9303097e-01   5.3846154e-01   6.5384615e-01   1.6666667e-01
   1.8445796e-01   5.3846154e-01   6.5384615e-01   1.6666667e-01
   1.7616150e-01   5.3846154e-01   6.9230769e-01   1.6666667e-01
   1.7782080e-01   5.7692308e-01   6.9230769e-01   1.6666667e-01
   1.8501106e-01   5.7692308e-01   6.9230769e-01   1.6666667e-01
   1.8252212e-01   5.7692308e-01   6.9230769e-01   1.6666667e-01
   1.7643805e-01   5.7692308e-01   6.9230769e-01   1.6666667e-01
   1.7228982e-01   5.7692308e-01   6.9230769e-01   1.6666667e-01
   1.7063053e-01   5.7692308e-01   6.9230769e-01   1.6666667e-01
   1.6869469e-01   5.7692308e-01   6.9230769e-01   1.6666667e-01
   1.6620575e-01   5.7692308e-01   6.9230769e-01   1.6666667e-01
   1.6178097e-01   5.7692308e-01   6.9230769e-01   1.6666667e-01
   1.5569690e-01   5.7692308e-01   6.9230769e-01   1.6666667e-01
   1.5486726e-01   5.3846154e-01   6.9230769e-01   1.6666667e-01
   1.6980088e-01   5.3846154e-01   6.9230769e-01   1.6666667e-01
   1.9441372e-01   5.0000000e-01   6.9230769e-01   1.6666667e-01
   2.4059735e-01   5.0000000e-01   6.5384615e-01   1.6666667e-01
   3.7555310e-01   2.6923077e-01   6.5384615e-01   3.3333333e-01
   5.6858407e-01   1.5384615e-01   6.5384615e-01   1.6666667e-01
   7.0215708e-01   1.1538462e-01   6.5384615e-01   1.6666667e-01
   7.4032080e-01   1.1538462e-01   6.1538462e-01   1.6666667e-01
   7.3810841e-01   1.1538462e-01   6.1538462e-01   1.6666667e-01
   7.1017699e-01   7.6923077e-02   6.1538462e-01   1.6666667e-01
   6.6648230e-01   7.6923077e-02   6.1538462e-01   1.6666667e-01
   6.1200221e-01   7.6923077e-02   6.1538462e-01   1.6666667e-01
   5.4369469e-01   1.1538462e-01   6.1538462e-01   3.3333333e-01
   4.7981195e-01   1.1538462e-01   6.5384615e-01   3.3333333e-01
   4.4579646e-01   4.2307692e-01   6.5384615e-01   1.6666667e-01
   4.2035398e-01   3.8461538e-02   6.5384615e-01   3.3333333e-01
   4.2201327e-01   0.0000000e+00   6.5384615e-01   3.3333333e-01
   4.4469027e-01   0.0000000e+00   6.5384615e-01   3.3333333e-01
   5.0967920e-01   0.0000000e+00   6.5384615e-01   3.3333333e-01
   5.5060841e-01   0.0000000e+00   6.5384615e-01   3.3333333e-01
   5.9319690e-01   0.0000000e+00   6.5384615e-01   3.3333333e-01
   6.4242257e-01   0.0000000e+00   6.5384615e-01   3.3333333e-01
   6.8888274e-01   0.0000000e+00   6.5384615e-01   3.3333333e-01
   7.4391593e-01   3.8461538e-02   6.9230769e-01   1.6666667e-01
   7.6189159e-01   3.8461538e-02   6.9230769e-01   1.6666667e-01
   7.2096239e-01   3.8461538e-02   6.9230769e-01   1.6666667e-01
   6.4795354e-01   7.6923077e-02   6.9230769e-01   1.6666667e-01
   5.6581858e-01   1.1538462e-01   6.9230769e-01   3.3333333e-01
   4.8064159e-01   1.5384615e-01   6.9230769e-01   3.3333333e-01
   3.9048673e-01   1.9230769e-01   6.9230769e-01   3.3333333e-01
   3.0171460e-01   5.3846154e-01   6.9230769e-01   1.6666667e-01
   2.2262168e-01   5.3846154e-01   6.9230769e-01   1.6666667e-01
   2.1930310e-01   5.3846154e-01   6.9230769e-01   1.6666667e-01
   2.1985619e-01   5.3846154e-01   6.9230769e-01   1.6666667e-01
   2.2262168e-01   5.3846154e-01   6.9230769e-01   1.6666667e-01
   2.1598451e-01   5.3846154e-01   6.9230769e-01   1.6666667e-01
   2.1709071e-01   5.0000000e-01   6.9230769e-01   1.6666667e-01
   2.1930310e-01   5.0000000e-01   6.9230769e-01   1.6666667e-01
   2.2815265e-01   5.0000000e-01   6.9230769e-01   1.6666667e-01
   2.2483407e-01   5.0000000e-01   6.5384615e-01   1.6666667e-01
   2.1404867e-01   5.0000000e-01   6.5384615e-01   1.6666667e-01
   2.0049779e-01   4.6153846e-01   6.5384615e-01   1.6666667e-01
   1.9247788e-01   4.6153846e-01   6.5384615e-01   1.6666667e-01
   1.8196903e-01   4.6153846e-01   6.1538462e-01   1.6666667e-01
   1.6758850e-01   4.6153846e-01   6.1538462e-01   1.6666667e-01
   1.5237832e-01   4.6153846e-01   5.7692308e-01   1.6666667e-01
   1.4325221e-01   4.2307692e-01   5.7692308e-01   1.6666667e-01
   1.3357301e-01   4.2307692e-01   5.3846154e-01   1.6666667e-01
   1.4518805e-01   3.8461538e-01   5.3846154e-01   1.6666667e-01
   1.4269912e-01   3.8461538e-01   5.3846154e-01   1.6666667e-01
   1.2334071e-01   3.8461538e-01   5.0000000e-01   1.6666667e-01
   9.3473451e-02   3.8461538e-01   4.6153846e-01   1.6666667e-01
   4.1482301e-02   4.2307692e-01   4.6153846e-01   1.6666667e-01
   0.0000000e+00   4.2307692e-01   4.6153846e-01   0.0000000e+00
