   1.8300000e+02
   4.1813789e-02   5.0724638e-01   5.6521739e-01   0.0000000e+00
   1.1837948e-01   5.0724638e-01   5.6521739e-01   1.6666667e-01
   2.1148485e-01   4.9275362e-01   5.7971014e-01   1.6666667e-01
   2.8451961e-01   4.7826087e-01   5.9420290e-01   1.6666667e-01
   3.2447500e-01   4.6376812e-01   5.9420290e-01   1.6666667e-01
   3.3320944e-01   4.6376812e-01   6.0869565e-01   1.6666667e-01
   3.2131574e-01   4.6376812e-01   6.0869565e-01   1.6666667e-01
   3.0013009e-01   4.4927536e-01   6.2318841e-01   1.6666667e-01
   2.8210370e-01   4.4927536e-01   6.2318841e-01   1.6666667e-01
   2.5757294e-01   4.4927536e-01   6.2318841e-01   3.3333333e-01
   2.2783869e-01   4.4927536e-01   6.3768116e-01   3.3333333e-01
   2.0702472e-01   4.4927536e-01   6.3768116e-01   3.3333333e-01
   2.2542278e-01   4.4927536e-01   8.9855072e-01   5.0000000e-01
   2.5645791e-01   4.4927536e-01   9.1304348e-01   5.0000000e-01
   2.8526296e-01   4.4927536e-01   9.2753623e-01   5.0000000e-01
   3.0328935e-01   4.4927536e-01   9.4202899e-01   6.6666667e-01
   3.2986434e-01   4.4927536e-01   8.5507246e-01   5.0000000e-01
   3.6666047e-01   4.6376812e-01   8.2608696e-01   5.0000000e-01
   4.0624419e-01   4.6376812e-01   9.8550725e-01   5.0000000e-01
   4.7890727e-01   4.7826087e-01   1.0000000e+00   5.0000000e-01
   5.5026947e-01   4.9275362e-01   1.0000000e+00   5.0000000e-01
   6.5303847e-01   4.9275362e-01   1.0000000e+00   5.0000000e-01
   7.6565694e-01   5.0724638e-01   1.0000000e+00   1.6666667e-01
   8.3553243e-01   5.2173913e-01   1.0000000e+00   1.6666667e-01
   7.9947965e-01   5.3623188e-01   1.0000000e+00   1.6666667e-01
   6.9355138e-01   5.5072464e-01   1.0000000e+00   1.6666667e-01
   5.8056123e-01   5.6521739e-01   9.7101449e-01   1.6666667e-01
   4.7946478e-01   5.9420290e-01   9.5652174e-01   1.6666667e-01
   3.6238617e-01   5.9420290e-01   8.9855072e-01   1.6666667e-01
   2.5106857e-01   6.0869565e-01   8.5507246e-01   3.3333333e-01
   1.5090132e-01   6.0869565e-01   6.3768116e-01   1.6666667e-01
   7.0990522e-02   6.0869565e-01   6.3768116e-01   1.6666667e-01
   5.7424271e-02   6.0869565e-01   6.3768116e-01   1.6666667e-01
   5.6309236e-02   6.0869565e-01   6.3768116e-01   1.6666667e-01
   5.3335811e-02   6.0869565e-01   6.3768116e-01   1.6666667e-01
   5.9096822e-02   5.6038647e-01   5.8937198e-01   0.0000000e+00
   7.0990522e-02   5.1207729e-01   5.4106280e-01   0.0000000e+00
   1.1689277e-01   4.6376812e-01   4.9275362e-01   1.6666667e-01
   1.5331723e-01   4.4927536e-01   5.0724638e-01   1.6666667e-01
   1.7097194e-01   4.4927536e-01   5.2173913e-01   1.6666667e-01
   1.7431704e-01   4.4927536e-01   5.2173913e-01   1.6666667e-01
   1.7078610e-01   4.4927536e-01   5.2173913e-01   1.6666667e-01
   1.5982159e-01   4.4927536e-01   5.2173913e-01   1.6666667e-01
   1.6298086e-01   4.6376812e-01   5.3623188e-01   1.6666667e-01
   1.8453819e-01   4.7826087e-01   5.5072464e-01   1.6666667e-01
   2.2988292e-01   4.9275362e-01   6.0869565e-01   1.6666667e-01
   2.7206839e-01   4.9275362e-01   6.2318841e-01   1.6666667e-01
   2.8953726e-01   5.0724638e-01   6.3768116e-01   1.6666667e-01
   2.8507712e-01   5.2173913e-01   6.3768116e-01   1.6666667e-01
   2.6166140e-01   5.3623188e-01   6.5217391e-01   1.6666667e-01
   2.3062628e-01   5.5072464e-01   6.5217391e-01   1.6666667e-01
   1.9550269e-01   5.6521739e-01   6.6666667e-01   1.6666667e-01
   1.5982159e-01   5.7971014e-01   6.6666667e-01   1.6666667e-01
   1.2767144e-01   6.0869565e-01   6.6666667e-01   1.6666667e-01
   9.7751347e-02   6.3768116e-01   6.8115942e-01   1.6666667e-01
   7.4149786e-02   6.5217391e-01   6.8115942e-01   1.6666667e-01
   6.3556960e-02   6.5217391e-01   6.8115942e-01   1.6666667e-01
   6.2070247e-02   6.5217391e-01   6.8115942e-01   1.6666667e-01
   6.3185282e-02   6.5217391e-01   6.8115942e-01   1.6666667e-01
   6.4671994e-02   6.5217391e-01   6.8115942e-01   1.6666667e-01
   6.4114477e-02   6.5217391e-01   6.8115942e-01   1.6666667e-01
   6.2627764e-02   6.5217391e-01   6.8115942e-01   1.6666667e-01
   6.1326891e-02   6.5217391e-01   6.8115942e-01   1.6666667e-01
   6.4114477e-02   6.3768116e-01   6.8115942e-01   1.6666667e-01
   6.0955213e-02   6.3768116e-01   6.6666667e-01   1.6666667e-01
   6.8017097e-02   6.3768116e-01   6.6666667e-01   1.6666667e-01
   1.2990151e-01   5.5072464e-01   6.6666667e-01   3.3333333e-01
   2.2449359e-01   5.3623188e-01   6.6666667e-01   1.6666667e-01
   2.8860807e-01   5.0724638e-01   6.5217391e-01   1.6666667e-01
   3.1090875e-01   4.9275362e-01   6.5217391e-01   1.6666667e-01
   3.1332466e-01   4.7826087e-01   6.3768116e-01   1.6666667e-01
   3.0236016e-01   4.6376812e-01   6.3768116e-01   1.6666667e-01
   2.8563464e-01   4.6376812e-01   6.3768116e-01   1.6666667e-01
   2.6203308e-01   4.6376812e-01   6.5217391e-01   3.3333333e-01
   2.4103327e-01   4.6376812e-01   6.5217391e-01   3.3333333e-01
   2.2505111e-01   4.6376812e-01   6.5217391e-01   3.3333333e-01
   2.1018398e-01   4.7826087e-01   6.5217391e-01   3.3333333e-01
   1.9494518e-01   4.9275362e-01   6.5217391e-01   3.3333333e-01
   1.6744100e-01   5.0724638e-01   6.6666667e-01   3.3333333e-01
   1.3398996e-01   6.3768116e-01   6.6666667e-01   1.6666667e-01
   9.4777922e-02   6.3768116e-01   6.6666667e-01   1.6666667e-01
   6.8946293e-02   6.3768116e-01   6.6666667e-01   1.6666667e-01
   6.0397696e-02   6.3768116e-01   6.6666667e-01   1.6666667e-01
   6.1884408e-02   6.3768116e-01   6.6666667e-01   1.6666667e-01
   5.7795949e-02   6.3768116e-01   6.6666667e-01   1.6666667e-01
   5.6680914e-02   6.3768116e-01   6.6666667e-01   1.6666667e-01
   5.7052592e-02   6.3768116e-01   6.6666667e-01   1.6666667e-01
   6.0211857e-02   6.3768116e-01   6.6666667e-01   1.6666667e-01
   5.5380041e-02   6.3768116e-01   6.6666667e-01   1.6666667e-01
   4.9990708e-02   6.3768116e-01   6.6666667e-01   1.6666667e-01
   4.4973053e-02   6.3768116e-01   6.5217391e-01   1.6666667e-01
   3.7725330e-02   6.3768116e-01   6.5217391e-01   1.6666667e-01
   3.4194388e-02   6.3768116e-01   6.5217391e-01   1.6666667e-01
   2.7318342e-02   6.3164251e-01   6.4613527e-01   0.0000000e+00
   1.5610481e-02   6.2560386e-01   6.4009662e-01   0.0000000e+00
   2.9734250e-03   6.1956522e-01   6.3405797e-01   0.0000000e+00
   0.0000000e+00   6.1352657e-01   6.2801932e-01   0.0000000e+00
   6.1326891e-03   6.0748792e-01   6.2198068e-01   0.0000000e+00
   1.3566252e-02   6.0144928e-01   6.1594203e-01   0.0000000e+00
   1.4867125e-02   5.9541063e-01   6.0990338e-01   0.0000000e+00
   1.4495447e-02   5.8937198e-01   6.0386473e-01   0.0000000e+00
   1.5424642e-02   5.8333333e-01   5.9782609e-01   0.0000000e+00
   8.7344360e-03   5.7729469e-01   5.9178744e-01   0.0000000e+00
   1.3008734e-02   5.7125604e-01   5.8574879e-01   0.0000000e+00
   3.7725330e-02   5.6521739e-01   5.7971014e-01   1.6666667e-01
   8.8831072e-02   5.6521739e-01   6.0869565e-01   1.6666667e-01
   1.5275971e-01   5.5072464e-01   6.2318841e-01   1.6666667e-01
   2.2969708e-01   5.5072464e-01   6.3768116e-01   1.6666667e-01
   3.0960788e-01   5.2173913e-01   6.5217391e-01   1.6666667e-01
   3.7316484e-01   5.0724638e-01   6.5217391e-01   1.6666667e-01
   4.1981044e-01   5.0724638e-01   6.6666667e-01   1.6666667e-01
   4.3263334e-01   5.0724638e-01   6.6666667e-01   1.6666667e-01
   4.2204051e-01   4.9275362e-01   6.8115942e-01   1.6666667e-01
   3.9323546e-01   4.9275362e-01   6.8115942e-01   1.6666667e-01
   3.6275785e-01   4.9275362e-01   6.8115942e-01   1.6666667e-01
   3.3097937e-01   4.9275362e-01   6.8115942e-01   1.6666667e-01
   2.9678498e-01   4.9275362e-01   6.8115942e-01   3.3333333e-01
   2.7188255e-01   4.9275362e-01   6.9565217e-01   3.3333333e-01
   2.5274113e-01   4.9275362e-01   6.9565217e-01   3.3333333e-01
   2.4735179e-01   5.0724638e-01   6.8115942e-01   3.3333333e-01
   2.6630738e-01   5.0724638e-01   6.8115942e-01   3.3333333e-01
   3.0087344e-01   5.0724638e-01   6.8115942e-01   1.6666667e-01
   3.2205910e-01   5.0724638e-01   6.6666667e-01   1.6666667e-01
   3.1648392e-01   5.2173913e-01   6.6666667e-01   1.6666667e-01
   2.9901505e-01   5.2173913e-01   6.5217391e-01   1.6666667e-01
   2.8470545e-01   5.3623188e-01   6.5217391e-01   1.6666667e-01
   2.6519234e-01   5.3623188e-01   6.3768116e-01   1.6666667e-01
   2.4753763e-01   5.5072464e-01   6.3768116e-01   1.6666667e-01
   2.4084743e-01   5.5072464e-01   6.3768116e-01   1.6666667e-01
   2.2579446e-01   5.5072464e-01   6.5217391e-01   1.6666667e-01
   2.1148485e-01   5.6521739e-01   6.5217391e-01   1.6666667e-01
   1.8918417e-01   5.7971014e-01   6.5217391e-01   1.6666667e-01
   1.6353838e-01   5.7971014e-01   6.6666667e-01   1.6666667e-01
   1.3659171e-01   5.9420290e-01   6.6666667e-01   1.6666667e-01
   1.2116707e-01   6.2318841e-01   6.6666667e-01   1.6666667e-01
   1.0983089e-01   6.3768116e-01   6.8115942e-01   1.6666667e-01
   1.0462739e-01   6.3768116e-01   6.8115942e-01   1.6666667e-01
   1.1038840e-01   6.3768116e-01   6.8115942e-01   1.6666667e-01
   1.1113176e-01   6.3768116e-01   6.9565217e-01   1.6666667e-01
   1.1447686e-01   6.3768116e-01   6.9565217e-01   1.6666667e-01
   1.1503438e-01   6.3768116e-01   6.9565217e-01   1.6666667e-01
   1.1559190e-01   6.3768116e-01   6.9565217e-01   1.6666667e-01
   1.1317599e-01   6.3768116e-01   6.9565217e-01   1.6666667e-01
   1.0629994e-01   6.3768116e-01   6.9565217e-01   1.6666667e-01
   1.0109645e-01   6.3768116e-01   6.9565217e-01   1.6666667e-01
   9.5521279e-02   6.2318841e-01   6.8115942e-01   1.6666667e-01
   9.0689463e-02   6.2318841e-01   6.8115942e-01   1.6666667e-01
   8.9388589e-02   6.2318841e-01   6.6666667e-01   1.6666667e-01
   8.0096636e-02   6.0869565e-01   6.5217391e-01   1.6666667e-01
   7.6937372e-02   6.0869565e-01   6.3768116e-01   1.6666667e-01
   6.4486155e-02   6.0869565e-01   6.2318841e-01   1.6666667e-01
   5.3521650e-02   6.0869565e-01   6.2318841e-01   1.6666667e-01
   6.0583535e-02   5.7487923e-01   5.9903382e-01   0.0000000e+00
   7.6194016e-02   5.4106280e-01   5.7487923e-01   0.0000000e+00
   1.0332652e-01   5.0724638e-01   5.5072464e-01   1.6666667e-01
   1.7766214e-01   3.9130435e-01   5.5072464e-01   3.3333333e-01
   3.0143096e-01   3.7681159e-01   5.6521739e-01   1.6666667e-01
   4.7946478e-01   3.4782609e-01   5.7971014e-01   1.6666667e-01
   6.6846311e-01   3.3333333e-01   6.0869565e-01   1.6666667e-01
   8.2549712e-01   3.1884058e-01   6.5217391e-01   1.6666667e-01
   9.4090318e-01   2.8985507e-01   6.6666667e-01   1.6666667e-01
   9.9293812e-01   2.6086957e-01   6.8115942e-01   1.6666667e-01
   1.0000000e+00   2.6086957e-01   6.9565217e-01   1.6666667e-01
   9.6320387e-01   2.6086957e-01   6.9565217e-01   1.6666667e-01
   8.7939045e-01   2.6086957e-01   6.9565217e-01   1.6666667e-01
   7.5320572e-01   3.3333333e-01   6.9565217e-01   1.6666667e-01
   5.8743728e-01   3.7681159e-01   7.1014493e-01   1.6666667e-01
   4.2389890e-01   4.3478261e-01   7.1014493e-01   1.6666667e-01
   3.2707675e-01   5.0724638e-01   7.1014493e-01   1.6666667e-01
   2.2598030e-01   5.2173913e-01   6.9565217e-01   1.6666667e-01
   1.6000743e-01   5.2173913e-01   5.6521739e-01   1.6666667e-01
   1.1819364e-01   5.2173913e-01   5.5072464e-01   1.6666667e-01
   7.6379855e-02   5.2173913e-01   5.5072464e-01   1.6666667e-01
   4.6459766e-02   5.2173913e-01   5.3623188e-01   1.6666667e-01
   3.8654525e-02   5.2173913e-01   5.3623188e-01   0.0000000e+00
   3.5123583e-02   5.2173913e-01   5.3623188e-01   0.0000000e+00
   2.9548411e-02   5.2173913e-01   5.3623188e-01   0.0000000e+00
   3.0477606e-02   5.2173913e-01   5.3623188e-01   0.0000000e+00
   3.1406802e-02   5.2173913e-01   5.3623188e-01   0.0000000e+00
   3.3079353e-02   5.2173913e-01   5.3623188e-01   0.0000000e+00
   3.5309422e-02   5.2173913e-01   5.3623188e-01   0.0000000e+00
   3.6238617e-02   5.2173913e-01   5.3623188e-01   0.0000000e+00
   3.3451031e-02   5.2173913e-01   5.3623188e-01   0.0000000e+00
