   2.8300000e+02
   5.7091616e-02   5.5128205e-01   5.7692308e-01   1.6666667e-01
   9.0270513e-02   5.5128205e-01   6.0256410e-01   1.6666667e-01
   1.1702287e-01   5.3846154e-01   6.1538462e-01   1.6666667e-01
   1.4063668e-01   5.3846154e-01   6.2820513e-01   1.6666667e-01
   1.4571813e-01   5.3846154e-01   6.2820513e-01   1.6666667e-01
   1.4706322e-01   5.2564103e-01   6.4102564e-01   1.6666667e-01
   1.3495741e-01   5.2564103e-01   6.4102564e-01   3.3333333e-01
   1.2075923e-01   5.2564103e-01   6.4102564e-01   3.3333333e-01
   1.0641160e-01   5.2564103e-01   6.5384615e-01   3.3333333e-01
   1.1149305e-01   5.1282051e-01   6.5384615e-01   3.3333333e-01
   1.1149305e-01   5.0000000e-01   6.5384615e-01   3.3333333e-01
   1.2135705e-01   5.0000000e-01   6.5384615e-01   3.3333333e-01
   1.2255268e-01   4.8717949e-01   6.5384615e-01   3.3333333e-01
   1.2733523e-01   4.8717949e-01   6.5384615e-01   3.3333333e-01
   1.6709012e-01   4.8717949e-01   6.5384615e-01   3.3333333e-01
   2.2134210e-01   2.9487179e-01   6.5384615e-01   5.0000000e-01
   2.5900463e-01   2.8205128e-01   6.5384615e-01   5.0000000e-01
   2.9756389e-01   2.8205128e-01   6.5384615e-01   5.0000000e-01
   2.9442535e-01   3.8461538e-01   6.5384615e-01   5.0000000e-01
   2.5317591e-01   4.1025641e-01   6.5384615e-01   5.0000000e-01
   2.4151846e-01   4.2307692e-01   6.4102564e-01   5.0000000e-01
   2.7290390e-01   4.2307692e-01   6.4102564e-01   5.0000000e-01
   3.2939770e-01   4.3589744e-01   6.4102564e-01   3.3333333e-01
   4.2564639e-01   7.6923077e-02   6.2820513e-01   3.3333333e-01
   5.5029144e-01   6.4102564e-02   6.2820513e-01   3.3333333e-01
   6.4758631e-01   5.1282051e-02   6.2820513e-01   3.3333333e-01
   7.3546555e-01   3.8461538e-02   6.1538462e-01   3.3333333e-01
   8.2588552e-01   1.2820513e-02   6.1538462e-01   3.3333333e-01
   9.6054401e-01   0.0000000e+00   6.1538462e-01   5.0000000e-01
   1.0000000e+00   0.0000000e+00   6.0256410e-01   3.3333333e-01
   9.4634584e-01   0.0000000e+00   5.8974359e-01   3.3333333e-01
   8.5159169e-01   0.0000000e+00   5.7692308e-01   1.6666667e-01
   7.3202810e-01   0.0000000e+00   5.5128205e-01   3.3333333e-01
   5.6344343e-01   1.2820513e-02   5.3846154e-01   5.0000000e-01
   3.7722314e-01   2.6923077e-01   5.2564103e-01   3.3333333e-01
   2.2507846e-01   4.4871795e-01   5.1282051e-01   1.6666667e-01
   1.1866687e-01   4.4871795e-01   5.1282051e-01   1.6666667e-01
   9.5501420e-02   4.6153846e-01   5.1282051e-01   1.6666667e-01
   8.6683605e-02   4.6153846e-01   5.0000000e-01   1.6666667e-01
   7.8762517e-02   4.6153846e-01   5.0000000e-01   1.6666667e-01
   7.4727246e-02   4.6153846e-01   5.0000000e-01   1.6666667e-01
   6.9944702e-02   4.4871795e-01   4.8717949e-01   1.6666667e-01
   8.2050516e-02   4.4871795e-01   4.8717949e-01   1.6666667e-01
   8.3843970e-02   4.4871795e-01   4.8717949e-01   1.6666667e-01
   9.5800329e-02   4.3589744e-01   4.8717949e-01   1.6666667e-01
   1.2255268e-01   4.3589744e-01   4.8717949e-01   1.6666667e-01
   2.3015992e-01   3.3333333e-01   4.8717949e-01   3.3333333e-01
   4.0875803e-01   2.5641026e-01   4.8717949e-01   1.6666667e-01
   6.0170378e-01   2.0512821e-01   5.0000000e-01   1.6666667e-01
   7.4323718e-01   1.9230769e-01   5.2564103e-01   1.6666667e-01
   8.2439097e-01   1.7948718e-01   5.3846154e-01   1.6666667e-01
   8.5682260e-01   1.6666667e-01   5.6410256e-01   1.6666667e-01
   8.5054551e-01   1.5384615e-01   5.7692308e-01   1.6666667e-01
   7.9614407e-01   1.5384615e-01   5.8974359e-01   1.6666667e-01
   7.0677029e-01   1.4102564e-01   6.0256410e-01   1.6666667e-01
   6.2636377e-01   1.4102564e-01   6.1538462e-01   3.3333333e-01
   5.1277836e-01   1.4102564e-01   6.1538462e-01   3.3333333e-01
   4.2803766e-01   8.9743590e-02   6.2820513e-01   5.0000000e-01
   3.4030788e-01   7.6923077e-02   6.2820513e-01   5.0000000e-01
   2.8112390e-01   7.6923077e-02   6.4102564e-01   3.3333333e-01
   2.1581229e-01   6.4102564e-02   6.4102564e-01   3.3333333e-01
   2.3150501e-01   5.1282051e-02   6.5384615e-01   3.3333333e-01
   2.4226573e-01   5.1282051e-02   6.5384615e-01   5.0000000e-01
   2.5840682e-01   5.1282051e-02   6.6666667e-01   5.0000000e-01
   2.5467045e-01   5.1282051e-02   6.6666667e-01   5.0000000e-01
   2.4899118e-01   5.1282051e-02   6.6666667e-01   5.0000000e-01
   2.2134210e-01   5.1282051e-02   6.6666667e-01   5.0000000e-01
   2.0206247e-01   5.1282051e-02   6.6666667e-01   5.0000000e-01
   1.9802720e-01   6.4102564e-02   6.6666667e-01   3.3333333e-01
   1.8681811e-01   7.6923077e-02   6.6666667e-01   5.0000000e-01
   1.7441339e-01   7.6923077e-02   6.6666667e-01   5.0000000e-01
   1.6813630e-01   1.0256410e-01   6.6666667e-01   5.0000000e-01
   1.6948139e-01   1.1538462e-01   6.6666667e-01   3.3333333e-01
   1.7755194e-01   1.2820513e-01   6.5384615e-01   5.0000000e-01
   2.0908683e-01   1.5384615e-01   6.5384615e-01   5.0000000e-01
   1.9623375e-01   1.6666667e-01   6.5384615e-01   3.3333333e-01
   1.6380212e-01   1.9230769e-01   3.0769231e-01   1.6666667e-01
   1.0446869e-01   2.1794872e-01   2.8205128e-01   1.6666667e-01
   5.6045434e-02   2.5058275e-01   3.0885781e-01   0.0000000e+00
   1.2554177e-02   2.8321678e-01   3.3566434e-01   0.0000000e+00
   2.9890898e-04   3.1585082e-01   3.6247086e-01   0.0000000e+00
   5.9781796e-04   3.4848485e-01   3.8927739e-01   0.0000000e+00
   5.9781796e-04   3.8111888e-01   4.1608392e-01   0.0000000e+00
   5.9781796e-04   4.1375291e-01   4.4289044e-01   0.0000000e+00
   5.9781796e-04   4.4638695e-01   4.6969697e-01   0.0000000e+00
   5.9781796e-04   4.7902098e-01   4.9650350e-01   0.0000000e+00
   5.9781796e-04   5.1165501e-01   5.2331002e-01   0.0000000e+00
   3.1385443e-03   5.4428904e-01   5.5011655e-01   0.0000000e+00
   4.6779256e-02   5.7692308e-01   5.7692308e-01   1.6666667e-01
   1.0506651e-01   5.6410256e-01   6.2820513e-01   1.6666667e-01
   1.4691376e-01   5.5128205e-01   6.4102564e-01   1.6666667e-01
   1.7770139e-01   5.3846154e-01   6.4102564e-01   1.6666667e-01
   1.9578538e-01   5.2564103e-01   6.5384615e-01   1.6666667e-01
   2.0251084e-01   5.1282051e-01   6.5384615e-01   1.6666667e-01
   2.0594829e-01   5.0000000e-01   6.6666667e-01   1.6666667e-01
   2.0819011e-01   5.0000000e-01   6.6666667e-01   3.3333333e-01
   1.9892393e-01   4.8717949e-01   6.7948718e-01   3.3333333e-01
   1.9742938e-01   4.8717949e-01   6.7948718e-01   3.3333333e-01
   1.9638320e-01   4.8717949e-01   6.7948718e-01   3.3333333e-01
   2.1611119e-01   4.8717949e-01   6.7948718e-01   3.3333333e-01
   2.4570318e-01   4.8717949e-01   6.7948718e-01   3.3333333e-01
   2.7947990e-01   5.0000000e-01   6.6666667e-01   1.6666667e-01
   2.9696607e-01   5.0000000e-01   6.5384615e-01   1.6666667e-01
   2.9337917e-01   5.0000000e-01   6.4102564e-01   1.6666667e-01
   2.6617845e-01   5.0000000e-01   6.4102564e-01   1.6666667e-01
   2.2926319e-01   5.0000000e-01   6.2820513e-01   1.6666667e-01
   1.9877447e-01   5.1282051e-01   6.2820513e-01   1.6666667e-01
   1.5483485e-01   5.1282051e-01   6.1538462e-01   1.6666667e-01
   1.2105814e-01   5.1282051e-01   5.8974359e-01   1.6666667e-01
   8.8477059e-02   5.2564103e-01   5.6410256e-01   1.6666667e-01
   6.5461067e-02   5.2564103e-01   5.5128205e-01   1.6666667e-01
   5.5447616e-02   5.2564103e-01   5.5128205e-01   1.6666667e-01
   5.3355253e-02   5.3846154e-01   5.5128205e-01   1.6666667e-01
   5.1262890e-02   5.3846154e-01   5.6410256e-01   1.6666667e-01
   5.0366164e-02   5.3846154e-01   5.6410256e-01   1.6666667e-01
   4.9021073e-02   5.3846154e-01   5.6410256e-01   1.6666667e-01
   4.9319982e-02   5.3846154e-01   5.6410256e-01   1.6666667e-01
   5.1113436e-02   5.3846154e-01   5.6410256e-01   1.6666667e-01
   5.1860708e-02   5.2564103e-01   5.6410256e-01   1.6666667e-01
   5.2757435e-02   5.2564103e-01   5.6410256e-01   1.6666667e-01
   6.0379614e-02   5.2564103e-01   5.5128205e-01   1.6666667e-01
   6.3368704e-02   5.2564103e-01   5.6410256e-01   1.6666667e-01
   6.5162158e-02   5.1282051e-01   5.5128205e-01   1.6666667e-01
   6.4713795e-02   5.1282051e-01   5.5128205e-01   1.6666667e-01
   6.9346884e-02   5.1282051e-01   5.5128205e-01   1.6666667e-01
   8.2050516e-02   5.1282051e-01   5.3846154e-01   1.6666667e-01
   9.5949783e-02   5.1282051e-01   5.5128205e-01   1.6666667e-01
   1.1104469e-01   5.0000000e-01   5.5128205e-01   1.6666667e-01
   1.3615304e-01   5.0000000e-01   5.6410256e-01   1.6666667e-01
   2.2477955e-01   5.1282051e-01   6.5384615e-01   3.3333333e-01
   3.1744134e-01   5.1282051e-01   6.7948718e-01   1.6666667e-01
   3.7528023e-01   5.1282051e-01   6.7948718e-01   1.6666667e-01
   3.8633986e-01   5.2564103e-01   6.7948718e-01   1.6666667e-01
   3.5928860e-01   5.3846154e-01   6.9230769e-01   1.6666667e-01
   3.2371843e-01   5.5128205e-01   6.9230769e-01   1.6666667e-01
   2.8202062e-01   5.5128205e-01   6.9230769e-01   1.6666667e-01
   2.4450755e-01   5.6410256e-01   6.9230769e-01   1.6666667e-01
   2.1147810e-01   5.6410256e-01   6.7948718e-01   1.6666667e-01
   1.8711702e-01   5.6410256e-01   6.6666667e-01   1.6666667e-01
   1.6081303e-01   5.5128205e-01   6.5384615e-01   1.6666667e-01
   1.3944104e-01   5.5128205e-01   6.2820513e-01   1.6666667e-01
   1.2389777e-01   5.3846154e-01   6.1538462e-01   1.6666667e-01
   1.0566433e-01   5.3846154e-01   6.0256410e-01   1.6666667e-01
   1.0551487e-01   5.3846154e-01   6.0256410e-01   1.6666667e-01
   9.5800329e-02   5.2564103e-01   5.8974359e-01   1.6666667e-01
   9.7743237e-02   5.2564103e-01   5.7692308e-01   1.6666667e-01
   1.0118069e-01   5.1282051e-01   5.7692308e-01   1.6666667e-01
   1.0431923e-01   5.1282051e-01   5.6410256e-01   1.6666667e-01
   9.9686146e-02   5.1282051e-01   5.5128205e-01   1.6666667e-01
   1.0342251e-01   5.1282051e-01   5.5128205e-01   1.6666667e-01
   1.0118069e-01   5.1282051e-01   5.5128205e-01   1.6666667e-01
   1.0820505e-01   5.1282051e-01   5.6410256e-01   1.6666667e-01
   1.2613959e-01   5.1282051e-01   5.7692308e-01   1.6666667e-01
   1.5378867e-01   5.2564103e-01   5.8974359e-01   1.6666667e-01
   1.6828576e-01   5.2564103e-01   6.1538462e-01   1.6666667e-01
   1.8083993e-01   5.3846154e-01   6.2820513e-01   1.6666667e-01
   1.7575848e-01   5.3846154e-01   6.2820513e-01   1.6666667e-01
   1.6425049e-01   5.5128205e-01   6.4102564e-01   1.6666667e-01
   1.4691376e-01   5.6410256e-01   6.4102564e-01   1.6666667e-01
   1.2673741e-01   5.8974359e-01   6.5384615e-01   1.6666667e-01
   1.0760723e-01   6.0256410e-01   6.6666667e-01   1.6666667e-01
   9.3558511e-02   6.1538462e-01   6.6666667e-01   1.6666667e-01
   7.9958153e-02   6.2820513e-01   6.6666667e-01   1.6666667e-01
   7.7417426e-02   6.4102564e-01   6.7948718e-01   1.6666667e-01
   7.1140338e-02   6.4102564e-01   6.7948718e-01   1.6666667e-01
   6.7553430e-02   6.5384615e-01   6.7948718e-01   1.6666667e-01
   6.0379614e-02   6.5384615e-01   6.7948718e-01   1.6666667e-01
   5.6493798e-02   6.5384615e-01   6.7948718e-01   1.6666667e-01
   5.2159617e-02   6.5384615e-01   6.7948718e-01   1.6666667e-01
   4.6928710e-02   6.5384615e-01   6.7948718e-01   1.6666667e-01
   4.9170528e-02   6.5384615e-01   6.7948718e-01   1.6666667e-01
   4.2594530e-02   6.5384615e-01   6.6666667e-01   1.6666667e-01
   4.4089075e-02   6.5384615e-01   6.6666667e-01   1.6666667e-01
   4.4238529e-02   6.5384615e-01   6.6666667e-01   1.6666667e-01
   4.2594530e-02   6.5384615e-01   6.6666667e-01   1.6666667e-01
   3.4374533e-02   6.4102564e-01   6.6666667e-01   1.6666667e-01
   3.2730534e-02   6.4102564e-01   6.5384615e-01   1.6666667e-01
   3.6915259e-02   6.4102564e-01   6.5384615e-01   1.6666667e-01
   3.5271260e-02   6.4102564e-01   6.4102564e-01   1.6666667e-01
   2.8844717e-02   6.2820513e-01   6.4102564e-01   1.6666667e-01
   2.7200717e-02   6.2820513e-01   6.4102564e-01   1.6666667e-01
   1.8532357e-02   6.2250712e-01   6.3532764e-01   0.0000000e+00
   1.6738903e-02   6.1680912e-01   6.2962963e-01   0.0000000e+00
   1.2853086e-02   6.1111111e-01   6.2393162e-01   0.0000000e+00
   0.0000000e+00   6.0541311e-01   6.1823362e-01   0.0000000e+00
   5.9781796e-04   5.9971510e-01   6.1253561e-01   0.0000000e+00
   5.9781796e-04   5.9401709e-01   6.0683761e-01   0.0000000e+00
   5.9781796e-04   5.8831909e-01   6.0113960e-01   0.0000000e+00
   2.3912719e-03   5.8262108e-01   5.9544160e-01   0.0000000e+00
   3.3776715e-02   5.7692308e-01   5.8974359e-01   1.6666667e-01
   8.3545061e-02   5.6410256e-01   6.0256410e-01   1.6666667e-01
   1.4601704e-01   5.5128205e-01   6.1538462e-01   1.6666667e-01
   2.0176356e-01   5.3846154e-01   6.2820513e-01   1.6666667e-01
   2.5721118e-01   5.2564103e-01   6.2820513e-01   1.6666667e-01
   2.9831116e-01   5.2564103e-01   6.4102564e-01   1.6666667e-01
   3.1848752e-01   5.1282051e-01   6.5384615e-01   1.6666667e-01
   3.1744134e-01   5.1282051e-01   6.5384615e-01   1.6666667e-01
   3.2431625e-01   5.1282051e-01   6.6666667e-01   1.6666667e-01
   3.1325661e-01   5.1282051e-01   6.6666667e-01   1.6666667e-01
   3.0399043e-01   5.0000000e-01   6.7948718e-01   1.6666667e-01
   2.8710208e-01   5.0000000e-01   6.7948718e-01   3.3333333e-01
   2.7021372e-01   5.1282051e-01   6.7948718e-01   3.3333333e-01
   2.7036317e-01   5.1282051e-01   6.7948718e-01   3.3333333e-01
   3.0787625e-01   5.1282051e-01   6.9230769e-01   3.3333333e-01
   3.4090569e-01   5.1282051e-01   6.9230769e-01   1.6666667e-01
   3.4658496e-01   5.2564103e-01   6.9230769e-01   1.6666667e-01
   3.0802571e-01   5.2564103e-01   6.9230769e-01   1.6666667e-01
   2.6931699e-01   5.2564103e-01   6.9230769e-01   1.6666667e-01
   2.3718428e-01   5.3846154e-01   6.7948718e-01   1.6666667e-01
   1.9025557e-01   5.3846154e-01   6.7948718e-01   1.6666667e-01
   1.4033777e-01   5.5128205e-01   6.5384615e-01   3.3333333e-01
   9.5351965e-02   5.5128205e-01   5.7692308e-01   1.6666667e-01
   5.1262890e-02   5.5128205e-01   5.7692308e-01   1.6666667e-01
   5.2159617e-02   5.6410256e-01   5.7692308e-01   1.6666667e-01
   5.4251980e-02   5.6410256e-01   5.7692308e-01   1.6666667e-01
   5.7241070e-02   5.6410256e-01   5.8974359e-01   1.6666667e-01
   5.9781796e-02   5.6410256e-01   5.8974359e-01   1.6666667e-01
   6.1126887e-02   5.6410256e-01   5.8974359e-01   1.6666667e-01
   5.9482887e-02   5.6410256e-01   5.8974359e-01   1.6666667e-01
   6.3667613e-02   5.6410256e-01   5.8974359e-01   1.6666667e-01
   6.2173068e-02   5.6410256e-01   5.8974359e-01   1.6666667e-01
   6.1575250e-02   5.6410256e-01   5.8974359e-01   1.6666667e-01
   6.3069795e-02   5.5128205e-01   5.8974359e-01   1.6666667e-01
   7.7865790e-02   5.5128205e-01   5.8974359e-01   1.6666667e-01
   9.2213421e-02   5.3846154e-01   5.7692308e-01   1.6666667e-01
   1.2718577e-01   5.2564103e-01   5.7692308e-01   1.6666667e-01
   1.6365267e-01   5.2564103e-01   5.8974359e-01   1.6666667e-01
   1.9548647e-01   5.1282051e-01   6.0256410e-01   1.6666667e-01
   2.2179046e-01   5.1282051e-01   6.1538462e-01   1.6666667e-01
   2.4017337e-01   5.2564103e-01   6.2820513e-01   1.6666667e-01
   2.3568973e-01   5.2564103e-01   6.4102564e-01   1.6666667e-01
   2.2448065e-01   5.3846154e-01   6.5384615e-01   1.6666667e-01
   1.9608429e-01   5.3846154e-01   6.5384615e-01   1.6666667e-01
   1.7456285e-01   5.5128205e-01   6.5384615e-01   1.6666667e-01
   1.4153340e-01   5.8974359e-01   6.6666667e-01   1.6666667e-01
   1.0177851e-01   6.1538462e-01   6.6666667e-01   1.6666667e-01
   8.3545061e-02   6.2820513e-01   6.6666667e-01   1.6666667e-01
   7.0841429e-02   6.4102564e-01   6.7948718e-01   1.6666667e-01
   6.1425796e-02   6.5384615e-01   6.7948718e-01   1.6666667e-01
   5.8436706e-02   6.5384615e-01   6.7948718e-01   1.6666667e-01
   4.9021073e-02   6.5384615e-01   6.7948718e-01   1.6666667e-01
   5.1860708e-02   6.5384615e-01   6.7948718e-01   1.6666667e-01
   4.9469437e-02   6.5384615e-01   6.7948718e-01   1.6666667e-01
   5.5746525e-02   6.4102564e-01   6.6666667e-01   1.6666667e-01
   5.2458526e-02   6.4102564e-01   6.5384615e-01   1.6666667e-01
   5.6045434e-02   6.4102564e-01   6.5384615e-01   1.6666667e-01
   7.6670154e-02   6.4102564e-01   6.5384615e-01   1.6666667e-01
   1.1358541e-01   5.6410256e-01   6.4102564e-01   3.3333333e-01
   1.6738903e-01   5.3846154e-01   6.1538462e-01   1.6666667e-01
   2.1252429e-01   5.2564103e-01   6.1538462e-01   1.6666667e-01
   2.4121955e-01   5.1282051e-01   6.2820513e-01   1.6666667e-01
   2.4226573e-01   5.1282051e-01   6.2820513e-01   1.6666667e-01
   2.3329846e-01   5.2564103e-01   6.4102564e-01   1.6666667e-01
   2.0848902e-01   5.2564103e-01   6.4102564e-01   1.6666667e-01
   1.9204902e-01   5.3846154e-01   6.5384615e-01   1.6666667e-01
   1.5857122e-01   5.6410256e-01   6.5384615e-01   1.6666667e-01
   1.2868032e-01   6.0256410e-01   6.6666667e-01   1.6666667e-01
   9.8789419e-02   6.2820513e-01   6.6666667e-01   1.6666667e-01
   8.1452698e-02   6.4102564e-01   6.6666667e-01   1.6666667e-01
   8.0705425e-02   6.4102564e-01   6.7948718e-01   1.6666667e-01
   8.2648334e-02   6.5384615e-01   6.7948718e-01   1.6666667e-01
   8.3096697e-02   6.5384615e-01   6.7948718e-01   1.6666667e-01
   8.8028695e-02   6.5384615e-01   6.7948718e-01   1.6666667e-01
   8.7281423e-02   6.5384615e-01   6.7948718e-01   1.6666667e-01
   8.6085787e-02   6.5384615e-01   6.7948718e-01   1.6666667e-01
   8.3096697e-02   6.4102564e-01   6.7948718e-01   1.6666667e-01
   9.3110148e-02   6.2820513e-01   6.7948718e-01   1.6666667e-01
   9.4604693e-02   6.1538462e-01   6.6666667e-01   1.6666667e-01
   9.9237782e-02   6.0256410e-01   6.5384615e-01   1.6666667e-01
   1.0880287e-01   5.8974359e-01   6.4102564e-01   1.6666667e-01
   1.0402033e-01   5.8974359e-01   6.2820513e-01   1.6666667e-01
   1.0118069e-01   5.7692308e-01   6.2820513e-01   1.6666667e-01
   9.4006875e-02   5.7692308e-01   6.1538462e-01   1.6666667e-01
   8.6085787e-02   5.8547009e-01   6.1965812e-01   0.0000000e+00
   6.1575250e-02   5.9401709e-01   6.2393162e-01   0.0000000e+00
   3.2581079e-02   6.0256410e-01   6.2820513e-01   0.0000000e+00
   2.7798535e-02   6.1111111e-01   6.3247863e-01   0.0000000e+00
   2.8695262e-02   6.1965812e-01   6.3675214e-01   0.0000000e+00
   2.9293080e-02   6.2820513e-01   6.4102564e-01   0.0000000e+00
   3.0488716e-02   6.3675214e-01   6.4529915e-01   0.0000000e+00
   3.8708713e-02   6.4529915e-01   6.4957265e-01   0.0000000e+00
   4.1249440e-02   6.5384615e-01   6.5384615e-01   1.6666667e-01
   4.0203258e-02   6.5384615e-01   6.5384615e-01   0.0000000e+00
