   4.1700000e+02
   3.6213661e-02   3.6000000e-01   5.2000000e-01   0.0000000e+00
   1.5541696e-01   3.6000000e-01   5.2000000e-01   3.3333333e-01
   3.0328941e-01   3.0666667e-01   5.3333333e-01   1.6666667e-01
   3.9633840e-01   2.8000000e-01   5.3333333e-01   1.6666667e-01
   4.2802535e-01   2.6666667e-01   5.4666667e-01   1.6666667e-01
   4.3536868e-01   2.5333333e-01   5.6000000e-01   1.6666667e-01
   4.3164672e-01   2.2666667e-01   5.6000000e-01   1.6666667e-01
   4.1273514e-01   2.2666667e-01   5.7333333e-01   1.6666667e-01
   3.7018409e-01   2.2666667e-01   5.8666667e-01   3.3333333e-01
   3.0932502e-01   3.6000000e-01   6.0000000e-01   1.6666667e-01
   2.3377930e-01   4.2666667e-01   6.0000000e-01   1.6666667e-01
   1.9022231e-01   4.4000000e-01   6.1333333e-01   1.6666667e-01
   1.5038728e-01   4.6666667e-01   6.1333333e-01   3.3333333e-01
   1.0994870e-01   5.6000000e-01   6.2666667e-01   1.6666667e-01
   7.5847500e-02   5.7333333e-01   6.2666667e-01   1.6666667e-01
   6.6089931e-02   5.8666667e-01   6.4000000e-01   1.6666667e-01
   5.6432954e-02   6.0000000e-01   6.4000000e-01   1.6666667e-01
   5.4823458e-02   6.1333333e-01   6.5333333e-01   1.6666667e-01
   5.5829393e-02   6.2666667e-01   6.5333333e-01   1.6666667e-01
   8.1078362e-02   5.8666667e-01   6.6666667e-01   1.6666667e-01
   1.1497837e-01   5.7333333e-01   6.6666667e-01   1.6666667e-01
   1.4515642e-01   5.3333333e-01   6.8000000e-01   1.6666667e-01
   1.6597928e-01   5.2000000e-01   6.8000000e-01   1.6666667e-01
   1.7925762e-01   5.0666667e-01   6.8000000e-01   1.6666667e-01
   1.7583744e-01   4.9333333e-01   6.9333333e-01   1.6666667e-01
   1.6507394e-01   4.9333333e-01   6.9333333e-01   3.3333333e-01
   1.3710894e-01   4.9333333e-01   6.9333333e-01   3.3333333e-01
   1.2191932e-01   4.9333333e-01   7.0666667e-01   3.3333333e-01
   1.0944573e-01   4.9333333e-01   7.0666667e-01   3.3333333e-01
   9.3451363e-02   4.9333333e-01   7.0666667e-01   3.3333333e-01
   9.6569762e-02   5.0666667e-01   6.9333333e-01   3.3333333e-01
   1.0552258e-01   5.0666667e-01   6.5333333e-01   3.3333333e-01
   9.0332964e-02   5.2000000e-01   6.1333333e-01   1.6666667e-01
   7.5948094e-02   5.4666667e-01   6.1333333e-01   1.6666667e-01
   5.3113369e-02   5.6000000e-01   6.0000000e-01   1.6666667e-01
   2.9373302e-02   5.7333333e-01   5.7333333e-01   1.6666667e-01
   9.4557892e-03   5.7037037e-01   5.7629630e-01   0.0000000e+00
   2.0118700e-04   5.6740741e-01   5.7925926e-01   0.0000000e+00
   4.0237401e-04   5.6444444e-01   5.8222222e-01   0.0000000e+00
   4.0237401e-04   5.6148148e-01   5.8518519e-01   0.0000000e+00
   4.0237401e-04   5.5851852e-01   5.8814815e-01   0.0000000e+00
   4.0237401e-04   5.5555556e-01   5.9111111e-01   0.0000000e+00
   4.0237401e-04   5.5259259e-01   5.9407407e-01   0.0000000e+00
   1.3077155e-03   5.4962963e-01   5.9703704e-01   0.0000000e+00
   4.4059954e-02   5.4666667e-01   6.0000000e-01   1.6666667e-01
   9.2244241e-02   5.3333333e-01   6.1333333e-01   1.6666667e-01
   1.3107333e-01   5.3333333e-01   6.2666667e-01   1.6666667e-01
   1.5018610e-01   5.2000000e-01   6.4000000e-01   1.6666667e-01
   1.5420984e-01   5.0666667e-01   6.4000000e-01   1.6666667e-01
   1.5994367e-01   4.9333333e-01   6.5333333e-01   1.6666667e-01
   1.6205613e-01   4.9333333e-01   6.5333333e-01   1.6666667e-01
   1.6064782e-01   4.9333333e-01   6.6666667e-01   1.6666667e-01
   1.4656473e-01   4.9333333e-01   6.6666667e-01   3.3333333e-01
   1.2292526e-01   4.9333333e-01   6.6666667e-01   3.3333333e-01
   1.0783623e-01   4.9333333e-01   6.8000000e-01   3.3333333e-01
   1.0401368e-01   5.0666667e-01   6.8000000e-01   3.3333333e-01
   1.2423297e-01   5.0666667e-01   6.8000000e-01   3.3333333e-01
   1.3811488e-01   5.0666667e-01   6.8000000e-01   3.3333333e-01
   1.3489589e-01   5.2000000e-01   6.8000000e-01   3.3333333e-01
   1.1859974e-01   5.2000000e-01   6.8000000e-01   3.3333333e-01
   9.7374510e-02   5.2000000e-01   6.0000000e-01   1.6666667e-01
   6.4782215e-02   5.3333333e-01   5.8666667e-01   1.6666667e-01
   4.0337994e-02   5.3333333e-01   5.6000000e-01   1.6666667e-01
   2.6959058e-02   5.4666667e-01   5.6000000e-01   1.6666667e-01
   2.0923448e-02   5.4666667e-01   5.6000000e-01   1.6666667e-01
   2.0621668e-02   5.4666667e-01   5.6000000e-01   1.6666667e-01
   2.0822855e-02   5.6000000e-01   5.6000000e-01   1.6666667e-01
   2.1527009e-02   5.4666667e-01   5.6000000e-01   1.6666667e-01
   2.2935318e-02   5.4666667e-01   5.6000000e-01   1.6666667e-01
   2.9675083e-02   5.4666667e-01   5.6000000e-01   1.6666667e-01
   3.2089327e-02   5.4666667e-01   5.6000000e-01   1.6666667e-01
   3.8124937e-02   5.3333333e-01   5.6000000e-01   1.6666667e-01
   4.0438588e-02   5.2000000e-01   5.6000000e-01   1.6666667e-01
   5.0095564e-02   5.0666667e-01   5.6000000e-01   1.6666667e-01
   5.7036515e-02   5.0666667e-01   5.6000000e-01   1.6666667e-01
   6.5687557e-02   4.9333333e-01   5.4666667e-01   1.6666667e-01
   7.4740972e-02   4.9333333e-01   5.4666667e-01   1.6666667e-01
   1.1517956e-01   4.9333333e-01   5.7333333e-01   1.6666667e-01
   1.8810985e-01   5.0666667e-01   6.5333333e-01   1.6666667e-01
   2.4524696e-01   5.0666667e-01   6.6666667e-01   1.6666667e-01
   2.6425913e-01   5.0666667e-01   6.8000000e-01   1.6666667e-01
   2.5832411e-01   5.2000000e-01   6.8000000e-01   1.6666667e-01
   2.4051906e-01   5.2000000e-01   6.8000000e-01   1.6666667e-01
   2.1174932e-01   5.3333333e-01   6.9333333e-01   1.6666667e-01
   1.8599738e-01   5.4666667e-01   6.9333333e-01   1.6666667e-01
   1.5280153e-01   5.4666667e-01   6.9333333e-01   1.6666667e-01
   1.2423297e-01   5.4666667e-01   6.8000000e-01   1.6666667e-01
   9.7072729e-02   5.6000000e-01   6.4000000e-01   1.6666667e-01
   7.0717232e-02   5.6000000e-01   6.2666667e-01   1.6666667e-01
   5.3314556e-02   5.4666667e-01   6.0000000e-01   1.6666667e-01
   3.8627905e-02   5.4666667e-01   5.6000000e-01   1.6666667e-01
   2.8568554e-02   5.3333333e-01   5.6000000e-01   1.6666667e-01
   3.1888140e-02   5.3333333e-01   5.6000000e-01   1.6666667e-01
   2.6154310e-02   5.3333333e-01   5.4666667e-01   1.6666667e-01
   2.4645408e-02   5.3333333e-01   5.4666667e-01   1.6666667e-01
   2.4645408e-02   5.2000000e-01   5.3333333e-01   1.6666667e-01
   2.7663213e-02   5.2000000e-01   5.3333333e-01   1.6666667e-01
   3.1586360e-02   5.2000000e-01   5.3333333e-01   1.6666667e-01
   3.0882205e-02   5.2000000e-01   5.4666667e-01   1.6666667e-01
   4.5870637e-02   5.2000000e-01   5.6000000e-01   1.6666667e-01
   8.9528216e-02   5.3333333e-01   6.2666667e-01   1.6666667e-01
   1.3771250e-01   5.3333333e-01   6.5333333e-01   1.6666667e-01
   1.7865406e-01   5.4666667e-01   6.6666667e-01   1.6666667e-01
   1.8700332e-01   5.4666667e-01   6.6666667e-01   1.6666667e-01
   1.8267780e-01   5.6000000e-01   6.8000000e-01   1.6666667e-01
   1.6265969e-01   5.6000000e-01   6.8000000e-01   1.6666667e-01
   1.4596117e-01   5.6000000e-01   6.8000000e-01   1.6666667e-01
   1.3046977e-01   5.6000000e-01   6.8000000e-01   1.6666667e-01
   1.2010864e-01   5.6000000e-01   6.8000000e-01   1.6666667e-01
   1.0009053e-01   5.4666667e-01   6.6666667e-01   1.6666667e-01
   8.7013379e-02   5.4666667e-01   6.1333333e-01   1.6666667e-01
   7.2427321e-02   5.3333333e-01   6.0000000e-01   1.6666667e-01
   6.6693492e-02   5.3333333e-01   5.8666667e-01   1.6666667e-01
   5.8746605e-02   5.3333333e-01   5.7333333e-01   1.6666667e-01
   5.7338296e-02   5.3333333e-01   5.7333333e-01   1.6666667e-01
   6.6190524e-02   5.3333333e-01   5.7333333e-01   1.6666667e-01
   6.9107736e-02   5.3333333e-01   5.8666667e-01   1.6666667e-01
   7.3735037e-02   5.3333333e-01   6.0000000e-01   1.6666667e-01
   7.2226134e-02   5.4666667e-01   6.1333333e-01   1.6666667e-01
   7.0918419e-02   5.6000000e-01   6.2666667e-01   1.6666667e-01
   6.6794085e-02   5.7333333e-01   6.4000000e-01   1.6666667e-01
   6.0255507e-02   5.8666667e-01   6.4000000e-01   1.6666667e-01
   5.2308621e-02   6.1333333e-01   6.5333333e-01   1.6666667e-01
   4.1042149e-02   6.2666667e-01   6.5333333e-01   1.6666667e-01
   4.4562921e-02   6.2666667e-01   6.6666667e-01   1.6666667e-01
   4.0337994e-02   6.4000000e-01   6.6666667e-01   1.6666667e-01
   4.3858767e-02   6.4000000e-01   6.6666667e-01   1.6666667e-01
   4.2249271e-02   6.4000000e-01   6.6666667e-01   1.6666667e-01
   3.8024344e-02   6.4000000e-01   6.6666667e-01   1.6666667e-01
   3.1083392e-02   6.5333333e-01   6.6666667e-01   1.6666667e-01
   2.6456091e-02   6.4000000e-01   6.4666667e-01   0.0000000e+00
   1.7704456e-02   6.2666667e-01   6.2666667e-01   1.6666667e-01
   2.2231164e-02   6.1939394e-01   6.1939394e-01   0.0000000e+00
   2.4947188e-02   6.1212121e-01   6.1212121e-01   0.0000000e+00
   1.9515139e-02   6.0484848e-01   6.0484848e-01   0.0000000e+00
   1.4384871e-02   5.9757576e-01   5.9757576e-01   0.0000000e+00
   8.9528216e-03   5.9030303e-01   5.9030303e-01   0.0000000e+00
   2.0118700e-04   5.8303030e-01   5.8303030e-01   0.0000000e+00
   4.0237401e-04   5.7575758e-01   5.7575758e-01   0.0000000e+00
   4.0237401e-04   5.6848485e-01   5.6848485e-01   0.0000000e+00
   6.0356101e-04   5.6121212e-01   5.6121212e-01   0.0000000e+00
   1.1065285e-02   5.5393939e-01   5.5393939e-01   0.0000000e+00
   1.9313952e-02   5.4666667e-01   5.4666667e-01   1.6666667e-01
   2.7864400e-02   5.4666667e-01   5.6000000e-01   1.6666667e-01
   3.6113067e-02   5.3333333e-01   5.6000000e-01   1.6666667e-01
   3.8024344e-02   5.3333333e-01   5.6000000e-01   1.6666667e-01
   3.9432653e-02   5.3333333e-01   5.6000000e-01   1.6666667e-01
   4.2551051e-02   5.3333333e-01   5.6000000e-01   1.6666667e-01
   4.8787848e-02   5.3333333e-01   5.6000000e-01   1.6666667e-01
   5.7740670e-02   5.3333333e-01   5.6000000e-01   1.6666667e-01
   7.3433256e-02   5.3333333e-01   5.7333333e-01   1.6666667e-01
   1.2413238e-01   5.3333333e-01   6.2666667e-01   1.6666667e-01
   1.9505080e-01   5.3333333e-01   6.8000000e-01   1.6666667e-01
   2.4182678e-01   5.4666667e-01   6.9333333e-01   1.6666667e-01
   2.5218791e-01   5.4666667e-01   7.0666667e-01   1.6666667e-01
   2.4816417e-01   5.6000000e-01   7.0666667e-01   1.6666667e-01
   2.3719948e-01   5.6000000e-01   7.0666667e-01   1.6666667e-01
   2.1637662e-01   5.7333333e-01   7.2000000e-01   1.6666667e-01
   1.8458908e-01   5.7333333e-01   7.2000000e-01   1.6666667e-01
   1.5712705e-01   5.7333333e-01   7.2000000e-01   1.6666667e-01
   1.3841666e-01   5.6000000e-01   7.2000000e-01   1.6666667e-01
   1.1185997e-01   5.6000000e-01   7.2000000e-01   3.3333333e-01
   8.1983704e-02   5.6000000e-01   6.0000000e-01   1.6666667e-01
   4.7983100e-02   5.4666667e-01   5.7333333e-01   1.6666667e-01
   3.6414848e-02   5.4666667e-01   5.6000000e-01   1.6666667e-01
   3.4101197e-02   5.3333333e-01   5.6000000e-01   1.6666667e-01
   3.5107132e-02   5.3333333e-01   5.6000000e-01   1.6666667e-01
   3.5107132e-02   5.3333333e-01   5.6000000e-01   1.6666667e-01
   3.4704758e-02   5.3333333e-01   5.6000000e-01   1.6666667e-01
   3.4302384e-02   5.3333333e-01   5.6000000e-01   1.6666667e-01
   3.5710693e-02   5.3333333e-01   5.6000000e-01   1.6666667e-01
   4.0136807e-02   5.3333333e-01   5.6000000e-01   1.6666667e-01
   5.2107434e-02   5.3333333e-01   5.7333333e-01   1.6666667e-01
   7.1622573e-02   5.3333333e-01   6.0000000e-01   1.6666667e-01
   1.0310834e-01   5.4666667e-01   6.1333333e-01   1.6666667e-01
   1.4254099e-01   5.4666667e-01   6.5333333e-01   1.6666667e-01
   1.8700332e-01   5.6000000e-01   6.8000000e-01   1.6666667e-01
   2.0913389e-01   5.6000000e-01   6.9333333e-01   1.6666667e-01
   2.1537069e-01   5.7333333e-01   7.0666667e-01   1.6666667e-01
   2.0390303e-01   5.7333333e-01   7.0666667e-01   1.6666667e-01
   1.8810985e-01   5.8666667e-01   7.0666667e-01   1.6666667e-01
   1.5913892e-01   5.8666667e-01   7.2000000e-01   1.6666667e-01
   1.2916206e-01   5.8666667e-01   7.2000000e-01   1.6666667e-01
   1.1417362e-01   6.0000000e-01   7.2000000e-01   1.6666667e-01
   9.2244241e-02   5.6000000e-01   7.2000000e-01   3.3333333e-01
   6.7498240e-02   5.4666667e-01   5.7333333e-01   1.6666667e-01
   4.5468263e-02   5.4666667e-01   5.7333333e-01   1.6666667e-01
   6.1160849e-02   5.4666667e-01   5.7333333e-01   1.6666667e-01
   7.1220199e-02   5.4666667e-01   5.8666667e-01   1.6666667e-01
   8.0776582e-02   5.4666667e-01   5.8666667e-01   1.6666667e-01
   8.2285484e-02   5.4666667e-01   6.0000000e-01   1.6666667e-01
   8.2285484e-02   5.4666667e-01   6.1333333e-01   1.6666667e-01
   8.2687858e-02   5.6000000e-01   6.2666667e-01   1.6666667e-01
   7.3030882e-02   5.6000000e-01   6.2666667e-01   1.6666667e-01
   7.2527915e-02   5.7333333e-01   6.4000000e-01   1.6666667e-01
   6.5687557e-02   5.8666667e-01   6.4000000e-01   1.6666667e-01
   5.6131174e-02   6.0000000e-01   6.5333333e-01   1.6666667e-01
   4.9994970e-02   6.1333333e-01   6.5333333e-01   1.6666667e-01
   4.7580726e-02   6.2666667e-01   6.6666667e-01   1.6666667e-01
   5.2208027e-02   2.4000000e-01   6.6666667e-01   3.3333333e-01
   6.1462630e-02   2.4000000e-01   6.6666667e-01   3.3333333e-01
   6.5184589e-02   2.5333333e-01   6.8000000e-01   3.3333333e-01
   6.4379841e-02   2.5333333e-01   6.8000000e-01   3.3333333e-01
   6.4379841e-02   2.6666667e-01   6.8000000e-01   3.3333333e-01
   5.9350166e-02   6.4000000e-01   6.8000000e-01   1.6666667e-01
   4.7379539e-02   6.4000000e-01   6.8000000e-01   1.6666667e-01
   4.1746303e-02   6.4000000e-01   6.8000000e-01   1.6666667e-01
   3.8829092e-02   6.2666667e-01   6.5666667e-01   0.0000000e+00
   2.5047782e-02   6.1333333e-01   6.3333333e-01   0.0000000e+00
   1.5491399e-02   6.0000000e-01   6.1000000e-01   0.0000000e+00
   2.7260839e-02   5.8666667e-01   5.8666667e-01   1.6666667e-01
   5.1906247e-02   5.7333333e-01   6.0000000e-01   1.6666667e-01
   1.1055226e-01   5.3333333e-01   6.1333333e-01   1.6666667e-01
   1.6296147e-01   5.0666667e-01   6.1333333e-01   1.6666667e-01
   1.9957751e-01   5.0666667e-01   6.2666667e-01   1.6666667e-01
   2.1184991e-01   5.0666667e-01   6.2666667e-01   1.6666667e-01
   2.2100392e-01   5.0666667e-01   6.4000000e-01   1.6666667e-01
   2.1406297e-01   5.0666667e-01   6.4000000e-01   1.6666667e-01
   1.9625792e-01   5.2000000e-01   6.5333333e-01   1.6666667e-01
   1.6658284e-01   5.2000000e-01   6.5333333e-01   1.6666667e-01
   1.4887838e-01   5.3333333e-01   6.6666667e-01   1.6666667e-01
   1.2362941e-01   5.6000000e-01   6.6666667e-01   1.6666667e-01
   9.6267981e-02   6.0000000e-01   6.6666667e-01   1.6666667e-01
   8.2386078e-02   6.2666667e-01   6.6666667e-01   1.6666667e-01
   7.0013077e-02   6.2666667e-01   6.8000000e-01   1.6666667e-01
   6.6089931e-02   6.2666667e-01   6.8000000e-01   1.6666667e-01
   5.6533548e-02   6.2666667e-01   6.8000000e-01   1.6666667e-01
   5.1101499e-02   6.2666667e-01   6.8000000e-01   1.6666667e-01
   5.5527613e-02   6.4000000e-01   6.8000000e-01   1.6666667e-01
   6.3876874e-02   6.4000000e-01   6.6666667e-01   1.6666667e-01
   5.3918117e-02   6.2666667e-01   6.6666667e-01   1.6666667e-01
   4.5367669e-02   6.1333333e-01   6.2666667e-01   1.6666667e-01
   3.9734433e-02   6.1333333e-01   6.2666667e-01   1.6666667e-01
   4.5166482e-02   6.0000000e-01   9.8666667e-01   3.3333333e-01
   6.6089931e-02   6.0000000e-01   9.8666667e-01   3.3333333e-01
   9.2646615e-02   5.7333333e-01   9.8666667e-01   3.3333333e-01
   1.4213862e-01   5.6000000e-01   1.0000000e+00   3.3333333e-01
   3.3306508e-01   2.6666667e-01   1.0000000e+00   5.0000000e-01
   5.8314053e-01   2.2666667e-01   1.0000000e+00   6.6666667e-01
   8.1792576e-01   2.2666667e-01   1.0000000e+00   3.3333333e-01
   9.6589880e-01   2.2666667e-01   1.0000000e+00   1.6666667e-01
   1.0000000e+00   2.2666667e-01   1.0000000e+00   3.3333333e-01
   9.5563827e-01   3.8666667e-01   9.8666667e-01   1.6666667e-01
   8.5574892e-01   4.0000000e-01   9.8666667e-01   1.6666667e-01
   7.5938034e-01   4.2666667e-01   9.7333333e-01   1.6666667e-01
   6.6763907e-01   4.5333333e-01   9.4666667e-01   1.6666667e-01
   5.6080877e-01   4.6666667e-01   9.2000000e-01   1.6666667e-01
   4.5619153e-01   4.8000000e-01   9.0666667e-01   1.6666667e-01
   3.5700634e-01   4.8000000e-01   8.9333333e-01   3.3333333e-01
   2.6496328e-01   6.2666667e-01   8.5333333e-01   1.6666667e-01
   1.8981994e-01   6.2666667e-01   8.0000000e-01   1.6666667e-01
   1.3962378e-01   6.2666667e-01   7.2000000e-01   1.6666667e-01
   1.0522080e-01   6.2666667e-01   6.9333333e-01   1.6666667e-01
   8.1883110e-02   6.1333333e-01   6.6666667e-01   1.6666667e-01
   4.8284881e-02   6.1333333e-01   6.5333333e-01   1.6666667e-01
   3.9130872e-02   6.1333333e-01   6.2666667e-01   1.6666667e-01
   3.3397043e-02   6.1333333e-01   6.2666667e-01   1.6666667e-01
   2.6154310e-02   5.9555556e-01   6.0444444e-01   0.0000000e+00
   2.1828790e-02   5.7777778e-01   5.8222222e-01   0.0000000e+00
   4.0840962e-02   5.6000000e-01   5.6000000e-01   1.6666667e-01
   7.5445126e-02   5.0666667e-01   5.7333333e-01   1.6666667e-01
   1.1367066e-01   4.9333333e-01   5.7333333e-01   1.6666667e-01
   1.4455286e-01   4.9333333e-01   5.8666667e-01   1.6666667e-01
   1.5923951e-01   4.9333333e-01   5.8666667e-01   1.6666667e-01
   1.6507394e-01   4.8000000e-01   6.0000000e-01   1.6666667e-01
   1.8629917e-01   4.9333333e-01   6.4000000e-01   1.6666667e-01
   2.3981491e-01   4.9333333e-01   7.0666667e-01   1.6666667e-01
   2.5782114e-01   5.0666667e-01   7.2000000e-01   1.6666667e-01
   2.4122322e-01   5.2000000e-01   7.2000000e-01   3.3333333e-01
   2.0511015e-01   5.7333333e-01   7.2000000e-01   1.6666667e-01
   1.6205613e-01   5.8666667e-01   7.2000000e-01   1.6666667e-01
   1.2745197e-01   6.0000000e-01   7.2000000e-01   1.6666667e-01
   9.1841867e-02   6.2666667e-01   7.0666667e-01   1.6666667e-01
   6.7800020e-02   6.4000000e-01   7.0666667e-01   1.6666667e-01
   4.1042149e-02   6.6666667e-01   6.9333333e-01   1.6666667e-01
   2.0118700e-02   6.6153846e-01   6.8615385e-01   0.0000000e+00
   0.0000000e+00   6.5641026e-01   6.7897436e-01   0.0000000e+00
   4.0237401e-04   6.5128205e-01   6.7179487e-01   0.0000000e+00
   4.0237401e-04   6.4615385e-01   6.6461538e-01   0.0000000e+00
   4.0237401e-04   6.4102564e-01   6.5743590e-01   0.0000000e+00
   4.0237401e-04   6.3589744e-01   6.5025641e-01   0.0000000e+00
   4.0237401e-04   6.3076923e-01   6.4307692e-01   0.0000000e+00
   4.0237401e-04   6.2564103e-01   6.3589744e-01   0.0000000e+00
   4.0237401e-04   6.2051282e-01   6.2871795e-01   0.0000000e+00
   4.0237401e-04   6.1538462e-01   6.2153846e-01   0.0000000e+00
   4.0237401e-04   6.1025641e-01   6.1435897e-01   0.0000000e+00
   9.0534151e-04   6.0512821e-01   6.0717949e-01   0.0000000e+00
   1.9313952e-02   6.0000000e-01   6.0000000e-01   1.6666667e-01
   6.9208329e-02   5.7333333e-01   6.2666667e-01   1.6666667e-01
   1.0994870e-01   5.6000000e-01   6.4000000e-01   1.6666667e-01
   1.5139322e-01   5.4666667e-01   6.5333333e-01   1.6666667e-01
   1.7563625e-01   5.4666667e-01   6.6666667e-01   1.6666667e-01
   1.7503269e-01   5.3333333e-01   6.6666667e-01   1.6666667e-01
   1.6960064e-01   5.3333333e-01   6.8000000e-01   1.6666667e-01
   1.6296147e-01   5.3333333e-01   6.8000000e-01   1.6666667e-01
   1.5622171e-01   5.3333333e-01   6.9333333e-01   1.6666667e-01
   1.4042853e-01   5.3333333e-01   6.9333333e-01   1.6666667e-01
   1.2282467e-01   5.3333333e-01   6.9333333e-01   3.3333333e-01
   9.8883412e-02   5.3333333e-01   6.9333333e-01   3.3333333e-01
   8.6309224e-02   5.3333333e-01   7.0666667e-01   3.3333333e-01
   8.7818127e-02   5.3333333e-01   7.0666667e-01   3.3333333e-01
   1.0371190e-01   5.3333333e-01   7.0666667e-01   3.3333333e-01
   1.4093150e-01   5.4666667e-01   7.0666667e-01   1.6666667e-01
   1.6708581e-01   5.4666667e-01   7.0666667e-01   1.6666667e-01
   1.8499145e-01   5.4666667e-01   6.9333333e-01   1.6666667e-01
   1.8760688e-01   5.4666667e-01   6.8000000e-01   1.6666667e-01
   1.8066593e-01   5.4666667e-01   6.6666667e-01   1.6666667e-01
   1.6758877e-01   5.4666667e-01   6.5333333e-01   1.6666667e-01
   1.5612111e-01   5.4666667e-01   6.4000000e-01   1.6666667e-01
   1.3982497e-01   5.4666667e-01   6.4000000e-01   1.6666667e-01
   1.2111458e-01   5.6000000e-01   6.5333333e-01   1.6666667e-01
   9.9486973e-02   5.7333333e-01   6.5333333e-01   1.6666667e-01
   8.3090232e-02   5.8666667e-01   6.5333333e-01   1.6666667e-01
   6.6190524e-02   6.0000000e-01   6.6666667e-01   1.6666667e-01
   5.2208027e-02   6.2666667e-01   6.6666667e-01   1.6666667e-01
   4.2551051e-02   6.4000000e-01   6.6666667e-01   1.6666667e-01
   3.9935620e-02   6.4000000e-01   6.6666667e-01   1.6666667e-01
   3.3497636e-02   6.4000000e-01   6.6666667e-01   1.6666667e-01
   3.0882205e-02   6.4000000e-01   6.6666667e-01   1.6666667e-01
   3.3095262e-02   6.4000000e-01   6.6666667e-01   1.6666667e-01
   3.1385173e-02   6.4000000e-01   6.5333333e-01   1.6666667e-01
   2.6757871e-02   6.4000000e-01   6.5333333e-01   1.6666667e-01
   3.0379238e-02   6.2666667e-01   6.5333333e-01   1.6666667e-01
   2.5852530e-02   6.2666667e-01   6.4000000e-01   1.6666667e-01
   3.2894075e-02   6.2666667e-01   6.2666667e-01   1.6666667e-01
   3.4604165e-02   5.9333333e-01   6.1333333e-01   0.0000000e+00
   4.3255206e-02   5.6000000e-01   6.0000000e-01   1.6666667e-01
   4.7983100e-02   5.4666667e-01   6.0000000e-01   1.6666667e-01
   6.1563223e-02   5.3333333e-01   5.8666667e-01   1.6666667e-01
   7.0415451e-02   5.3333333e-01   5.8666667e-01   1.6666667e-01
   7.9167086e-02   5.2000000e-01   5.8666667e-01   1.6666667e-01
   8.6611005e-02   5.2000000e-01   5.8666667e-01   1.6666667e-01
   8.7214566e-02   5.2000000e-01   5.8666667e-01   1.6666667e-01
   9.1338900e-02   5.2000000e-01   5.8666667e-01   1.6666667e-01
   9.7374510e-02   5.3333333e-01   6.1333333e-01   1.6666667e-01
   9.5161453e-02   5.3333333e-01   6.4000000e-01   1.6666667e-01
   9.6267981e-02   5.4666667e-01   6.4000000e-01   1.6666667e-01
   8.3090232e-02   5.6000000e-01   6.5333333e-01   1.6666667e-01
   7.0314858e-02   5.7333333e-01   6.5333333e-01   1.6666667e-01
   5.3415149e-02   6.2666667e-01   6.6666667e-01   1.6666667e-01
   3.4402978e-02   6.5333333e-01   6.8000000e-01   1.6666667e-01
   2.3337692e-02   6.6666667e-01   6.8000000e-01   1.6666667e-01
   2.6757871e-02   6.6666667e-01   6.8000000e-01   1.6666667e-01
   2.3136505e-02   6.6666667e-01   6.9333333e-01   1.6666667e-01
   2.8669148e-02   6.8000000e-01   6.9333333e-01   1.6666667e-01
   4.7379539e-02   2.5333333e-01   6.9333333e-01   3.3333333e-01
   6.5788150e-02   2.5333333e-01   6.9333333e-01   3.3333333e-01
   6.5285183e-02   2.5333333e-01   6.9333333e-01   3.3333333e-01
   6.1563223e-02   2.5333333e-01   2.8000000e-01   1.6666667e-01
   5.7338296e-02   2.6666667e-01   2.9333333e-01   1.6666667e-01
   4.6574791e-02   2.8000000e-01   6.6666667e-01   3.3333333e-01
   3.6314254e-02   6.6666667e-01   6.6666667e-01   1.6666667e-01
   2.4746001e-02   6.5333333e-01   6.5333333e-01   1.6666667e-01
   2.9876270e-02   6.4000000e-01   6.5333333e-01   1.6666667e-01
   4.5568856e-02   6.0000000e-01   6.5333333e-01   3.3333333e-01
   6.7297053e-02   5.7333333e-01   6.4000000e-01   1.6666667e-01
   1.0371190e-01   5.4666667e-01   6.4000000e-01   1.6666667e-01
   1.4777185e-01   5.2000000e-01   6.2666667e-01   1.6666667e-01
   1.7362438e-01   5.2000000e-01   6.2666667e-01   1.6666667e-01
   1.7553566e-01   5.2000000e-01   6.2666667e-01   1.6666667e-01
   1.5944070e-01   5.2000000e-01   6.4000000e-01   1.6666667e-01
   1.4002615e-01   5.2000000e-01   6.4000000e-01   1.6666667e-01
   1.2453476e-01   5.3333333e-01   6.5333333e-01   1.6666667e-01
   1.0230359e-01   5.4666667e-01   6.5333333e-01   1.6666667e-01
   8.4096167e-02   5.8666667e-01   6.6666667e-01   1.6666667e-01
   5.9148979e-02   6.2666667e-01   6.6666667e-01   1.6666667e-01
   4.6474198e-02   6.4000000e-01   6.6666667e-01   1.6666667e-01
   4.4059954e-02   6.4000000e-01   6.8000000e-01   1.6666667e-01
   4.7379539e-02   6.4000000e-01   6.8000000e-01   1.6666667e-01
   4.9089629e-02   6.5333333e-01   6.8000000e-01   1.6666667e-01
   5.3515743e-02   6.5333333e-01   6.8000000e-01   1.6666667e-01
   5.1503873e-02   6.5333333e-01   6.8000000e-01   1.6666667e-01
   4.8486068e-02   6.5333333e-01   6.9333333e-01   1.6666667e-01
   4.6574791e-02   6.5333333e-01   6.9333333e-01   1.6666667e-01
   7.1220199e-02   5.4666667e-01   6.9333333e-01   3.3333333e-01
   9.9989941e-02   5.3333333e-01   6.8000000e-01   3.3333333e-01
   1.2694900e-01   5.2000000e-01   6.6666667e-01   3.3333333e-01
   1.3962378e-01   5.0666667e-01   6.6666667e-01   1.6666667e-01
   1.5702646e-01   5.0666667e-01   6.6666667e-01   1.6666667e-01
   1.6185494e-01   4.9333333e-01   6.6666667e-01   1.6666667e-01
   1.6336385e-01   4.8000000e-01   6.6666667e-01   3.3333333e-01
   1.6296147e-01   4.8000000e-01   6.6666667e-01   3.3333333e-01
   1.5350568e-01   4.8000000e-01   6.5333333e-01   3.3333333e-01
   1.5119203e-01   4.8000000e-01   6.6666667e-01   3.3333333e-01
   1.4767126e-01   4.9333333e-01   6.6666667e-01   3.3333333e-01
   1.5028669e-01   4.9333333e-01   6.6666667e-01   3.3333333e-01
   1.4525702e-01   5.0666667e-01   6.6666667e-01   1.6666667e-01
   1.3771250e-01   5.2000000e-01   6.6666667e-01   3.3333333e-01
   1.2081280e-01   5.3333333e-01   6.8000000e-01   3.3333333e-01
   1.0139825e-01   5.6000000e-01   6.8000000e-01   3.3333333e-01
   8.1681923e-02   6.2666667e-01   6.8000000e-01   1.6666667e-01
   6.5486370e-02   6.2666667e-01   6.8000000e-01   1.6666667e-01
   6.6391711e-02   6.2666667e-01   6.8000000e-01   1.6666667e-01
   6.6190524e-02   6.1333333e-01   6.8000000e-01   1.6666667e-01
   6.4681622e-02   6.1333333e-01   6.6666667e-01   1.6666667e-01
   6.8001207e-02   6.0000000e-01   6.6666667e-01   1.6666667e-01
   6.9711297e-02   5.8666667e-01   6.5333333e-01   1.6666667e-01
   7.0616638e-02   5.7333333e-01   6.4000000e-01   1.6666667e-01
   9.2546022e-02   5.2000000e-01   6.2666667e-01   3.3333333e-01
   1.1528015e-01   5.2000000e-01   6.1333333e-01   1.6666667e-01
   1.2674781e-01   5.0666667e-01   6.1333333e-01   1.6666667e-01
   1.2785434e-01   5.2000000e-01   6.0000000e-01   1.6666667e-01
   1.1920330e-01   5.2000000e-01   6.0000000e-01   1.6666667e-01
   1.1367066e-01   5.2000000e-01   6.0000000e-01   1.6666667e-01
   1.1588371e-01   5.3333333e-01   6.1333333e-01   1.6666667e-01
   1.8499145e-01   5.4666667e-01   7.7333333e-01   3.3333333e-01
   2.6023539e-01   5.6000000e-01   7.8666667e-01   1.6666667e-01
   3.1274520e-01   5.7333333e-01   7.8666667e-01   1.6666667e-01
   3.1868021e-01   5.8666667e-01   7.8666667e-01   1.6666667e-01
   2.9614727e-01   6.0000000e-01   7.8666667e-01   1.6666667e-01
   2.6395735e-01   6.1333333e-01   7.8666667e-01   1.6666667e-01
   2.1858968e-01   6.2666667e-01   7.8666667e-01   1.6666667e-01
   1.7503269e-01   6.4000000e-01   7.7333333e-01   1.6666667e-01
   1.3771250e-01   6.4000000e-01   7.6000000e-01   1.6666667e-01
   1.0200181e-01   6.5333333e-01   7.6000000e-01   1.6666667e-01
   6.8504175e-02   6.8000000e-01   7.2000000e-01   1.6666667e-01
   3.9935620e-02   6.8000000e-01   7.2000000e-01   0.0000000e+00
