   2.2100000e+02
   3.2542579e-02   5.6756757e-01   5.8108108e-01   1.6666667e-01
   1.0736010e-01   5.2702703e-01   6.0810811e-01   1.6666667e-01
   1.9130170e-01   5.0000000e-01   6.3513514e-01   1.6666667e-01
   2.4259935e-01   5.0000000e-01   6.4864865e-01   1.6666667e-01
   2.4959448e-01   5.0000000e-01   6.6216216e-01   1.6666667e-01
   2.3246148e-01   5.0000000e-01   6.6216216e-01   1.6666667e-01
   2.0762368e-01   5.0000000e-01   6.7567568e-01   1.6666667e-01
   1.7558800e-01   5.0000000e-01   6.7567568e-01   1.6666667e-01
   1.3087997e-01   5.1351351e-01   6.7567568e-01   1.6666667e-01
   8.7591241e-02   5.2702703e-01   6.7567568e-01   3.3333333e-01
   5.5352798e-02   6.4864865e-01   6.7567568e-01   1.6666667e-01
   4.9168694e-02   6.4864865e-01   6.8918919e-01   1.6666667e-01
   5.1804542e-02   6.4864865e-01   6.8918919e-01   1.6666667e-01
   5.8394161e-02   6.3513514e-01   6.7567568e-01   1.6666667e-01
   7.0458232e-02   6.2162162e-01   6.7567568e-01   1.6666667e-01
   8.7388483e-02   6.0810811e-01   6.7567568e-01   1.6666667e-01
   1.0624493e-01   5.8108108e-01   6.7567568e-01   1.6666667e-01
   1.2043796e-01   5.6756757e-01   6.6216216e-01   1.6666667e-01
   1.4010543e-01   5.5405405e-01   6.4864865e-01   1.6666667e-01
   1.5429846e-01   5.4054054e-01   6.4864865e-01   1.6666667e-01
   1.6251014e-01   5.2702703e-01   6.4864865e-01   1.6666667e-01
   1.5764396e-01   5.2702703e-01   6.3513514e-01   1.6666667e-01
   1.5247364e-01   5.2702703e-01   6.3513514e-01   1.6666667e-01
   1.4862125e-01   5.2702703e-01   6.2162162e-01   1.6666667e-01
   1.4628954e-01   5.2702703e-01   6.2162162e-01   1.6666667e-01
   1.3858475e-01   5.4054054e-01   6.3513514e-01   1.6666667e-01
   1.3270479e-01   5.5405405e-01   6.3513514e-01   1.6666667e-01
   1.1993106e-01   5.5405405e-01   6.4864865e-01   1.6666667e-01
   1.0502839e-01   5.8108108e-01   6.4864865e-01   1.6666667e-01
   8.7084347e-02   5.9459459e-01   6.6216216e-01   1.6666667e-01
   7.4209246e-02   6.0810811e-01   6.6216216e-01   1.6666667e-01
   6.7923763e-02   6.2162162e-01   6.6216216e-01   1.6666667e-01
   6.4071371e-02   6.2162162e-01   6.6216216e-01   1.6666667e-01
   8.7287105e-02   6.2162162e-01   6.7567568e-01   1.6666667e-01
   1.3990268e-01   5.1351351e-01   6.7567568e-01   3.3333333e-01
   1.8015004e-01   5.0000000e-01   6.7567568e-01   1.6666667e-01
   1.9393755e-01   5.0000000e-01   6.7567568e-01   1.6666667e-01
   1.8684104e-01   5.0000000e-01   6.7567568e-01   1.6666667e-01
   1.5855637e-01   5.0000000e-01   6.6216216e-01   1.6666667e-01
   1.2895377e-01   5.1351351e-01   6.4864865e-01   3.3333333e-01
   8.1914031e-02   5.1351351e-01   5.5405405e-01   1.6666667e-01
   6.3969992e-02   5.1351351e-01   5.5405405e-01   1.6666667e-01
   6.2652068e-02   5.1351351e-01   5.5405405e-01   1.6666667e-01
   6.4476886e-02   5.1351351e-01   5.5405405e-01   1.6666667e-01
   6.2854826e-02   5.1351351e-01   5.5405405e-01   1.6666667e-01
   5.9407948e-02   5.0000000e-01   5.5405405e-01   1.6666667e-01
   6.1131387e-02   5.0000000e-01   5.5405405e-01   1.6666667e-01
   6.2246553e-02   5.0000000e-01   5.5405405e-01   1.6666667e-01
   5.8799676e-02   4.8648649e-01   5.4054054e-01   1.6666667e-01
   4.9675588e-02   4.8648649e-01   5.4054054e-01   1.6666667e-01
   4.5721817e-02   4.8648649e-01   5.2702703e-01   1.6666667e-01
   3.9436334e-02   4.8648649e-01   5.1351351e-01   1.6666667e-01
   3.3353609e-02   4.7297297e-01   5.1351351e-01   1.6666667e-01
   3.6699108e-02   4.5945946e-01   5.0000000e-01   1.6666667e-01
   4.5620438e-02   4.4594595e-01   4.8648649e-01   1.6666667e-01
   6.0523114e-02   4.3243243e-01   4.8648649e-01   1.6666667e-01
   7.9987835e-02   4.1891892e-01   4.8648649e-01   1.6666667e-01
   1.2814274e-01   4.0540541e-01   4.7297297e-01   1.6666667e-01
   2.6966748e-01   1.7567568e-01   4.8648649e-01   3.3333333e-01
   5.3092052e-01   1.2162162e-01   5.4054054e-01   1.6666667e-01
   8.0727899e-01   5.4054054e-02   6.7567568e-01   3.3333333e-01
   9.6076642e-01   2.7027027e-02   6.8918919e-01   1.6666667e-01
   1.0000000e+00   1.3513514e-02   6.8918919e-01   1.6666667e-01
   9.7891322e-01   1.3513514e-02   7.0270270e-01   1.6666667e-01
   9.1666667e-01   1.3513514e-02   7.0270270e-01   1.6666667e-01
   8.1772101e-01   0.0000000e+00   7.0270270e-01   5.0000000e-01
   7.0296026e-01   0.0000000e+00   7.0270270e-01   3.3333333e-01
   6.0340633e-01   0.0000000e+00   7.0270270e-01   3.3333333e-01
   5.1824818e-01   0.0000000e+00   7.0270270e-01   5.0000000e-01
   4.6309813e-01   0.0000000e+00   6.8918919e-01   5.0000000e-01
   4.1869424e-01   1.3513514e-02   6.6216216e-01   5.0000000e-01
   3.9628954e-01   1.3513514e-02   6.3513514e-01   5.0000000e-01
   4.0703569e-01   2.7027027e-02   6.2162162e-01   5.0000000e-01
   4.4545823e-01   2.7027027e-02   6.0810811e-01   5.0000000e-01
   4.8692214e-01   4.0540541e-02   5.9459459e-01   3.3333333e-01
   4.9665450e-01   5.4054054e-02   6.0810811e-01   3.3333333e-01
   4.6502433e-01   6.7567568e-02   6.0810811e-01   3.3333333e-01
   4.1129359e-01   8.1081081e-02   6.2162162e-01   3.3333333e-01
   3.4630981e-01   1.0810811e-01   6.2162162e-01   3.3333333e-01
   2.7422952e-01   1.2162162e-01   6.3513514e-01   3.3333333e-01
   2.0072993e-01   1.4864865e-01   6.3513514e-01   3.3333333e-01
   1.3270479e-01   5.6756757e-01   6.4864865e-01   1.6666667e-01
   8.1914031e-02   5.8108108e-01   6.4864865e-01   1.6666667e-01
   7.0559611e-02   6.0810811e-01   6.4864865e-01   1.6666667e-01
   6.5794809e-02   6.2162162e-01   6.4864865e-01   1.6666667e-01
   6.2347932e-02   6.2162162e-01   6.6216216e-01   1.6666667e-01
   6.3564477e-02   6.2162162e-01   6.6216216e-01   1.6666667e-01
   6.9951338e-02   6.2162162e-01   6.6216216e-01   1.6666667e-01
   7.2992701e-02   6.2162162e-01   6.6216216e-01   1.6666667e-01
   7.3600973e-02   6.2162162e-01   6.7567568e-01   1.6666667e-01
   7.4716139e-02   6.2162162e-01   6.7567568e-01   1.6666667e-01
   8.0596107e-02   6.2162162e-01   6.7567568e-01   1.6666667e-01
   8.2522303e-02   6.0810811e-01   6.6216216e-01   1.6666667e-01
   8.1204380e-02   6.0810811e-01   6.6216216e-01   1.6666667e-01
   7.9379562e-02   6.0810811e-01   6.6216216e-01   1.6666667e-01
   7.8061638e-02   6.0810811e-01   6.6216216e-01   1.6666667e-01
   7.4412003e-02   5.9459459e-01   6.4864865e-01   1.6666667e-01
   7.2688564e-02   5.9459459e-01   6.4864865e-01   1.6666667e-01
   6.4679643e-02   5.9459459e-01   6.4864865e-01   1.6666667e-01
   5.7076237e-02   5.8108108e-01   6.3513514e-01   1.6666667e-01
   4.6431468e-02   5.8108108e-01   6.3513514e-01   1.6666667e-01
   3.5786699e-02   5.8108108e-01   6.2162162e-01   1.6666667e-01
   3.5077048e-02   5.8108108e-01   6.0810811e-01   1.6666667e-01
   3.2441200e-02   5.8108108e-01   6.0810811e-01   1.6666667e-01
   3.5482563e-02   5.5405405e-01   5.9459459e-01   1.6666667e-01
   3.4266018e-02   5.5405405e-01   5.8108108e-01   1.6666667e-01
   2.9703974e-02   5.4054054e-01   5.6756757e-01   1.6666667e-01
   2.2911598e-02   5.4054054e-01   5.6756757e-01   1.6666667e-01
   1.3888889e-02   5.5405405e-01   5.5405405e-01   1.6666667e-01
   5.7785888e-03   5.6081081e-01   5.6418919e-01   0.0000000e+00
   0.0000000e+00   5.6756757e-01   5.7432432e-01   0.0000000e+00
   0.0000000e+00   5.7432432e-01   5.8445946e-01   0.0000000e+00
   3.0210868e-02   5.8108108e-01   5.9459459e-01   1.6666667e-01
   8.8706407e-02   5.5405405e-01   6.2162162e-01   1.6666667e-01
   1.4111922e-01   5.4054054e-01   6.3513514e-01   1.6666667e-01
   1.7822384e-01   5.2702703e-01   6.4864865e-01   1.6666667e-01
   1.9647202e-01   5.2702703e-01   6.4864865e-01   1.6666667e-01
   2.0093268e-01   5.1351351e-01   6.6216216e-01   1.6666667e-01
   1.9576237e-01   5.1351351e-01   6.6216216e-01   1.6666667e-01
   1.8653690e-01   5.1351351e-01   6.6216216e-01   1.6666667e-01
   1.7315491e-01   5.1351351e-01   6.7567568e-01   1.6666667e-01
   1.5673155e-01   5.1351351e-01   6.7567568e-01   3.3333333e-01
   1.4791160e-01   5.1351351e-01   6.7567568e-01   3.3333333e-01
   1.4983779e-01   5.1351351e-01   6.7567568e-01   3.3333333e-01
   1.6078670e-01   5.1351351e-01   6.7567568e-01   3.3333333e-01
   1.8532036e-01   5.1351351e-01   6.8918919e-01   1.6666667e-01
   2.0498783e-01   5.2702703e-01   6.8918919e-01   1.6666667e-01
   2.0884023e-01   5.2702703e-01   6.7567568e-01   1.6666667e-01
   1.9393755e-01   5.2702703e-01   6.6216216e-01   1.6666667e-01
   1.7568938e-01   5.2702703e-01   6.6216216e-01   1.6666667e-01
   1.5683293e-01   5.4054054e-01   6.4864865e-01   1.6666667e-01
   1.4152474e-01   5.4054054e-01   6.3513514e-01   1.6666667e-01
   1.3503650e-01   5.4054054e-01   6.2162162e-01   1.6666667e-01
   1.2621655e-01   5.5405405e-01   6.2162162e-01   1.6666667e-01
   1.1810624e-01   5.5405405e-01   6.3513514e-01   1.6666667e-01
   1.0675182e-01   5.6756757e-01   6.3513514e-01   1.6666667e-01
   9.9655312e-02   5.8108108e-01   6.3513514e-01   1.6666667e-01
   8.9111922e-02   5.9459459e-01   6.4864865e-01   1.6666667e-01
   7.6946472e-02   5.9459459e-01   6.4864865e-01   1.6666667e-01
   7.0458232e-02   6.0810811e-01   6.4864865e-01   1.6666667e-01
   6.5794809e-02   6.2162162e-01   6.6216216e-01   1.6666667e-01
   5.7684509e-02   6.2162162e-01   6.6216216e-01   1.6666667e-01
   5.3933496e-02   6.2162162e-01   6.6216216e-01   1.6666667e-01
   5.3629359e-02   6.3513514e-01   6.6216216e-01   1.6666667e-01
   5.4643147e-02   6.2162162e-01   6.6216216e-01   1.6666667e-01
   5.6670722e-02   6.2162162e-01   6.6216216e-01   1.6666667e-01
   6.6605839e-02   6.2162162e-01   6.6216216e-01   1.6666667e-01
   8.1609895e-02   6.0810811e-01   6.6216216e-01   1.6666667e-01
   9.7830495e-02   5.9459459e-01   6.6216216e-01   1.6666667e-01
   1.1476075e-01   5.6756757e-01   6.6216216e-01   1.6666667e-01
   2.0863747e-01   2.4324324e-01   6.6216216e-01   5.0000000e-01
   3.9811436e-01   2.2972973e-01   6.4864865e-01   5.0000000e-01
   5.4268045e-01   2.2972973e-01   6.4864865e-01   1.6666667e-01
   5.8982157e-01   2.2972973e-01   6.3513514e-01   1.6666667e-01
   5.8313058e-01   2.2972973e-01   6.2162162e-01   1.6666667e-01
   5.6903893e-01   2.2972973e-01   6.0810811e-01   1.6666667e-01
   5.5727899e-01   2.4324324e-01   6.0810811e-01   1.6666667e-01
   5.4896594e-01   2.4324324e-01   6.2162162e-01   1.6666667e-01
   5.4541768e-01   2.5675676e-01   6.4864865e-01   1.6666667e-01
   5.1115166e-01   2.8378378e-01   6.6216216e-01   1.6666667e-01
   4.5387267e-01   3.6486486e-01   6.6216216e-01   1.6666667e-01
   3.8767234e-01   4.0540541e-01   6.7567568e-01   1.6666667e-01
   3.2532441e-01   4.4594595e-01   6.7567568e-01   1.6666667e-01
   2.6449716e-01   4.7297297e-01   6.7567568e-01   1.6666667e-01
   2.1228710e-01   5.0000000e-01   6.8918919e-01   1.6666667e-01
   1.6899838e-01   5.1351351e-01   6.8918919e-01   1.6666667e-01
   1.3148824e-01   5.1351351e-01   6.7567568e-01   3.3333333e-01
   8.2522303e-02   5.1351351e-01   5.6756757e-01   1.6666667e-01
   7.3600973e-02   5.1351351e-01   5.5405405e-01   1.6666667e-01
   7.3702352e-02   5.1351351e-01   5.5405405e-01   1.6666667e-01
   7.1674777e-02   5.1351351e-01   5.5405405e-01   1.6666667e-01
   6.8734793e-02   5.1351351e-01   5.5405405e-01   1.6666667e-01
   6.2449311e-02   5.1351351e-01   5.5405405e-01   1.6666667e-01
   5.2919708e-02   5.1351351e-01   5.5405405e-01   1.6666667e-01
   4.8053528e-02   5.1351351e-01   5.5405405e-01   1.6666667e-01
   4.3998378e-02   5.1351351e-01   5.5405405e-01   1.6666667e-01
   3.9436334e-02   5.1351351e-01   5.4054054e-01   1.6666667e-01
   3.4164639e-02   5.1351351e-01   5.4054054e-01   1.6666667e-01
   2.5446067e-02   5.2702703e-01   5.4054054e-01   1.6666667e-01
   2.0072993e-02   5.2702703e-01   5.4054054e-01   1.6666667e-01
   1.4902676e-02  -2.7027027e-02  -2.7027027e-02   0.0000000e+00
   1.2875101e-02  -2.7027027e-02  -2.7027027e-02   0.0000000e+00
   9.6309813e-03  -2.7027027e-02  -2.7027027e-02   0.0000000e+00
   4.7648013e-03  -2.7027027e-02  -2.7027027e-02   0.0000000e+00
   3.7510138e-03  -2.7027027e-02  -2.7027027e-02   0.0000000e+00
   4.3592863e-03  -2.7027027e-02  -2.7027027e-02   0.0000000e+00
   4.7648013e-03  -2.7027027e-02  -2.7027027e-02   0.0000000e+00
   5.1703163e-03  -2.7027027e-02  -2.7027027e-02   0.0000000e+00
   5.5758313e-03  -2.7027027e-02  -2.7027027e-02   0.0000000e+00
   5.9813463e-03  -2.7027027e-02  -2.7027027e-02   0.0000000e+00
   6.3868613e-03  -2.7027027e-02  -2.7027027e-02   0.0000000e+00
   6.7923763e-03  -2.7027027e-02  -2.7027027e-02   0.0000000e+00
   7.1978913e-03  -2.7027027e-02  -2.7027027e-02   0.0000000e+00
   7.6034063e-03  -2.7027027e-02  -2.7027027e-02   0.0000000e+00
   8.0089213e-03  -2.7027027e-02  -2.7027027e-02   0.0000000e+00
   8.4144363e-03  -2.7027027e-02  -2.7027027e-02   0.0000000e+00
   8.8199513e-03  -2.7027027e-02  -2.7027027e-02   0.0000000e+00
   9.2254663e-03  -2.7027027e-02  -2.7027027e-02   0.0000000e+00
   9.7323601e-03  -2.7027027e-02  -2.7027027e-02   0.0000000e+00
   1.0137875e-02  -2.7027027e-02  -2.7027027e-02   0.0000000e+00
   1.0543390e-02  -2.7027027e-02  -2.7027027e-02   0.0000000e+00
   1.0948905e-02  -2.7027027e-02  -2.7027027e-02   0.0000000e+00
   1.1354420e-02  -2.7027027e-02  -2.7027027e-02   0.0000000e+00
   1.1759935e-02  -2.7027027e-02  -2.7027027e-02   0.0000000e+00
   1.2165450e-02  -2.7027027e-02  -2.7027027e-02   0.0000000e+00
   1.2570965e-02  -2.7027027e-02  -2.7027027e-02   0.0000000e+00
   1.2976480e-02  -2.7027027e-02  -2.7027027e-02   0.0000000e+00
   1.3381995e-02  -2.7027027e-02  -2.7027027e-02   0.0000000e+00
   1.3787510e-02  -2.7027027e-02  -2.7027027e-02   0.0000000e+00
   1.4193025e-02  -2.7027027e-02  -2.7027027e-02   0.0000000e+00
   1.4699919e-02  -2.7027027e-02  -2.7027027e-02   0.0000000e+00
   1.5105434e-02  -2.7027027e-02  -2.7027027e-02   0.0000000e+00
   1.5510949e-02  -2.7027027e-02  -2.7027027e-02   0.0000000e+00
   1.5916464e-02  -2.7027027e-02  -2.7027027e-02   0.0000000e+00
   1.6321979e-02  -2.7027027e-02  -2.7027027e-02   0.0000000e+00
   1.6727494e-02  -2.7027027e-02  -2.7027027e-02   0.0000000e+00
   1.7133009e-02  -2.7027027e-02  -2.7027027e-02   0.0000000e+00
   1.7538524e-02  -2.7027027e-02  -2.7027027e-02   0.0000000e+00
   1.7234388e-02  -2.7027027e-02  -2.7027027e-02   0.0000000e+00
   2.6865369e-02  -2.7027027e-02  -2.7027027e-02   0.0000000e+00
   3.1224655e-02   6.4864865e-01   6.4864865e-01   1.6666667e-01
