   2.7400000e+02
   5.3725765e-02   3.8271605e-01   4.1975309e-01   1.6666667e-01
   1.3431441e-01   3.4567901e-01   4.4444444e-01   1.6666667e-01
   2.1548704e-01   3.3333333e-01   5.0617284e-01   3.3333333e-01
   2.7353422e-01   2.9629630e-01   5.1851852e-01   1.6666667e-01
   3.0565288e-01   2.9629630e-01   5.3086420e-01   3.3333333e-01
   3.0366737e-01   2.8395062e-01   5.4320988e-01   3.3333333e-01
   2.6769446e-01   2.7160494e-01   5.5555556e-01   3.3333333e-01
   2.2646578e-01   2.5925926e-01   3.8271605e-01   1.6666667e-01
   1.9049288e-01   2.4691358e-01   3.7037037e-01   1.6666667e-01
   1.7799580e-01   2.3456790e-01   3.5802469e-01   1.6666667e-01
   1.7659425e-01   2.2222222e-01   3.4567901e-01   1.6666667e-01
   1.7250642e-01   2.2222222e-01   6.1728395e-01   3.3333333e-01
   1.6584910e-01   2.0987654e-01   6.2962963e-01   3.3333333e-01
   1.6222845e-01   1.9753086e-01   6.4197531e-01   3.3333333e-01
   1.6164448e-01   1.8518519e-01   6.4197531e-01   3.3333333e-01
   1.7052091e-01   1.7283951e-01   6.4197531e-01   3.3333333e-01
   1.8360196e-01   1.7283951e-01   6.4197531e-01   3.3333333e-01
   1.7565989e-01   1.6049383e-01   6.4197531e-01   3.3333333e-01
   1.6339640e-01   1.6049383e-01   6.4197531e-01   3.3333333e-01
   1.7332399e-01   1.6049383e-01   6.4197531e-01   3.3333333e-01
   2.0742817e-01   1.3580247e-01   6.2962963e-01   3.3333333e-01
   2.4912404e-01   1.3580247e-01   6.2962963e-01   3.3333333e-01
   2.9630927e-01   1.3580247e-01   6.1728395e-01   3.3333333e-01
   3.7666433e-01   1.2345679e-01   6.1728395e-01   3.3333333e-01
   5.0794207e-01   1.2345679e-01   6.0493827e-01   5.0000000e-01
   7.4001402e-01   1.2345679e-01   6.0493827e-01   1.6666667e-01
   9.0656389e-01   1.2345679e-01   6.0493827e-01   1.6666667e-01
   9.6099042e-01   1.1111111e-01   6.0493827e-01   1.6666667e-01
   9.7850969e-01   9.8765432e-02   6.0493827e-01   1.6666667e-01
   9.9053959e-01   7.4074074e-02   5.9259259e-01   1.6666667e-01
   9.8878767e-01   7.4074074e-02   5.6790123e-01   1.6666667e-01
   1.0000000e+00   3.7037037e-02   5.5555556e-01   1.6666667e-01
   9.9696333e-01   1.2345679e-02   5.5555556e-01   1.6666667e-01
   9.4569026e-01   0.0000000e+00   5.4320988e-01   1.6666667e-01
   8.2363934e-01   0.0000000e+00   4.9382716e-01   1.6666667e-01
   6.5510395e-01   0.0000000e+00   4.9382716e-01   1.6666667e-01
   4.9497781e-01   0.0000000e+00   5.8024691e-01   5.0000000e-01
   3.7304368e-01   1.2345679e-02   6.0493827e-01   8.3333333e-01
   3.0004672e-01   2.4691358e-02   6.2962963e-01   6.6666667e-01
   2.9373978e-01   3.7037037e-02   6.4197531e-01   6.6666667e-01
   3.1231021e-01   1.2345679e-01   6.4197531e-01   5.0000000e-01
   3.3158141e-01   1.3580247e-01   6.5432099e-01   5.0000000e-01
   3.5575800e-01   1.3580247e-01   6.6666667e-01   6.6666667e-01
   3.9523476e-01   1.4814815e-01   6.6666667e-01   6.6666667e-01
   3.9336604e-01   1.4814815e-01   6.7901235e-01   6.6666667e-01
   3.6650315e-01   1.6049383e-01   6.7901235e-01   6.6666667e-01
   3.3473488e-01   1.8518519e-01   6.7901235e-01   6.6666667e-01
   2.8743284e-01   2.0987654e-01   6.9135802e-01   6.6666667e-01
   2.3837888e-01   2.3456790e-01   6.9135802e-01   8.3333333e-01
   1.9212801e-01   3.3333333e-01   6.9135802e-01   5.0000000e-01
   1.8360196e-01   3.4567901e-01   6.9135802e-01   3.3333333e-01
   1.9703340e-01   3.4567901e-01   6.9135802e-01   3.3333333e-01
   2.0976407e-01   3.4567901e-01   7.0370370e-01   3.3333333e-01
   2.3113758e-01   3.5802469e-01   7.0370370e-01   3.3333333e-01
   2.6465779e-01   3.5802469e-01   7.0370370e-01   3.3333333e-01
   3.2060266e-01   3.7037037e-01   7.0370370e-01   3.3333333e-01
   4.1532352e-01   3.7037037e-01   7.0370370e-01   5.0000000e-01
   5.3562252e-01   3.8271605e-01   7.0370370e-01   1.6666667e-01
   5.8864751e-01   3.9506173e-01   7.0370370e-01   1.6666667e-01
   5.7358094e-01   3.9506173e-01   7.0370370e-01   1.6666667e-01
   5.3620649e-01   4.0740741e-01   6.9135802e-01   1.6666667e-01
   4.8715253e-01   4.1975309e-01   6.7901235e-01   1.6666667e-01
   4.2817099e-01   4.3209877e-01   6.7901235e-01   1.6666667e-01
   3.5494043e-01   4.4444444e-01   6.6666667e-01   1.6666667e-01
   2.7306704e-01   4.5679012e-01   6.5432099e-01   1.6666667e-01
   1.9025929e-01   4.8148148e-01   6.2962963e-01   1.6666667e-01
   1.1060500e-01   5.0617284e-01   5.9259259e-01   1.6666667e-01
   4.8002803e-02   5.4320988e-01   5.6790123e-01   1.6666667e-01
   1.1445924e-02   5.4556143e-01   5.6966490e-01   0.0000000e+00
   0.0000000e+00   5.4791299e-01   5.7142857e-01   0.0000000e+00
   1.6351320e-03   5.5026455e-01   5.7319224e-01   0.0000000e+00
   1.6351320e-03   5.5261611e-01   5.7495591e-01   0.0000000e+00
   1.6351320e-03   5.5496767e-01   5.7671958e-01   0.0000000e+00
   1.6351320e-03   5.5731922e-01   5.7848325e-01   0.0000000e+00
   1.6351320e-03   5.5967078e-01   5.8024691e-01   0.0000000e+00
   1.6351320e-03   5.6202234e-01   5.8201058e-01   0.0000000e+00
   1.6351320e-03   5.6437390e-01   5.8377425e-01   0.0000000e+00
   1.6351320e-03   5.6672546e-01   5.8553792e-01   0.0000000e+00
   1.6351320e-03   5.6907701e-01   5.8730159e-01   0.0000000e+00
   1.6351320e-03   5.7142857e-01   5.8906526e-01   0.0000000e+00
   1.6351320e-03   5.7378013e-01   5.9082892e-01   0.0000000e+00
   1.6351320e-03   5.7613169e-01   5.9259259e-01   0.0000000e+00
   1.6351320e-03   5.7848325e-01   5.9435626e-01   0.0000000e+00
   1.6351320e-03   5.8083480e-01   5.9611993e-01   0.0000000e+00
   1.6351320e-03   5.8318636e-01   5.9788360e-01   0.0000000e+00
   1.6351320e-03   5.8553792e-01   5.9964727e-01   0.0000000e+00
   1.0511563e-03   5.8788948e-01   6.0141093e-01   0.0000000e+00
   2.9198785e-03   5.9024103e-01   6.0317460e-01   0.0000000e+00
   3.4921747e-02   5.9259259e-01   6.0493827e-01   1.6666667e-01
   1.0651717e-01   5.6790123e-01   6.2962963e-01   1.6666667e-01
   1.7367438e-01   5.5555556e-01   6.4197531e-01   1.6666667e-01
   2.2226115e-01   5.4320988e-01   6.5432099e-01   1.6666667e-01
   2.7061434e-01   5.0617284e-01   6.5432099e-01   1.6666667e-01
   3.0296660e-01   4.9382716e-01   6.6666667e-01   1.6666667e-01
   3.2095305e-01   4.8148148e-01   6.6666667e-01   1.6666667e-01
   3.2807755e-01   4.6913580e-01   6.7901235e-01   1.6666667e-01
   3.1663163e-01   4.6913580e-01   6.7901235e-01   1.6666667e-01
   2.9245503e-01   4.5679012e-01   6.7901235e-01   3.3333333e-01
   2.6360663e-01   4.5679012e-01   6.7901235e-01   3.3333333e-01
   2.4001402e-01   4.5679012e-01   6.9135802e-01   3.3333333e-01
   2.3791170e-01   4.4444444e-01   6.9135802e-01   3.3333333e-01
   2.4900724e-01   4.4444444e-01   6.9135802e-01   3.3333333e-01
   2.8206027e-01   4.4444444e-01   6.9135802e-01   3.3333333e-01
   3.4185938e-01   4.4444444e-01   6.9135802e-01   1.6666667e-01
   3.9535155e-01   4.5679012e-01   6.7901235e-01   1.6666667e-01
   4.0562953e-01   4.5679012e-01   6.7901235e-01   1.6666667e-01
   3.7105816e-01   4.5679012e-01   6.7901235e-01   1.6666667e-01
   3.1721560e-01   4.6913580e-01   6.6666667e-01   1.6666667e-01
   2.6138753e-01   4.6913580e-01   6.5432099e-01   1.6666667e-01
   2.1163280e-01   4.8148148e-01   6.4197531e-01   1.6666667e-01
   1.5708947e-01   4.8148148e-01   6.0493827e-01   1.6666667e-01
   9.8575099e-02   4.8148148e-01   5.3086420e-01   1.6666667e-01
   6.1317449e-02   4.9382716e-01   5.1851852e-01   1.6666667e-01
   4.9287550e-02   4.9382716e-01   5.1851852e-01   1.6666667e-01
   4.5082925e-02   5.0617284e-01   5.1851852e-01   1.6666667e-01
   3.9243167e-02   5.0617284e-01   5.3086420e-01   1.6666667e-01
   3.7608036e-02   5.0617284e-01   5.3086420e-01   1.6666667e-01
   4.7418827e-02   5.0617284e-01   5.3086420e-01   1.6666667e-01
   5.7346414e-02   5.0617284e-01   5.3086420e-01   1.6666667e-01
   6.9609904e-02   4.9382716e-01   5.3086420e-01   1.6666667e-01
   1.0429806e-01   4.9382716e-01   5.5555556e-01   1.6666667e-01
   1.6584910e-01   5.0617284e-01   6.0493827e-01   1.6666667e-01
   2.1478626e-01   5.0617284e-01   6.1728395e-01   1.6666667e-01
   2.3966363e-01   5.0617284e-01   6.2962963e-01   1.6666667e-01
   2.4491941e-01   5.1851852e-01   6.4197531e-01   1.6666667e-01
   2.3580939e-01   5.1851852e-01   6.4197531e-01   1.6666667e-01
   2.1700537e-01   5.3086420e-01   6.5432099e-01   1.6666667e-01
   1.8710582e-01   5.4320988e-01   6.5432099e-01   1.6666667e-01
   1.5930857e-01   5.5555556e-01   6.5432099e-01   1.6666667e-01
   1.3279608e-01   5.8024691e-01   6.6666667e-01   1.6666667e-01
   1.1048820e-01   6.0493827e-01   6.6666667e-01   1.6666667e-01
   9.8691894e-02   6.1728395e-01   6.6666667e-01   1.6666667e-01
   9.7290353e-02   6.2962963e-01   6.6666667e-01   1.6666667e-01
   9.9392665e-02   6.2962963e-01   6.7901235e-01   1.6666667e-01
   9.8458304e-02   6.2962963e-01   6.7901235e-01   1.6666667e-01
   9.5421630e-02   6.2962963e-01   6.7901235e-01   1.6666667e-01
   9.0633030e-02   6.1728395e-01   6.6666667e-01   1.6666667e-01
   8.6428405e-02   6.1728395e-01   6.6666667e-01   1.6666667e-01
   8.2924550e-02   6.1728395e-01   6.6666667e-01   1.6666667e-01
   7.6384022e-02   6.1728395e-01   6.6666667e-01   1.6666667e-01
   6.9376314e-02   6.1728395e-01   6.5432099e-01   1.6666667e-01
   6.3069376e-02   6.0493827e-01   6.4197531e-01   1.6666667e-01
   6.2135015e-02   6.0493827e-01   6.4197531e-01   1.6666667e-01
   6.9726699e-02   5.9259259e-01   6.4197531e-01   1.6666667e-01
   7.7668769e-02   5.9259259e-01   6.2962963e-01   1.6666667e-01
   7.9887877e-02   5.8024691e-01   6.2962963e-01   1.6666667e-01
   7.7902359e-02   5.8024691e-01   6.2962963e-01   1.6666667e-01
   7.7668769e-02   5.8024691e-01   6.1728395e-01   1.6666667e-01
   7.4632095e-02   5.8024691e-01   6.1728395e-01   1.6666667e-01
   7.1712217e-02   5.6790123e-01   6.1728395e-01   1.6666667e-01
   7.5216071e-02   5.6790123e-01   6.1728395e-01   1.6666667e-01
   9.0866620e-02   5.6790123e-01   6.0493827e-01   1.6666667e-01
   1.0721794e-01   5.5555556e-01   6.0493827e-01   1.6666667e-01
   1.3092735e-01   5.5555556e-01   6.1728395e-01   1.6666667e-01
   1.6164448e-01   5.5555556e-01   6.2962963e-01   1.6666667e-01
   1.8909133e-01   5.4320988e-01   6.4197531e-01   1.6666667e-01
   2.1501986e-01   5.4320988e-01   6.4197531e-01   1.6666667e-01
   2.4351787e-01   5.3086420e-01   6.5432099e-01   1.6666667e-01
   2.7014716e-01   5.1851852e-01   6.5432099e-01   1.6666667e-01
   2.8498014e-01   5.0617284e-01   6.5432099e-01   1.6666667e-01
   2.8614810e-01   5.0617284e-01   6.6666667e-01   1.6666667e-01
   2.8264424e-01   4.9382716e-01   6.6666667e-01   1.6666667e-01
   2.7318384e-01   4.9382716e-01   6.6666667e-01   1.6666667e-01
   2.5963560e-01   4.9382716e-01   6.6666667e-01   3.3333333e-01
   2.4877365e-01   4.8148148e-01   6.6666667e-01   3.3333333e-01
   2.4211633e-01   4.8148148e-01   6.6666667e-01   3.3333333e-01
   2.3557580e-01   4.8148148e-01   6.7901235e-01   3.3333333e-01
   2.2611539e-01   4.8148148e-01   6.7901235e-01   3.3333333e-01
   2.2179397e-01   4.8148148e-01   6.7901235e-01   3.3333333e-01
   2.2319552e-01   4.8148148e-01   6.7901235e-01   3.3333333e-01
   2.3195515e-01   4.9382716e-01   6.6666667e-01   3.3333333e-01
   2.4702172e-01   4.9382716e-01   6.6666667e-01   3.3333333e-01
   2.5216071e-01   5.0617284e-01   6.6666667e-01   1.6666667e-01
   2.3896286e-01   5.0617284e-01   6.5432099e-01   1.6666667e-01
   2.1829012e-01   5.0617284e-01   6.5432099e-01   1.6666667e-01
   2.1268395e-01   5.0617284e-01   6.4197531e-01   1.6666667e-01
   2.3604298e-01   4.9382716e-01   6.2962963e-01   1.6666667e-01
   3.2901191e-01   3.7037037e-01   6.2962963e-01   1.6666667e-01
   4.8610138e-01   3.2098765e-01   6.1728395e-01   1.6666667e-01
   6.2999299e-01   2.5925926e-01   5.9259259e-01   1.6666667e-01
   7.4129876e-01   2.0987654e-01   6.0493827e-01   1.6666667e-01
   8.0740481e-01   1.9753086e-01   6.0493827e-01   1.6666667e-01
   8.4291053e-01   1.9753086e-01   6.0493827e-01   1.6666667e-01
   8.4302733e-01   1.9753086e-01   6.1728395e-01   1.6666667e-01
   8.0974071e-01   1.9753086e-01   6.1728395e-01   1.6666667e-01
   7.3615978e-01   2.0987654e-01   6.2962963e-01   1.6666667e-01
   6.1714553e-01   2.0987654e-01   6.2962963e-01   1.6666667e-01
   4.5923850e-01   2.2222222e-01   6.2962963e-01   1.6666667e-01
   2.9245503e-01   4.0740741e-01   6.2962963e-01   1.6666667e-01
   1.3279608e-01   5.9259259e-01   6.4197531e-01   1.6666667e-01
   5.6528848e-02   6.0493827e-01   6.4197531e-01   1.6666667e-01
   5.0922682e-02   6.1728395e-01   6.4197531e-01   1.6666667e-01
   4.3447793e-02   6.1728395e-01   6.4197531e-01   1.6666667e-01
   3.4104181e-02   6.1728395e-01   6.4197531e-01   1.6666667e-01
   2.7680448e-02   6.1728395e-01   6.4197531e-01   1.6666667e-01
   2.1607101e-02   6.2962963e-01   6.2962963e-01   1.6666667e-01
   1.8687223e-02   6.2345679e-01   6.2345679e-01   0.0000000e+00
   2.1373511e-02   6.1728395e-01   6.1728395e-01   1.6666667e-01
   3.5972904e-02   6.0493827e-01   6.1728395e-01   1.6666667e-01
   6.9726699e-02   5.3086420e-01   6.2962963e-01   3.3333333e-01
   1.1702873e-01   5.3086420e-01   6.2962963e-01   3.3333333e-01
   1.7554310e-01   4.8148148e-01   6.2962963e-01   3.3333333e-01
   2.3417426e-01   4.5679012e-01   6.2962963e-01   3.3333333e-01
   2.7236627e-01   4.4444444e-01   6.2962963e-01   1.6666667e-01
   2.8451296e-01   4.4444444e-01   6.2962963e-01   3.3333333e-01
   2.7937398e-01   4.3209877e-01   6.1728395e-01   3.3333333e-01
   2.6956319e-01   4.3209877e-01   6.1728395e-01   3.3333333e-01
   2.6290586e-01   4.3209877e-01   6.1728395e-01   3.3333333e-01
   2.7388461e-01   4.3209877e-01   6.1728395e-01   3.3333333e-01
   2.9397337e-01   4.3209877e-01   6.2962963e-01   3.3333333e-01
   3.2177061e-01   4.3209877e-01   6.2962963e-01   3.3333333e-01
   3.3228218e-01   4.4444444e-01   6.2962963e-01   1.6666667e-01
   3.1663163e-01   4.4444444e-01   6.2962963e-01   1.6666667e-01
   2.8392899e-01   4.4444444e-01   6.2962963e-01   1.6666667e-01
   2.4760570e-01   4.5679012e-01   6.4197531e-01   1.6666667e-01
   2.0579304e-01   4.6913580e-01   6.4197531e-01   1.6666667e-01
   1.6094370e-01   4.8148148e-01   6.4197531e-01   3.3333333e-01
   1.0546601e-01   6.0493827e-01   6.4197531e-01   1.6666667e-01
   6.3536557e-02   6.0493827e-01   6.4197531e-01   1.6666667e-01
   6.1434244e-02   6.0493827e-01   6.4197531e-01   1.6666667e-01
   5.5711282e-02   5.9259259e-01   6.4197531e-01   1.6666667e-01
   4.9404345e-02   5.9259259e-01   6.2962963e-01   1.6666667e-01
   4.8236393e-02   5.8024691e-01   6.2962963e-01   1.6666667e-01
   4.7418827e-02   5.8024691e-01   6.0493827e-01   1.6666667e-01
   4.7418827e-02   5.8024691e-01   6.0493827e-01   1.6666667e-01
   5.7229619e-02   5.4320988e-01   6.0493827e-01   3.3333333e-01
   7.3697734e-02   5.3086420e-01   5.9259259e-01   1.6666667e-01
   1.0254613e-01   5.0617284e-01   5.9259259e-01   1.6666667e-01
   1.4003737e-01   4.6913580e-01   5.6790123e-01   1.6666667e-01
   1.8663864e-01   4.4444444e-01   5.6790123e-01   1.6666667e-01
   2.1198318e-01   4.4444444e-01   5.6790123e-01   1.6666667e-01
   2.1642140e-01   4.3209877e-01   5.5555556e-01   1.6666667e-01
   2.2284513e-01   4.3209877e-01   5.4320988e-01   1.6666667e-01
   2.3125438e-01   4.1975309e-01   5.4320988e-01   1.6666667e-01
   2.4643775e-01   4.1975309e-01   5.4320988e-01   1.6666667e-01
   2.7259986e-01   4.1975309e-01   5.5555556e-01   1.6666667e-01
   2.9665966e-01   4.3209877e-01   5.6790123e-01   1.6666667e-01
   3.1359495e-01   4.3209877e-01   5.8024691e-01   1.6666667e-01
   3.1733240e-01   4.3209877e-01   5.9259259e-01   1.6666667e-01
   3.0413455e-01   4.4444444e-01   6.0493827e-01   1.6666667e-01
   2.6839523e-01   4.5679012e-01   6.0493827e-01   1.6666667e-01
   2.2529783e-01   4.6913580e-01   6.1728395e-01   1.6666667e-01
   1.8173324e-01   5.1851852e-01   6.1728395e-01   1.6666667e-01
   1.4097174e-01   5.4320988e-01   6.1728395e-01   1.6666667e-01
   1.1726232e-01   5.6790123e-01   6.2962963e-01   1.6666667e-01
   1.0616678e-01   5.8024691e-01   6.2962963e-01   1.6666667e-01
   1.0429806e-01   5.9259259e-01   6.2962963e-01   1.6666667e-01
   1.0219575e-01   5.9259259e-01   6.2962963e-01   1.6666667e-01
   9.4020089e-02   5.9259259e-01   6.2962963e-01   1.6666667e-01
   9.1217005e-02   5.9259259e-01   6.4197531e-01   1.6666667e-01
   9.4604064e-02   5.9259259e-01   6.4197531e-01   1.6666667e-01
   1.0149498e-01   5.8024691e-01   6.2962963e-01   1.6666667e-01
   1.0324690e-01   5.8024691e-01   6.2962963e-01   1.6666667e-01
   9.2384957e-02   5.8024691e-01   6.2962963e-01   1.6666667e-01
   8.7479561e-02   5.6790123e-01   6.1728395e-01   1.6666667e-01
   9.4136884e-02   5.5555556e-01   6.1728395e-01   1.6666667e-01
   1.2310208e-01   4.8148148e-01   6.1728395e-01   3.3333333e-01
   1.9504789e-01   4.5679012e-01   5.9259259e-01   1.6666667e-01
   2.6173791e-01   4.4444444e-01   5.9259259e-01   1.6666667e-01
   2.8533053e-01   4.4444444e-01   5.8024691e-01   1.6666667e-01
   2.9969633e-01   4.4444444e-01   5.8024691e-01   1.6666667e-01
   3.4512964e-01   4.4444444e-01   7.0370370e-01   3.3333333e-01
   4.1859379e-01   4.4444444e-01   7.0370370e-01   1.6666667e-01
   4.7605700e-01   4.5679012e-01   7.0370370e-01   1.6666667e-01
   4.7617379e-01   4.5679012e-01   7.1604938e-01   1.6666667e-01
   4.3634665e-01   4.6913580e-01   7.1604938e-01   1.6666667e-01
   3.8425601e-01   5.1851852e-01   7.1604938e-01   1.6666667e-01
   3.3193179e-01   5.4320988e-01   7.0370370e-01   1.6666667e-01
   2.8568092e-01   5.5555556e-01   7.0370370e-01   1.6666667e-01
   2.3277272e-01   5.6790123e-01   6.9135802e-01   1.6666667e-01
   1.8161644e-01   5.8024691e-01   6.7901235e-01   1.6666667e-01
   1.3338005e-01   5.9259259e-01   6.7901235e-01   1.6666667e-01
   8.6895585e-02   6.1728395e-01   6.6666667e-01   1.6666667e-01
   4.5316515e-02   6.1728395e-01   6.6666667e-01   0.0000000e+00
