   1.3900000e+02
   6.5210303e-02   2.5000000e-01   2.5000000e-01   1.6666667e-01
   2.8040430e-01   1.6666667e-01   3.7500000e-01   1.6666667e-01
   4.6103684e-01   1.2500000e-01   4.1666667e-01   1.6666667e-01
   5.8428432e-01   1.2500000e-01   4.5833333e-01   1.6666667e-01
   6.7981741e-01   8.3333333e-02   5.0000000e-01   1.6666667e-01
   7.6393870e-01   8.3333333e-02   5.4166667e-01   1.6666667e-01
   7.9491360e-01   4.1666667e-02   5.4166667e-01   1.6666667e-01
   7.8545810e-01   4.1666667e-02   5.8333333e-01   1.6666667e-01
   7.5513531e-01   4.1666667e-02   5.8333333e-01   1.6666667e-01
   6.7818715e-01   4.1666667e-02   6.2500000e-01   1.6666667e-01
   5.8982719e-01   4.1666667e-02   6.2500000e-01   3.3333333e-01
   4.8972938e-01   4.1666667e-02   6.6666667e-01   3.3333333e-01
   4.2419302e-01   4.1666667e-02   6.6666667e-01   3.3333333e-01
   4.0169547e-01   4.1666667e-02   6.6666667e-01   3.3333333e-01
   3.8245843e-01   4.1666667e-02   7.0833333e-01   3.3333333e-01
   3.9321813e-01   4.1666667e-02   7.0833333e-01   3.3333333e-01
   4.0723834e-01   4.1666667e-02   7.0833333e-01   3.3333333e-01
   4.3788719e-01   8.3333333e-02   7.0833333e-01   3.3333333e-01
   4.5549397e-01   8.3333333e-02   7.0833333e-01   3.3333333e-01
   4.3332246e-01   1.2500000e-01   7.0833333e-01   3.3333333e-01
   3.8800130e-01   1.2500000e-01   7.5000000e-01   3.3333333e-01
   3.3224649e-01   1.6666667e-01   7.5000000e-01   3.3333333e-01
   2.5986306e-01   2.0833333e-01   7.5000000e-01   3.3333333e-01
   1.8193675e-01   6.2500000e-01   7.5000000e-01   1.6666667e-01
   9.7489403e-02   6.2500000e-01   7.5000000e-01   1.6666667e-01
   8.4447343e-02   6.2500000e-01   7.0833333e-01   1.6666667e-01
   8.0208673e-02   6.2500000e-01   7.0833333e-01   1.6666667e-01
   6.2927943e-02   5.8333333e-01   6.6666667e-01   1.6666667e-01
   8.1512879e-02   5.8333333e-01   6.6666667e-01   1.6666667e-01
   8.3795240e-02   5.8333333e-01   6.6666667e-01   1.6666667e-01
   7.7926312e-02   5.4166667e-01   6.6666667e-01   1.6666667e-01
   1.0368438e-01   5.4166667e-01   6.2500000e-01   1.6666667e-01
   1.2194327e-01   5.0000000e-01   6.2500000e-01   1.6666667e-01
   1.2585589e-01   4.5833333e-01   6.2500000e-01   1.6666667e-01
   1.6465602e-01   4.5833333e-01   5.8333333e-01   1.6666667e-01
   1.9954353e-01   4.1666667e-01   5.8333333e-01   1.6666667e-01
   2.5040756e-01   3.7500000e-01   5.8333333e-01   1.6666667e-01
   2.8464297e-01   3.7500000e-01   5.4166667e-01   1.6666667e-01
   3.1724813e-01   3.3333333e-01   5.4166667e-01   1.6666667e-01
   3.8506684e-01   2.9166667e-01   5.4166667e-01   1.6666667e-01
   4.4929899e-01   2.9166667e-01   5.4166667e-01   1.6666667e-01
   5.1287903e-01   2.5000000e-01   5.8333333e-01   1.6666667e-01
   5.5624389e-01   2.5000000e-01   5.8333333e-01   1.6666667e-01
   6.0971634e-01   2.5000000e-01   6.2500000e-01   1.6666667e-01
   6.3221389e-01   2.0833333e-01   6.2500000e-01   1.6666667e-01
   6.3645256e-01   2.0833333e-01   6.2500000e-01   1.6666667e-01
   6.1265080e-01   2.0833333e-01   6.6666667e-01   1.6666667e-01
   5.7743724e-01   1.6666667e-01   6.6666667e-01   1.6666667e-01
   5.3342028e-01   1.2500000e-01   6.6666667e-01   3.3333333e-01
   4.9168569e-01   8.3333333e-02   6.6666667e-01   3.3333333e-01
   4.2582328e-01   8.3333333e-02   6.6666667e-01   3.3333333e-01
   3.8539289e-01   8.3333333e-02   7.0833333e-01   3.3333333e-01
   3.5898272e-01   8.3333333e-02   7.0833333e-01   3.3333333e-01
   3.4822302e-01   1.2500000e-01   7.0833333e-01   3.3333333e-01
   3.2344310e-01   5.0000000e-01   7.0833333e-01   1.6666667e-01
   2.8529508e-01   5.0000000e-01   7.0833333e-01   1.6666667e-01
   2.5105967e-01   5.0000000e-01   7.0833333e-01   1.6666667e-01
   2.6736224e-01   4.5833333e-01   7.0833333e-01   1.6666667e-01
   3.1300946e-01   4.1666667e-01   6.6666667e-01   1.6666667e-01
   3.8604500e-01   3.7500000e-01   6.6666667e-01   1.6666667e-01
   4.5614607e-01   2.9166667e-01   6.2500000e-01   1.6666667e-01
   5.2005217e-01   2.5000000e-01   5.8333333e-01   1.6666667e-01
   5.4189762e-01   2.5000000e-01   5.8333333e-01   1.6666667e-01
   5.4678839e-01   2.0833333e-01   5.4166667e-01   1.6666667e-01
   5.6374307e-01   2.0833333e-01   5.4166667e-01   1.6666667e-01
   5.7645908e-01   2.0833333e-01   5.8333333e-01   1.6666667e-01
   5.8591457e-01   2.0833333e-01   5.8333333e-01   1.6666667e-01
   6.0515161e-01   2.5000000e-01   6.2500000e-01   1.6666667e-01
   5.7906749e-01   2.5000000e-01   6.2500000e-01   1.6666667e-01
   5.5233127e-01   2.9166667e-01   6.6666667e-01   1.6666667e-01
   4.7081839e-01   3.3333333e-01   6.6666667e-01   1.6666667e-01
   3.7495924e-01   3.7500000e-01   6.6666667e-01   1.6666667e-01
   3.2018259e-01   5.0000000e-01   7.0833333e-01   1.6666667e-01
   2.7975220e-01   5.4166667e-01   7.0833333e-01   1.6666667e-01
   2.7323117e-01   5.4166667e-01   7.0833333e-01   1.6666667e-01
   2.7714379e-01   5.4166667e-01   7.0833333e-01   1.6666667e-01
   2.6931855e-01   5.4166667e-01   7.0833333e-01   1.6666667e-01
   2.4356048e-01   5.0000000e-01   7.0833333e-01   1.6666667e-01
   2.1128138e-01   5.0000000e-01   7.0833333e-01   1.6666667e-01
   2.1258559e-01   5.0000000e-01   6.6666667e-01   1.6666667e-01
   2.1486795e-01   4.5833333e-01   6.6666667e-01   1.6666667e-01
   2.0802087e-01   4.5833333e-01   6.2500000e-01   1.6666667e-01
   1.8813172e-01   4.5833333e-01   5.8333333e-01   1.6666667e-01
   1.6237366e-01   4.1666667e-01   5.8333333e-01   1.6666667e-01
   1.5552657e-01   4.1666667e-01   5.8333333e-01   1.6666667e-01
   1.4835344e-01   4.1666667e-01   5.4166667e-01   1.6666667e-01
   1.4639713e-01   3.7500000e-01   5.4166667e-01   1.6666667e-01
   1.2552983e-01   3.3333333e-01   5.0000000e-01   1.6666667e-01
   1.0140202e-01   3.3333333e-01   4.5833333e-01   1.6666667e-01
   9.2924682e-02   3.3333333e-01   4.5833333e-01   1.6666667e-01
   1.2487773e-01   2.5000000e-01   4.1666667e-01   1.6666667e-01
   1.5943919e-01   2.0833333e-01   3.7500000e-01   1.6666667e-01
   2.0736876e-01   2.0833333e-01   3.7500000e-01   1.6666667e-01
   2.4127812e-01   1.6666667e-01   3.3333333e-01   1.6666667e-01
   2.9116400e-01   1.6666667e-01   3.3333333e-01   1.6666667e-01
   3.4137594e-01   1.6666667e-01   3.7500000e-01   1.6666667e-01
   4.6723182e-01   1.2500000e-01   4.1666667e-01   1.6666667e-01
   7.3328986e-01   1.6666667e-01   7.0833333e-01   1.6666667e-01
   9.3674601e-01   1.6666667e-01   7.5000000e-01   1.6666667e-01
   9.9184871e-01   1.6666667e-01   7.5000000e-01   1.6666667e-01
   1.0000000e+00   1.6666667e-01   7.9166667e-01   1.6666667e-01
   9.6185197e-01   2.0833333e-01   7.9166667e-01   1.6666667e-01
   8.8229540e-01   2.5000000e-01   7.9166667e-01   1.6666667e-01
   7.7730681e-01   2.5000000e-01   7.9166667e-01   1.6666667e-01
   6.9448973e-01   3.3333333e-01   7.9166667e-01   1.6666667e-01
   6.2145419e-01   3.7500000e-01   7.9166667e-01   1.6666667e-01
   5.8200196e-01   3.3333333e-01   7.9166667e-01   1.6666667e-01
   5.3276818e-01   3.3333333e-01   7.5000000e-01   1.6666667e-01
   4.6201500e-01   2.9166667e-01   7.0833333e-01   1.6666667e-01
   4.0332573e-01   2.9166667e-01   6.2500000e-01   1.6666667e-01
   3.4365830e-01   2.9166667e-01   5.4166667e-01   1.6666667e-01
   2.9866319e-01   2.5000000e-01   5.0000000e-01   1.6666667e-01
   2.7551353e-01   2.5000000e-01   4.5833333e-01   1.6666667e-01
   2.6605804e-01   2.5000000e-01   4.1666667e-01   1.6666667e-01
   2.8268666e-01   2.9166667e-01   4.5833333e-01   1.6666667e-01
   3.1594392e-01   2.9166667e-01   5.0000000e-01   1.6666667e-01
   3.3420280e-01   2.9166667e-01   5.0000000e-01   1.6666667e-01
   3.3811542e-01   3.3333333e-01   5.4166667e-01   1.6666667e-01
   3.1659602e-01   3.3333333e-01   5.8333333e-01   1.6666667e-01
   2.8822954e-01   3.7500000e-01   5.8333333e-01   1.6666667e-01
   2.4649495e-01   4.1666667e-01   5.8333333e-01   1.6666667e-01
   1.9954353e-01   4.5833333e-01   6.2500000e-01   1.6666667e-01
   1.5976524e-01   5.0000000e-01   6.2500000e-01   1.6666667e-01
   1.4313662e-01   5.4166667e-01   6.2500000e-01   1.6666667e-01
   1.3237692e-01   5.4166667e-01   6.6666667e-01   1.6666667e-01
   1.4574503e-01   5.4166667e-01   6.6666667e-01   1.6666667e-01
   1.5194001e-01   5.4166667e-01   6.6666667e-01   1.6666667e-01
   1.4998370e-01   5.4166667e-01   6.6666667e-01   1.6666667e-01
   1.4770134e-01   5.4166667e-01   6.6666667e-01   1.6666667e-01
   1.4541898e-01   5.4166667e-01   6.6666667e-01   1.6666667e-01
   1.4998370e-01   5.4166667e-01   6.6666667e-01   1.6666667e-01
   1.3987610e-01   5.4166667e-01   6.6666667e-01   1.6666667e-01
   1.3237692e-01   5.4166667e-01   6.6666667e-01   1.6666667e-01
   1.2552983e-01   5.4166667e-01   6.2500000e-01   1.6666667e-01
   1.1966091e-01   5.0000000e-01   6.2500000e-01   1.6666667e-01
   1.0205412e-01   5.0000000e-01   6.2500000e-01   1.6666667e-01
   9.0968373e-02   5.0000000e-01   5.8333333e-01   1.6666667e-01
   4.8255624e-02   5.4166667e-01   5.8333333e-01   1.6666667e-01
   0.0000000e+00   5.4166667e-01   5.8333333e-01   0.0000000e+00
