   3.5600000e+02
   9.6109840e-02   2.4528302e-01   2.6415094e-01   1.6666667e-01
   3.0002543e-01   1.5094340e-01   3.0188679e-01   1.6666667e-01
   6.0640732e-01   1.1320755e-01   4.3396226e-01   1.6666667e-01
   8.4032545e-01   9.4339623e-02   4.5283019e-01   1.6666667e-01
   9.5830155e-01   5.6603774e-02   4.5283019e-01   1.6666667e-01
   1.0000000e+00   0.0000000e+00   4.7169811e-01   3.3333333e-01
   9.8677854e-01   0.0000000e+00   4.9056604e-01   1.6666667e-01
   9.1889143e-01   0.0000000e+00   4.9056604e-01   1.6666667e-01
   8.0167811e-01   0.0000000e+00   5.0943396e-01   3.3333333e-01
   6.9488940e-01   0.0000000e+00   5.2830189e-01   3.3333333e-01
   5.0699212e-01   0.0000000e+00   5.4716981e-01   3.3333333e-01
   4.2003560e-01   3.2075472e-01   5.4716981e-01   1.6666667e-01
   3.2824816e-01   4.5283019e-01   5.6603774e-01   1.6666667e-01
   2.0467836e-01   4.9056604e-01   5.8490566e-01   1.6666667e-01
   2.0747521e-01   5.0943396e-01   5.8490566e-01   1.6666667e-01
   2.1561149e-01   2.6415094e-01   6.0377358e-01   3.3333333e-01
   1.9959319e-01   2.6415094e-01   6.0377358e-01   3.3333333e-01
   1.8255784e-01   2.8301887e-01   6.0377358e-01   3.3333333e-01
   1.5382660e-01   5.8490566e-01   6.2264151e-01   1.6666667e-01
   9.1278922e-02   5.8490566e-01   6.2264151e-01   1.6666667e-01
   8.1108569e-02   6.0377358e-01   6.2264151e-01   1.6666667e-01
   6.4327485e-02   6.0377358e-01   6.2264151e-01   1.6666667e-01
   5.9242309e-02   6.2264151e-01   6.4150943e-01   1.6666667e-01
   4.0427155e-02   6.2264151e-01   6.4150943e-01   1.6666667e-01
   4.6783626e-02   6.4150943e-01   6.4150943e-01   1.6666667e-01
   4.2461226e-02   6.4150943e-01   6.4150943e-01   1.6666667e-01
   6.7887109e-02   6.3207547e-01   6.3207547e-01   0.0000000e+00
   6.6107297e-02   6.2264151e-01   6.2264151e-01   0.0000000e+00
   3.8138825e-02   6.1320755e-01   6.1320755e-01   0.0000000e+00
   2.5425884e-02   6.0377358e-01   6.0377358e-01   0.0000000e+00
   2.3900331e-02   5.9433962e-01   5.9433962e-01   0.0000000e+00
   1.2712942e-02   5.8490566e-01   5.8490566e-01   0.0000000e+00
   2.5934401e-02   5.7547170e-01   5.7547170e-01   0.0000000e+00
   2.6951437e-02   5.6603774e-01   5.6603774e-01   0.0000000e+00
   1.6272565e-02   5.5660377e-01   5.5660377e-01   0.0000000e+00
   2.7968472e-02   5.4716981e-01   5.4716981e-01   0.0000000e+00
   2.5934401e-02   5.3773585e-01   5.3773585e-01   0.0000000e+00
   2.5425884e-02   5.2830189e-01   5.2830189e-01   0.0000000e+00
   4.0172896e-02   5.1886792e-01   5.1886792e-01   0.0000000e+00
   6.2293415e-02   5.0943396e-01   5.0943396e-01   1.6666667e-01
   6.7378591e-02   5.2830189e-01   5.4716981e-01   1.6666667e-01
   6.2293415e-02   5.2830189e-01   5.4716981e-01   1.6666667e-01
   4.0427155e-02   5.2902758e-01   5.4789550e-01   0.0000000e+00
   0.0000000e+00   5.2975327e-01   5.4862119e-01   0.0000000e+00
   7.6277651e-04   5.3047896e-01   5.4934688e-01   0.0000000e+00
   7.6277651e-04   5.3120464e-01   5.5007257e-01   0.0000000e+00
   7.6277651e-04   5.3193033e-01   5.5079826e-01   0.0000000e+00
   7.6277651e-04   5.3265602e-01   5.5152395e-01   0.0000000e+00
   7.6277651e-04   5.3338171e-01   5.5224964e-01   0.0000000e+00
   7.6277651e-04   5.3410740e-01   5.5297533e-01   0.0000000e+00
   7.6277651e-04   5.3483309e-01   5.5370102e-01   0.0000000e+00
   7.6277651e-04   5.3555878e-01   5.5442671e-01   0.0000000e+00
   7.6277651e-04   5.3628447e-01   5.5515239e-01   0.0000000e+00
   7.6277651e-04   5.3701016e-01   5.5587808e-01   0.0000000e+00
   7.6277651e-04   5.3773585e-01   5.5660377e-01   0.0000000e+00
   7.6277651e-04   5.3846154e-01   5.5732946e-01   0.0000000e+00
   7.6277651e-04   5.3918723e-01   5.5805515e-01   0.0000000e+00
   7.6277651e-04   5.3991292e-01   5.5878084e-01   0.0000000e+00
   7.6277651e-04   5.4063861e-01   5.5950653e-01   0.0000000e+00
   7.6277651e-04   5.4136430e-01   5.6023222e-01   0.0000000e+00
   7.6277651e-04   5.4208999e-01   5.6095791e-01   0.0000000e+00
   7.6277651e-04   5.4281567e-01   5.6168360e-01   0.0000000e+00
   7.6277651e-04   5.4354136e-01   5.6240929e-01   0.0000000e+00
   7.6277651e-04   5.4426705e-01   5.6313498e-01   0.0000000e+00
   7.6277651e-04   5.4499274e-01   5.6386067e-01   0.0000000e+00
   7.6277651e-04   5.4571843e-01   5.6458636e-01   0.0000000e+00
   2.2883295e-03   5.4644412e-01   5.6531205e-01   0.0000000e+00
   9.7889652e-02   5.4716981e-01   5.6603774e-01   1.6666667e-01
   1.5331808e-01   5.0943396e-01   5.8490566e-01   1.6666667e-01
   2.0010170e-01   4.9056604e-01   6.0377358e-01   1.6666667e-01
   2.0798373e-01   4.9056604e-01   6.2264151e-01   1.6666667e-01
   2.0594966e-01   5.2830189e-01   6.4150943e-01   1.6666667e-01
   1.8942283e-01   6.0377358e-01   6.4150943e-01   1.6666667e-01
   1.3653699e-01   6.2264151e-01   6.6037736e-01   1.6666667e-01
   1.2840071e-01   4.1509434e-01   6.6037736e-01   3.3333333e-01
   1.3628274e-01   3.9622642e-01   6.6037736e-01   3.3333333e-01
   2.0264429e-01   3.9622642e-01   6.6037736e-01   3.3333333e-01
   2.5502161e-01   3.9622642e-01   4.7169811e-01   1.6666667e-01
   3.0053394e-01   3.9622642e-01   4.9056604e-01   1.6666667e-01
   4.1647597e-01   3.9622642e-01   5.4716981e-01   1.6666667e-01
   4.7978642e-01   4.1509434e-01   5.8490566e-01   1.6666667e-01
   5.0470379e-01   4.1509434e-01   6.0377358e-01   1.6666667e-01
   5.0699212e-01   4.1509434e-01   6.0377358e-01   1.6666667e-01
   4.9427918e-01   4.3396226e-01   6.0377358e-01   1.6666667e-01
   4.5766590e-01   4.3396226e-01   6.0377358e-01   1.6666667e-01
   4.3630816e-01   4.5283019e-01   6.0377358e-01   1.6666667e-01
   4.0401729e-01   4.5283019e-01   6.0377358e-01   1.6666667e-01
   3.4808035e-01   4.7169811e-01   6.2264151e-01   1.6666667e-01
   2.9468599e-01   4.9056604e-01   6.2264151e-01   1.6666667e-01
   2.3874905e-01   5.0943396e-01   6.2264151e-01   1.6666667e-01
   1.7340453e-01   5.4716981e-01   6.4150943e-01   1.6666667e-01
   1.2026443e-01   5.8490566e-01   6.4150943e-01   1.6666667e-01
   9.0770404e-02   6.0377358e-01   6.4150943e-01   1.6666667e-01
   7.8820239e-02   6.2264151e-01   6.4150943e-01   1.6666667e-01
   7.1955250e-02   6.2264151e-01   6.4150943e-01   1.6666667e-01
   5.9242309e-02   6.2264151e-01   6.4150943e-01   1.6666667e-01
   5.8479532e-02   6.2264151e-01   6.4150943e-01   1.6666667e-01
   6.6870074e-02   6.4150943e-01   6.4150943e-01   1.6666667e-01
   6.5598780e-02   6.4150943e-01   6.4150943e-01   1.6666667e-01
   7.5769133e-02   6.2264151e-01   6.4150943e-01   1.6666667e-01
   6.0767862e-02   6.0377358e-01   6.1792453e-01   0.0000000e+00
   4.4241037e-02   5.8490566e-01   5.9433962e-01   0.0000000e+00
   5.3140097e-02   5.6603774e-01   5.7075472e-01   0.0000000e+00
   5.1868802e-02   5.4716981e-01   5.4716981e-01   1.6666667e-01
   8.3396898e-02   5.2830189e-01   5.6603774e-01   1.6666667e-01
   8.1108569e-02   5.2830189e-01   5.6603774e-01   1.6666667e-01
   1.0094076e-01   5.0943396e-01   5.6603774e-01   1.6666667e-01
   1.0602593e-01   5.0943396e-01   5.6603774e-01   1.6666667e-01
   1.1721332e-01   4.9056604e-01   5.6603774e-01   1.6666667e-01
   1.1289092e-01   4.9056604e-01   5.4716981e-01   1.6666667e-01
   1.1517925e-01   4.9056604e-01   5.4716981e-01   1.6666667e-01
   1.1136537e-01   4.5283019e-01   5.0943396e-01   3.3333333e-01
   1.2204424e-01   4.5283019e-01   4.7169811e-01   1.6666667e-01
   1.5204678e-01   4.3396226e-01   5.2830189e-01   1.6666667e-01
   2.1306890e-01   4.3396226e-01   5.6603774e-01   1.6666667e-01
   2.8273583e-01   4.5283019e-01   5.8490566e-01   1.6666667e-01
   3.0053394e-01   4.5283019e-01   6.0377358e-01   1.6666667e-01
   3.1400966e-01   4.7169811e-01   6.2264151e-01   1.6666667e-01
   2.8095601e-01   4.9056604e-01   6.2264151e-01   1.6666667e-01
   2.4993644e-01   5.0943396e-01   6.4150943e-01   1.6666667e-01
   2.0442410e-01   5.2830189e-01   6.4150943e-01   1.6666667e-01
   1.4670735e-01   5.8490566e-01   6.4150943e-01   1.6666667e-01
   1.1365370e-01   6.0377358e-01   6.4150943e-01   1.6666667e-01
   9.0007628e-02   6.2264151e-01   6.6037736e-01   1.6666667e-01
   7.0683956e-02   6.2264151e-01   6.6037736e-01   1.6666667e-01
   6.8395627e-02   6.4150943e-01   6.6037736e-01   1.6666667e-01
   7.9074498e-02   6.4150943e-01   6.6037736e-01   1.6666667e-01
   7.9583016e-02   6.4150943e-01   6.6037736e-01   1.6666667e-01
   8.0854310e-02   6.4150943e-01   6.6037736e-01   1.6666667e-01
   8.0854310e-02   6.4150943e-01   6.6037736e-01   1.6666667e-01
   7.9328757e-02   6.4150943e-01   6.6037736e-01   1.6666667e-01
   7.3989321e-02   6.4150943e-01   6.6037736e-01   1.6666667e-01
   6.5598780e-02   6.4150943e-01   6.6037736e-01   1.6666667e-01
   4.6020849e-02   6.3134978e-01   6.4876633e-01   0.0000000e+00
   3.8647343e-02   6.2119013e-01   6.3715530e-01   0.0000000e+00
   2.3646072e-02   6.1103048e-01   6.2554427e-01   0.0000000e+00
   1.1950165e-02   6.0087083e-01   6.1393324e-01   0.0000000e+00
   5.0851767e-04   5.9071118e-01   6.0232221e-01   0.0000000e+00
   7.6277651e-04   5.8055152e-01   5.9071118e-01   0.0000000e+00
   7.6277651e-04   5.7039187e-01   5.7910015e-01   0.0000000e+00
   7.6277651e-04   5.6023222e-01   5.6748911e-01   0.0000000e+00
   7.6277651e-04   5.5007257e-01   5.5587808e-01   0.0000000e+00
   7.6277651e-04   5.3991292e-01   5.4426705e-01   0.0000000e+00
   7.6277651e-04   5.2975327e-01   5.3265602e-01   0.0000000e+00
   1.7798118e-03   5.1959361e-01   5.2104499e-01   0.0000000e+00
   6.5344521e-02   5.0943396e-01   5.0943396e-01   1.6666667e-01
   2.1306890e-01   4.7169811e-01   5.6603774e-01   1.6666667e-01
   3.5850496e-01   4.5283019e-01   6.0377358e-01   1.6666667e-01
   4.9758454e-01   4.3396226e-01   6.2264151e-01   1.6666667e-01
   5.7589626e-01   4.3396226e-01   6.2264151e-01   1.6666667e-01
   6.0259344e-01   4.3396226e-01   6.4150943e-01   1.6666667e-01
   5.8708365e-01   4.1509434e-01   6.4150943e-01   1.6666667e-01
   5.7004831e-01   4.1509434e-01   6.6037736e-01   1.6666667e-01
   5.5835240e-01   4.1509434e-01   6.6037736e-01   1.6666667e-01
   5.6394610e-01   4.1509434e-01   6.7924528e-01   1.6666667e-01
   5.7589626e-01   4.1509434e-01   6.7924528e-01   1.6666667e-01
   6.1861175e-01   4.1509434e-01   6.7924528e-01   1.6666667e-01
   6.7683702e-01   4.3396226e-01   6.7924528e-01   1.6666667e-01
   6.7785406e-01   4.3396226e-01   6.7924528e-01   1.6666667e-01
   6.3412154e-01   4.3396226e-01   6.9811321e-01   1.6666667e-01
   5.4182558e-01   4.5283019e-01   6.9811321e-01   1.6666667e-01
   4.3885075e-01   4.5283019e-01   6.7924528e-01   1.6666667e-01
   3.7020086e-01   4.7169811e-01   6.7924528e-01   1.6666667e-01
   2.7943046e-01   4.7169811e-01   6.4150943e-01   1.6666667e-01
   1.9450801e-01   4.9056604e-01   6.2264151e-01   1.6666667e-01
   1.0729723e-01   5.0943396e-01   5.0943396e-01   1.6666667e-01
   1.0933130e-02   5.0235849e-01   5.0235849e-01   0.0000000e+00
   5.0851767e-04   4.9528302e-01   4.9528302e-01   0.0000000e+00
   7.6277651e-04   4.8820755e-01   4.8820755e-01   0.0000000e+00
   7.6277651e-04   4.8113208e-01   4.8113208e-01   0.0000000e+00
   7.6277651e-04   4.7405660e-01   4.7405660e-01   0.0000000e+00
   1.2712942e-03   4.6698113e-01   4.6698113e-01   0.0000000e+00
   3.1019578e-02   4.5990566e-01   4.5990566e-01   0.0000000e+00
   5.3902873e-02   4.5283019e-01   4.5283019e-01   1.6666667e-01
   5.9750826e-02   4.5283019e-01   4.7169811e-01   1.6666667e-01
   1.7976100e-01   4.5283019e-01   4.7169811e-01   1.6666667e-01
   3.5952199e-01   2.0754717e-01   4.7169811e-01   3.3333333e-01
   5.0343249e-01   1.8867925e-01   3.7735849e-01   1.6666667e-01
   5.6572591e-01   1.8867925e-01   3.9622642e-01   1.6666667e-01
   6.2776506e-01   1.6981132e-01   3.9622642e-01   1.6666667e-01
   6.2090008e-01   5.6603774e-02   4.1509434e-01   3.3333333e-01
   6.1530638e-01   3.7735849e-02   4.1509434e-01   1.6666667e-01
   5.8555810e-01   0.0000000e+00   4.1509434e-01   5.0000000e-01
   5.1131452e-01   0.0000000e+00   4.1509434e-01   5.0000000e-01
   3.8418510e-01   0.0000000e+00   4.1509434e-01   5.0000000e-01
   2.6366641e-01   0.0000000e+00   3.9622642e-01   3.3333333e-01
   1.7569286e-01   0.0000000e+00   3.3962264e-01   3.3333333e-01
   1.5738622e-01   0.0000000e+00   2.8301887e-01   3.3333333e-01
   1.5865751e-01   0.0000000e+00   3.0188679e-01   3.3333333e-01
   1.6018307e-01   0.0000000e+00   3.0188679e-01   3.3333333e-01
   1.6959064e-01   0.0000000e+00   3.0188679e-01   3.3333333e-01
   2.0798373e-01   0.0000000e+00   3.0188679e-01   3.3333333e-01
   2.6849733e-01   0.0000000e+00   2.8301887e-01   3.3333333e-01
   2.9570303e-01   0.0000000e+00   2.4528302e-01   3.3333333e-01
   3.4350369e-01   0.0000000e+00   2.4528302e-01   3.3333333e-01
   3.5519959e-01   0.0000000e+00   2.4528302e-01   5.0000000e-01
   3.4070684e-01   0.0000000e+00   2.2641509e-01   1.6666667e-01
   3.0434783e-01   0.0000000e+00   2.0754717e-01   1.6666667e-01
   2.4281719e-01   1.8867925e-02   1.6981132e-01   1.6666667e-01
   1.4340198e-01   3.7735849e-02   7.5471698e-02   1.6666667e-01
   4.2969743e-02   7.3756432e-02   1.1663808e-01   0.0000000e+00
   7.6277651e-04   1.0977702e-01   1.5780446e-01   0.0000000e+00
   7.6277651e-04   1.4579760e-01   1.9897084e-01   0.0000000e+00
   7.6277651e-04   1.8181818e-01   2.4013722e-01   0.0000000e+00
   7.6277651e-04   2.1783877e-01   2.8130360e-01   0.0000000e+00
   7.6277651e-04   2.5385935e-01   3.2246998e-01   0.0000000e+00
   7.6277651e-04   2.8987993e-01   3.6363636e-01   0.0000000e+00
   7.6277651e-04   3.2590051e-01   4.0480274e-01   0.0000000e+00
   1.5255530e-03   3.6192110e-01   4.4596913e-01   0.0000000e+00
   4.2715484e-02   3.9794168e-01   4.8713551e-01   0.0000000e+00
   1.9755912e-01   4.3396226e-01   5.2830189e-01   1.6666667e-01
   3.5697941e-01   4.1509434e-01   5.6603774e-01   1.6666667e-01
   4.7800661e-01   3.9622642e-01   5.8490566e-01   1.6666667e-01
   5.4894483e-01   3.9622642e-01   6.0377358e-01   1.6666667e-01
   5.5886092e-01   3.9622642e-01   6.0377358e-01   1.6666667e-01
   5.0063565e-01   3.9622642e-01   6.2264151e-01   1.6666667e-01
   4.4266463e-01   4.1509434e-01   6.4150943e-01   1.6666667e-01
   3.8494788e-01   4.1509434e-01   6.4150943e-01   1.6666667e-01
   3.2646834e-01   4.3396226e-01   6.4150943e-01   1.6666667e-01
   2.5959827e-01   4.5283019e-01   6.4150943e-01   1.6666667e-01
   2.0010170e-01   6.0377358e-01   6.6037736e-01   1.6666667e-01
   9.8906687e-02   6.0377358e-01   6.6037736e-01   1.6666667e-01
   1.0221205e-01   6.2264151e-01   6.6037736e-01   1.6666667e-01
   1.0450038e-01   6.0377358e-01   6.6037736e-01   1.6666667e-01
   1.1619629e-01   6.0377358e-01   6.6037736e-01   1.6666667e-01
   1.2967201e-01   6.0377358e-01   6.6037736e-01   1.6666667e-01
   1.3068904e-01   5.8490566e-01   6.6037736e-01   1.6666667e-01
   1.3221459e-01   5.6603774e-01   6.4150943e-01   1.6666667e-01
   1.3679125e-01   5.6603774e-01   6.4150943e-01   1.6666667e-01
   1.3984236e-01   5.4716981e-01   6.2264151e-01   1.6666667e-01
   1.4263921e-01   5.4716981e-01   6.2264151e-01   1.6666667e-01
   1.4365624e-01   5.4716981e-01   6.0377358e-01   1.6666667e-01
   1.3831681e-01   5.2830189e-01   6.0377358e-01   1.6666667e-01
   1.3246885e-01   5.2830189e-01   6.0377358e-01   1.6666667e-01
   1.2687516e-01   5.2830189e-01   5.8490566e-01   1.6666667e-01
   1.1263666e-01   5.2830189e-01   5.8490566e-01   1.6666667e-01
   8.6193745e-02   5.2830189e-01   5.4716981e-01   1.6666667e-01
   5.9242309e-02   5.2830189e-01   5.2830189e-01   1.6666667e-01
   2.6697178e-02   5.3207547e-01   5.4150943e-01   0.0000000e+00
   2.5425884e-04   5.3584906e-01   5.5471698e-01   0.0000000e+00
   7.6277651e-04   5.3962264e-01   5.6792453e-01   0.0000000e+00
   7.6277651e-04   5.4339623e-01   5.8113208e-01   0.0000000e+00
   7.6277651e-04   5.4716981e-01   5.9433962e-01   0.0000000e+00
   7.6277651e-04   5.5094340e-01   6.0754717e-01   0.0000000e+00
   7.6277651e-04   5.5471698e-01   6.2075472e-01   0.0000000e+00
   7.6277651e-04   5.5849057e-01   6.3396226e-01   0.0000000e+00
   3.0511060e-03   5.6226415e-01   6.4716981e-01   0.0000000e+00
   1.5458937e-01   5.6603774e-01   6.6037736e-01   1.6666667e-01
   2.9672006e-01   5.4716981e-01   6.7924528e-01   1.6666667e-01
   4.2181541e-01   5.2830189e-01   6.7924528e-01   1.6666667e-01
   4.7495550e-01   5.0943396e-01   6.7924528e-01   1.6666667e-01
   4.7165014e-01   4.9056604e-01   6.9811321e-01   1.6666667e-01
   4.2893466e-01   5.0943396e-01   6.9811321e-01   1.6666667e-01
   3.6689550e-01   5.2830189e-01   6.9811321e-01   1.6666667e-01
   3.0714467e-01   5.4716981e-01   6.9811321e-01   1.6666667e-01
   2.3112128e-01   5.8490566e-01   6.9811321e-01   1.6666667e-01
   1.8281210e-01   6.0377358e-01   6.7924528e-01   1.6666667e-01
   1.5026697e-01   6.2264151e-01   6.7924528e-01   1.6666667e-01
   1.1034833e-01   6.4150943e-01   6.6037736e-01   1.6666667e-01
   8.0600051e-02   6.2264151e-01   6.4779874e-01   0.0000000e+00
   5.0851767e-02   6.0377358e-01   6.3522013e-01   0.0000000e+00
   3.6613272e-02   5.8490566e-01   6.2264151e-01   0.0000000e+00
   2.7205695e-02   5.6603774e-01   6.1006289e-01   0.0000000e+00
   4.8817696e-02   5.4716981e-01   5.9748428e-01   0.0000000e+00
   1.0348335e-01   5.2830189e-01   5.8490566e-01   1.6666667e-01
   1.5255530e-01   5.2830189e-01   6.0377358e-01   1.6666667e-01
   1.9018561e-01   5.2830189e-01   6.2264151e-01   1.6666667e-01
   2.0010170e-01   5.2830189e-01   6.2264151e-01   1.6666667e-01
   2.0010170e-01   5.4716981e-01   6.4150943e-01   1.6666667e-01
   1.9221968e-01   5.4716981e-01   6.6037736e-01   1.6666667e-01
   1.7264175e-01   5.6603774e-01   6.6037736e-01   1.6666667e-01
   1.5408085e-01   6.0377358e-01   6.7924528e-01   1.6666667e-01
   1.1187389e-01   6.2264151e-01   6.7924528e-01   1.6666667e-01
   9.5347063e-02   6.6037736e-01   6.7924528e-01   1.6666667e-01
   6.4073227e-02   6.6037736e-01   6.9811321e-01   1.6666667e-01
   5.9496568e-02   6.7924528e-01   6.9811321e-01   1.6666667e-01
   4.3478261e-02   6.7924528e-01   6.9811321e-01   1.6666667e-01
   5.4157132e-02   6.7924528e-01   6.9811321e-01   1.6666667e-01
   5.3902873e-02   6.7924528e-01   6.9811321e-01   1.6666667e-01
   5.1868802e-02   6.9811321e-01   6.9811321e-01   1.6666667e-01
   4.6783626e-02   6.9811321e-01   6.9811321e-01   1.6666667e-01
   4.0427155e-02   6.9116187e-01   6.9215492e-01   0.0000000e+00
   2.5171625e-02   6.8421053e-01   6.8619662e-01   0.0000000e+00
   1.2712942e-02   6.7725919e-01   6.8023833e-01   0.0000000e+00
   5.0851767e-04   6.7030785e-01   6.7428004e-01   0.0000000e+00
   7.6277651e-04   6.6335650e-01   6.6832175e-01   0.0000000e+00
   7.6277651e-04   6.5640516e-01   6.6236346e-01   0.0000000e+00
   7.6277651e-04   6.4945382e-01   6.5640516e-01   0.0000000e+00
   7.6277651e-04   6.4250248e-01   6.5044687e-01   0.0000000e+00
   7.6277651e-04   6.3555114e-01   6.4448858e-01   0.0000000e+00
   7.6277651e-04   6.2859980e-01   6.3853029e-01   0.0000000e+00
   7.6277651e-04   6.2164846e-01   6.3257200e-01   0.0000000e+00
   7.6277651e-04   6.1469712e-01   6.2661370e-01   0.0000000e+00
   7.6277651e-04   6.0774578e-01   6.2065541e-01   0.0000000e+00
   7.6277651e-04   6.0079444e-01   6.1469712e-01   0.0000000e+00
   7.6277651e-04   5.9384310e-01   6.0873883e-01   0.0000000e+00
   7.6277651e-04   5.8689176e-01   6.0278054e-01   0.0000000e+00
   7.6277651e-04   5.7994042e-01   5.9682224e-01   0.0000000e+00
   1.7798118e-03   5.7298908e-01   5.9086395e-01   0.0000000e+00
   7.4497839e-02   5.6603774e-01   5.8490566e-01   1.6666667e-01
   1.6552250e-01   5.4716981e-01   6.2264151e-01   1.6666667e-01
   2.5934401e-01   5.2830189e-01   6.4150943e-01   1.6666667e-01
   3.1884058e-01   5.0943396e-01   6.4150943e-01   1.6666667e-01
   3.5825070e-01   4.9056604e-01   6.6037736e-01   1.6666667e-01
   3.5494533e-01   4.9056604e-01   6.6037736e-01   1.6666667e-01
   3.5977625e-01   4.7169811e-01   6.7924528e-01   1.6666667e-01
   3.4045258e-01   4.7169811e-01   6.7924528e-01   1.6666667e-01
   2.9900839e-01   4.7169811e-01   6.7924528e-01   1.6666667e-01
   2.8426138e-01   4.7169811e-01   6.7924528e-01   3.3333333e-01
   2.1637427e-01   4.7169811e-01   6.9811321e-01   3.3333333e-01
   1.8789728e-01   4.7169811e-01   6.9811321e-01   3.3333333e-01
   1.4950420e-01   4.7169811e-01   6.9811321e-01   3.3333333e-01
   1.2611238e-01   4.7169811e-01   6.9811321e-01   3.3333333e-01
   1.1568777e-01   4.7169811e-01   5.0943396e-01   1.6666667e-01
   1.0602593e-01   4.9056604e-01   5.0943396e-01   1.6666667e-01
   9.0261887e-02   4.9056604e-01   5.0943396e-01   1.6666667e-01
   1.0195779e-01   5.0943396e-01   5.2830189e-01   1.6666667e-01
   1.0221205e-01   5.0943396e-01   5.2830189e-01   1.6666667e-01
   1.2611238e-01   5.2830189e-01   5.4716981e-01   1.6666667e-01
   1.4238495e-01   5.4716981e-01   5.6603774e-01   1.6666667e-01
   1.5586067e-01   5.4716981e-01   6.4150943e-01   3.3333333e-01
   1.6425121e-01   5.4716981e-01   6.4150943e-01   1.6666667e-01
   1.9069413e-01   5.2830189e-01   6.4150943e-01   1.6666667e-01
   2.2730740e-01   5.2830189e-01   6.4150943e-01   1.6666667e-01
   2.3544368e-01   5.2830189e-01   6.2264151e-01   1.6666667e-01
   2.4408848e-01   5.2830189e-01   6.2264151e-01   1.6666667e-01
   2.2196796e-01   5.2830189e-01   6.2264151e-01   1.6666667e-01
   2.1662853e-01   5.2830189e-01   6.2264151e-01   1.6666667e-01
   2.1383168e-01   5.4716981e-01   6.2264151e-01   1.6666667e-01
   1.8891431e-01   5.6603774e-01   6.4150943e-01   1.6666667e-01
   1.7238749e-01   5.6603774e-01   6.4150943e-01   1.6666667e-01
   1.6018307e-01   5.8490566e-01   6.6037736e-01   1.6666667e-01
   1.4594457e-01   6.0377358e-01   6.6037736e-01   1.6666667e-01
   1.1899314e-01   6.2264151e-01   6.7924528e-01   1.6666667e-01
   1.1314518e-01   6.4150943e-01   6.7924528e-01   1.6666667e-01
   1.1594203e-01   6.6037736e-01   6.9811321e-01   1.6666667e-01
   1.0526316e-01   6.6037736e-01   6.9811321e-01   1.6666667e-01
   1.2102721e-01   6.6037736e-01   7.1698113e-01   1.6666667e-01
   1.2916349e-01   6.7924528e-01   7.1698113e-01   1.6666667e-01
   1.3323163e-01   6.7924528e-01   7.1698113e-01   1.6666667e-01
   1.4823290e-01   6.7924528e-01   7.1698113e-01   1.6666667e-01
   1.5611492e-01   6.7924528e-01   7.3584906e-01   1.6666667e-01
   1.6653954e-01   6.6037736e-01   7.3584906e-01   1.6666667e-01
   1.8433766e-01   6.6037736e-01   7.3584906e-01   1.6666667e-01
   1.8993135e-01   6.6037736e-01   7.1698113e-01   1.6666667e-01
   1.9476227e-01   6.4150943e-01   7.1698113e-01   1.6666667e-01
   1.9603356e-01   6.4150943e-01   7.1698113e-01   1.6666667e-01
   2.0544114e-01   6.4150943e-01   7.1698113e-01   1.6666667e-01
   1.9323671e-01   6.2264151e-01   6.9811321e-01   1.6666667e-01
   2.0137300e-01   6.2264151e-01   6.9811321e-01   1.6666667e-01
   1.8586321e-01   6.2264151e-01   6.9811321e-01   1.6666667e-01
   1.9476227e-01   6.0377358e-01   6.9811321e-01   1.6666667e-01
   1.8993135e-01   5.8490566e-01   6.7924528e-01   1.6666667e-01
   1.5408085e-01   6.0377358e-01   6.6037736e-01   1.6666667e-01
   1.0094076e-01   6.2264151e-01   6.4150943e-01   1.6666667e-01
   6.0513603e-02   6.2264151e-01   6.4150943e-01   0.0000000e+00
